Gene	edge	fisher_test_edge_OR	fisher_test_edge_pvalue	SNP-path	XYs-edge	druggable
APOLD1	ENHA_ELK4;SIRT7	7.75864389093652	3.32379860224127e-48	False	((1.1666666666666667, -0.7857142857142858), array([-0.97431772, -0.26852941]))	False
APOLD1	ENHA_REL;EPM2AIP1	9.42986449881919	2.2578839208172997e-56	False	((1.1333333333333335, 0.3738916256157636), array([-0.85960372, -0.40840592]))	False
APOLD1	ENHA_REL;EPM2AIP1	9.42986449881919	2.2578839208172997e-56	False	((1.1333333333333335, 0.3738916256157636), array([-0.85960372, -0.40840592]))	False
APOLD1	ELF1;ENHA_REL	5.92075350562713	1.34510499066873e-34	False	(array([-0.84593553,  0.15623841]), (1.1333333333333335, 0.3738916256157636))	False
APOLD1	ELF1;ENHA_SP1	4.13658151098702	1.95392963424732e-19	False	(array([-0.84593553,  0.15623841]), (1.1666666666666667, 0.5798029556650248))	False
APOLD1	ELF1;ENHA_REL	5.92075350562713	1.34510499066873e-34	False	(array([-0.84593553,  0.15623841]), (1.1333333333333335, 0.3738916256157636))	False
APOLD1	ENHA_SIX1;EYA2	5.98139870703345	1.2042896719235399e-36	False	((1.1, 0.4931034482758623), array([-0.97349949,  0.21340756]))	False
APOLD1	ENHA_MGA;ZMYND8	5.81919576240176	5.45745761824862e-39	False	((1.1, -0.09211822660098523), array([-0.79147509, -0.59761447]))	False
APOLD1	ENHA_MGA;ZMYND8	5.81919576240176	5.45745761824862e-39	False	((1.1, -0.09211822660098523), array([-0.79147509, -0.59761447]))	False
APOLD1	ENHA_MGA;ZMYND8	5.81919576240176	5.45745761824862e-39	False	((1.1, -0.09211822660098523), array([-0.79147509, -0.59761447]))	False
APOLD1	ENHA_IRF7;MYD88	1.73570752385327	0.0336488882575131	False	((1.1666666666666667, -0.36305418719211824), array([-0.55477705,  0.6352469 ]))	False
APOLD1	ENHA_IRF7;MYD88	1.73570752385327	0.0336488882575131	False	((1.1666666666666667, -0.36305418719211824), array([-0.55477705,  0.6352469 ]))	False
APOLD1	ENHA_IRF7;MYD88	1.73570752385327	0.0336488882575131	False	((1.1666666666666667, -0.36305418719211824), array([-0.55477705,  0.6352469 ]))	False
APOLD1	ENHA_IRF5;MYD88	2.93701617628968	0.0009677540091095	False	((1.1333333333333335, -0.3738916256157635), array([-0.55477705,  0.6352469 ]))	False
APOLD1	ENHA_IRF1;MYD88	1.4819267392149	0.0591843980358822	False	((1.1333333333333335, -0.4064039408866995), array([-0.55477705,  0.6352469 ]))	False
APOLD1	ENHA_REL;POLR2L	9.36393357356666	8.9458982064843e-58	False	((1.1333333333333335, 0.3738916256157636), array([-0.71611619,  0.68740555]))	False
APOLD1	ENHA_THAP1;POLR2L	7.94979709168517	4.8796958125575895e-55	False	((1.1666666666666667, 0.8399014778325125), array([-0.71611619,  0.68740555]))	False
APOLD1	ENHA_REL;POLR2L	9.36393357356666	8.9458982064843e-58	False	((1.1333333333333335, 0.3738916256157636), array([-0.71611619,  0.68740555]))	False
APOLD1	ENHA_THAP1;POLR2L	7.94979709168517	4.8796958125575895e-55	False	((1.1666666666666667, 0.8399014778325125), array([-0.71611619,  0.68740555]))	False
APOLD1	ENHA_THAP1;POLR2L	7.94979709168517	4.8796958125575895e-55	False	((1.1666666666666667, 0.8399014778325125), array([-0.71611619,  0.68740555]))	False
APOLD1	ENHA_THAP1;POLR2L	7.94979709168517	4.8796958125575895e-55	False	((1.1666666666666667, 0.8399014778325125), array([-0.71611619,  0.68740555]))	False
APOLD1	CCNA2;ENHA_TP73	10.5826473143694	1.54551722375511e-71	False	(array([ 0.97890237, -0.02252194]), (1.1, 0.8832512315270937))	False
APOLD1	CCNA2;ENHA_SP1	6.64954501636327	3.5355370016557504e-45	False	(array([ 0.97890237, -0.02252194]), (1.1666666666666667, 0.5798029556650248))	False
APOLD1	CCNA2;ENHA_TP73	10.5826473143694	1.54551722375511e-71	False	(array([ 0.97890237, -0.02252194]), (1.1, 0.8832512315270937))	False
APOLD1	CCNA2;ENHA_SP1	6.64954501636327	3.5355370016557504e-45	False	(array([ 0.97890237, -0.02252194]), (1.1666666666666667, 0.5798029556650248))	False
APOLD1	CCNA2;ENHA_TP73	10.5826473143694	1.54551722375511e-71	False	(array([ 0.97890237, -0.02252194]), (1.1, 0.8832512315270937))	False
APOLD1	ENHA_HMBOX1;MFAP1	7.12005665899314	8.77215823549567e-26	False	((1.1333333333333335, -0.5039408866995074), array([-0.9283823 ,  0.39195743]))	False
APOLD1	ENHA_HMBOX1;SNRPB2	7.12005665899314	8.77215823549567e-26	False	((1.1333333333333335, -0.5039408866995074), array([0.94384449, 0.3483856 ]))	False
APOLD1	BYSL;ENHA_THAP1	7.67146410467738	1.05368448298469e-52	False	(array([-0.52954596,  0.78540314]), (1.1666666666666667, 0.8399014778325125))	False
APOLD1	BYSL;ENHA_THAP1	7.67146410467738	1.05368448298469e-52	False	(array([-0.52954596,  0.78540314]), (1.1666666666666667, 0.8399014778325125))	False
APOLD1	BYSL;ENHA_THAP1	7.67146410467738	1.05368448298469e-52	False	(array([-0.52954596,  0.78540314]), (1.1666666666666667, 0.8399014778325125))	False
APOLD1	BYSL;ENHA_THAP1	7.67146410467738	1.05368448298469e-52	False	(array([-0.52954596,  0.78540314]), (1.1666666666666667, 0.8399014778325125))	False
APOLD1	BYSL;ENHA_HMBOX1	6.84011904883319	9.94240651466821e-26	False	(array([-0.52954596,  0.78540314]), (1.1333333333333335, -0.5039408866995074))	False
APOLD1	ENHA_HMBOX1;ZMAT2	7.12005665899314	8.77215823549567e-26	False	((1.1333333333333335, -0.5039408866995074), array([-0.96209607, -0.03142677]))	False
APOLD1	DYNLL2;ENHA_HMBOX1	6.48743977059164	9.91509216408534e-25	False	(array([ 0.93166575, -0.29553342]), (1.1333333333333335, -0.5039408866995074))	False
APOLD1	ENHA_HMBOX1;ZBTB24	7.44155774654107	5.89733499985392e-33	False	((1.1333333333333335, -0.5039408866995074), array([-0.34879995, -0.90518699]))	False
APOLD1	DROSHA;ENHA_BCL6	9.50757153430753	4.5241036602907495e-62	False	(array([-0.96604096,  0.2607833 ]), (1.1666666666666667, -1.0133004926108375))	False
APOLD1	DROSHA;ENHA_BCL6	9.50757153430753	4.5241036602907495e-62	False	(array([-0.96604096,  0.2607833 ]), (1.1666666666666667, -1.0133004926108375))	False
APOLD1	EAF1;ENHA_TFCP2	9.71442387509309	1.0358812255539101e-39	False	(array([-0.0840053 , -0.98155107]), (1.1333333333333335, 0.7965517241379312))	False
APOLD1	ENHA_TFCP2;FANCL	6.29444810043213	5.82628666160743e-12	False	((1.1333333333333335, 0.7965517241379312), array([0.59551374, 0.59049947]))	False
APOLD1	ENHA_THAP1;PPIG	8.64180777434928	4.3611340148253004e-61	False	((1.1666666666666667, 0.8399014778325125), array([-0.92823149, -0.27409433]))	False
APOLD1	ENHA_THAP1;PPIG	8.64180777434928	4.3611340148253004e-61	False	((1.1666666666666667, 0.8399014778325125), array([-0.92823149, -0.27409433]))	False
APOLD1	ENHA_SP1;PPIG	6.67790865300097	9.37498130023489e-49	False	((1.1666666666666667, 0.5798029556650248), array([-0.92823149, -0.27409433]))	False
APOLD1	ENHA_THAP1;PPIG	8.64180777434928	4.3611340148253004e-61	False	((1.1666666666666667, 0.8399014778325125), array([-0.92823149, -0.27409433]))	False
APOLD1	ENHA_THAP1;PPIG	8.64180777434928	4.3611340148253004e-61	False	((1.1666666666666667, 0.8399014778325125), array([-0.92823149, -0.27409433]))	False
APOLD1	ENHA_SP1;PPIG	6.67790865300097	9.37498130023489e-49	False	((1.1666666666666667, 0.5798029556650248), array([-0.92823149, -0.27409433]))	False
APOLD1	ENHA_TFCP2;PPIG	6.97768134561939	4.7991425916868e-38	False	((1.1333333333333335, 0.7965517241379312), array([-0.92823149, -0.27409433]))	False
APOLD1	ATP5O;ENHA_ATF2	10.6794118314197	1.8188565219886198e-69	False	(array([ 0.81508197, -0.34725389]), (1.1666666666666667, -1.0783251231527093))	False
APOLD1	ATP5O;ENHA_ATF2	10.6794118314197	1.8188565219886198e-69	False	(array([ 0.81508197, -0.34725389]), (1.1666666666666667, -1.0783251231527093))	False
APOLD1	ATP5O;ENHA_ATF2	10.6794118314197	1.8188565219886198e-69	False	(array([ 0.81508197, -0.34725389]), (1.1666666666666667, -1.0783251231527093))	False
APOLD1	ATP5O;ENHA_ATF2	10.6794118314197	1.8188565219886198e-69	False	(array([ 0.81508197, -0.34725389]), (1.1666666666666667, -1.0783251231527093))	False
APOLD1	ATP5O;ENHA_HMBOX1	6.58256874373801	2.48289817106018e-25	False	(array([ 0.81508197, -0.34725389]), (1.1333333333333335, -0.5039408866995074))	False
APOLD1	ATP5O;ENHA_ATF2	10.6794118314197	1.8188565219886198e-69	False	(array([ 0.81508197, -0.34725389]), (1.1666666666666667, -1.0783251231527093))	False
APOLD1	ENHA_ATF2;TPI1	12.2607713741905	2.10760321587457e-79	False	((1.1666666666666667, -1.0783251231527093), array([0.79181574, 0.36089115]))	False
APOLD1	ENHA_SP1;TPI1	5.0108844970514	1.48097924465621e-32	False	((1.1666666666666667, 0.5798029556650248), array([0.79181574, 0.36089115]))	False
APOLD1	ENHA_ATF2;TPI1	12.2607713741905	2.10760321587457e-79	False	((1.1666666666666667, -1.0783251231527093), array([0.79181574, 0.36089115]))	False
APOLD1	ENHA_ATF2;TPI1	12.2607713741905	2.10760321587457e-79	False	((1.1666666666666667, -1.0783251231527093), array([0.79181574, 0.36089115]))	False
APOLD1	ENHA_SP1;TPI1	5.0108844970514	1.48097924465621e-32	False	((1.1666666666666667, 0.5798029556650248), array([0.79181574, 0.36089115]))	False
APOLD1	ENHA_ATF2;TPI1	12.2607713741905	2.10760321587457e-79	False	((1.1666666666666667, -1.0783251231527093), array([0.79181574, 0.36089115]))	False
APOLD1	ENHA_SP1;TPI1	5.0108844970514	1.48097924465621e-32	False	((1.1666666666666667, 0.5798029556650248), array([0.79181574, 0.36089115]))	False
APOLD1	ENHA_ATF2;TPI1	12.2607713741905	2.10760321587457e-79	False	((1.1666666666666667, -1.0783251231527093), array([0.79181574, 0.36089115]))	False
APOLD1	CDKN2A;ENHA_YY1	11.4991955769511	2.5821726479705802e-73	False	(array([0.97120119, 0.08695056]), (1.1666666666666667, 0.9374384236453204))	False
APOLD1	CDKN2A;ENHA_YY1	11.4991955769511	2.5821726479705802e-73	False	(array([0.97120119, 0.08695056]), (1.1666666666666667, 0.9374384236453204))	False
APOLD1	CDKN2A;ENHA_YY1	11.4991955769511	2.5821726479705802e-73	False	(array([0.97120119, 0.08695056]), (1.1666666666666667, 0.9374384236453204))	False
APOLD1	CDKN2A;ENHA_EGR1	5.4779526923788	8.276593584853e-34	False	(array([0.97120119, 0.08695056]), (1.1, -0.8399014778325123))	False
APOLD1	CDKN2A;ENHA_YY1	11.4991955769511	2.5821726479705802e-73	False	(array([0.97120119, 0.08695056]), (1.1666666666666667, 0.9374384236453204))	False
APOLD1	ENHA_ATF2;JUNB	12.9894442469093	1.95817851723417e-83	False	((1.1666666666666667, -1.0783251231527093), array([-0.03630521, -0.5280755 ]))	False
APOLD1	ENHA_JUN;JUNB	8.71341170029487	1.83112995895047e-59	False	((1.1666666666666667, -0.33054187192118223), array([-0.03630521, -0.5280755 ]))	False
APOLD1	ENHA_HOXA7;JUNB	5.90015749575859	9.34288226554037e-22	False	((1.1, -0.4822660098522168), array([-0.03630521, -0.5280755 ]))	False
APOLD1	ENHA_ATF2;JUNB	12.9894442469093	1.95817851723417e-83	False	((1.1666666666666667, -1.0783251231527093), array([-0.03630521, -0.5280755 ]))	False
APOLD1	ENHA_JUN;JUNB	8.71341170029487	1.83112995895047e-59	False	((1.1666666666666667, -0.33054187192118223), array([-0.03630521, -0.5280755 ]))	False
APOLD1	ENHA_ATF4;JUNB	9.55643650436084	1.84992072942065e-66	False	((1.1333333333333335, -1.0566502463054188), array([-0.03630521, -0.5280755 ]))	False
APOLD1	ENHA_EGR1;JUNB	6.67400530853603	1.6776067945986898e-48	False	((1.1, -0.8399014778325123), array([-0.03630521, -0.5280755 ]))	False
APOLD1	ENHA_ATF2;JUNB	12.9894442469093	1.95817851723417e-83	False	((1.1666666666666667, -1.0783251231527093), array([-0.03630521, -0.5280755 ]))	False
APOLD1	ENHA_ATF4;JUNB	9.55643650436084	1.84992072942065e-66	False	((1.1333333333333335, -1.0566502463054188), array([-0.03630521, -0.5280755 ]))	False
APOLD1	ENHA_ATF4;JUNB	9.55643650436084	1.84992072942065e-66	False	((1.1333333333333335, -1.0566502463054188), array([-0.03630521, -0.5280755 ]))	False
APOLD1	ENHA_ATF4;JUNB	9.55643650436084	1.84992072942065e-66	False	((1.1333333333333335, -1.0566502463054188), array([-0.03630521, -0.5280755 ]))	False
APOLD1	ENHA_HOXA7;JUNB	5.90015749575859	9.34288226554037e-22	False	((1.1, -0.4822660098522168), array([-0.03630521, -0.5280755 ]))	False
APOLD1	ENHA_ATF4;JUNB	9.55643650436084	1.84992072942065e-66	False	((1.1333333333333335, -1.0566502463054188), array([-0.03630521, -0.5280755 ]))	False
APOLD1	ENHA_EGR1;JUNB	6.67400530853603	1.6776067945986898e-48	False	((1.1, -0.8399014778325123), array([-0.03630521, -0.5280755 ]))	False
APOLD1	ENHA_ATF7;JUNB	8.39805164221867	2.12058344857866e-38	False	((1.1666666666666667, -1.0458128078817734), array([-0.03630521, -0.5280755 ]))	False
APOLD1	ENHA_ATF3;JUNB	7.39111358256092	2.07141816192957e-43	False	((1.1, -1.0674876847290642), array([-0.03630521, -0.5280755 ]))	False
APOLD1	ENHA_ATF2;JUNB	12.9894442469093	1.95817851723417e-83	False	((1.1666666666666667, -1.0783251231527093), array([-0.03630521, -0.5280755 ]))	False
APOLD1	ENHA_JUN;JUNB	8.71341170029487	1.83112995895047e-59	False	((1.1666666666666667, -0.33054187192118223), array([-0.03630521, -0.5280755 ]))	False
APOLD1	ENHA_ATF2;FOSL2	11.9286008162079	2.08233404528638e-78	False	((1.1666666666666667, -1.0783251231527093), array([-0.04759435,  0.97816171]))	False
APOLD1	ENHA_JUN;FOSL2	9.41441051065937	2.4003304623338902e-63	False	((1.1666666666666667, -0.33054187192118223), array([-0.04759435,  0.97816171]))	False
APOLD1	ENHA_ATF2;FOSL2	11.9286008162079	2.08233404528638e-78	False	((1.1666666666666667, -1.0783251231527093), array([-0.04759435,  0.97816171]))	False
APOLD1	ENHA_JUN;FOSL2	9.41441051065937	2.4003304623338902e-63	False	((1.1666666666666667, -0.33054187192118223), array([-0.04759435,  0.97816171]))	False
APOLD1	ENHA_EGR1;FOSL2	5.20479145945416	2.47302023067077e-30	False	((1.1, -0.8399014778325123), array([-0.04759435,  0.97816171]))	False
APOLD1	ENHA_ATF2;FOSL2	11.9286008162079	2.08233404528638e-78	False	((1.1666666666666667, -1.0783251231527093), array([-0.04759435,  0.97816171]))	False
APOLD1	ENHA_EGR1;FOSL2	5.20479145945416	2.47302023067077e-30	False	((1.1, -0.8399014778325123), array([-0.04759435,  0.97816171]))	False
APOLD1	ENHA_ATF7;FOSL2	8.2941546728372	1.24719559024913e-36	False	((1.1666666666666667, -1.0458128078817734), array([-0.04759435,  0.97816171]))	False
APOLD1	ENHA_ATF2;FOSL2	11.9286008162079	2.08233404528638e-78	False	((1.1666666666666667, -1.0783251231527093), array([-0.04759435,  0.97816171]))	False
APOLD1	ENHA_JUN;FOSL2	9.41441051065937	2.4003304623338902e-63	False	((1.1666666666666667, -0.33054187192118223), array([-0.04759435,  0.97816171]))	False
APOLD1	CEBPG;ENHA_ATF2	14.1873707843699	2.1491976410794e-88	False	(array([0.40488892, 0.74982624]), (1.1666666666666667, -1.0783251231527093))	False
APOLD1	CEBPG;ENHA_ATF2	14.1873707843699	2.1491976410794e-88	False	(array([0.40488892, 0.74982624]), (1.1666666666666667, -1.0783251231527093))	False
APOLD1	CEBPG;ENHA_KLF5	6.90881368577564	5.49052844217668e-45	False	(array([0.40488892, 0.74982624]), (1.1, -0.22216748768472905))	False
APOLD1	CEBPG;ENHA_ATF2	14.1873707843699	2.1491976410794e-88	False	(array([0.40488892, 0.74982624]), (1.1666666666666667, -1.0783251231527093))	False
APOLD1	CEBPG;ENHA_ATF4	10.6058908941871	1.51834244496195e-71	False	(array([0.40488892, 0.74982624]), (1.1333333333333335, -1.0566502463054188))	False
APOLD1	CEBPG;ENHA_KLF5	6.90881368577564	5.49052844217668e-45	False	(array([0.40488892, 0.74982624]), (1.1, -0.22216748768472905))	False
APOLD1	CEBPG;ENHA_ATF2	14.1873707843699	2.1491976410794e-88	False	(array([0.40488892, 0.74982624]), (1.1666666666666667, -1.0783251231527093))	False
APOLD1	CEBPG;ENHA_ATF4	10.6058908941871	1.51834244496195e-71	False	(array([0.40488892, 0.74982624]), (1.1333333333333335, -1.0566502463054188))	False
APOLD1	CEBPG;ENHA_ATF4	10.6058908941871	1.51834244496195e-71	False	(array([0.40488892, 0.74982624]), (1.1333333333333335, -1.0566502463054188))	False
APOLD1	CEBPG;ENHA_ATF4	10.6058908941871	1.51834244496195e-71	False	(array([0.40488892, 0.74982624]), (1.1333333333333335, -1.0566502463054188))	False
APOLD1	CEBPG;ENHA_ATF4	10.6058908941871	1.51834244496195e-71	False	(array([0.40488892, 0.74982624]), (1.1333333333333335, -1.0566502463054188))	False
APOLD1	CEBPG;ENHA_KLF5	6.90881368577564	5.49052844217668e-45	False	(array([0.40488892, 0.74982624]), (1.1, -0.22216748768472905))	False
APOLD1	CEBPG;ENHA_ATF3	9.69261143508011	1.23909729387343e-53	False	(array([0.40488892, 0.74982624]), (1.1, -1.0674876847290642))	False
APOLD1	CEBPG;ENHA_ATF2	14.1873707843699	2.1491976410794e-88	False	(array([0.40488892, 0.74982624]), (1.1666666666666667, -1.0783251231527093))	False
APOLD1	ENHA_YY1;SMURF2	11.2242172776852	1.77104501593701e-74	False	((1.1666666666666667, 0.9374384236453204), array([-0.46447907,  0.6920232 ]))	False
APOLD1	ENHA_YY1;SMURF2	11.2242172776852	1.77104501593701e-74	False	((1.1666666666666667, 0.9374384236453204), array([-0.46447907,  0.6920232 ]))	False
APOLD1	ENHA_YY1;SMURF2	11.2242172776852	1.77104501593701e-74	False	((1.1666666666666667, 0.9374384236453204), array([-0.46447907,  0.6920232 ]))	False
APOLD1	ENHA_KLF5;SMURF2	5.04448156337688	2.43392891030708e-30	False	((1.1, -0.22216748768472905), array([-0.46447907,  0.6920232 ]))	False
APOLD1	ENHA_YY1;SMURF2	11.2242172776852	1.77104501593701e-74	False	((1.1666666666666667, 0.9374384236453204), array([-0.46447907,  0.6920232 ]))	False
APOLD1	CDKN1B;ENHA_THAP1	5.16552758365709	1.7284316203091702e-24	False	(array([-0.36081501, -0.85649003]), (1.1666666666666667, 0.8399014778325125))	False
APOLD1	CDKN1B;ENHA_THAP1	5.16552758365709	1.7284316203091702e-24	False	(array([-0.36081501, -0.85649003]), (1.1666666666666667, 0.8399014778325125))	False
APOLD1	CDKN1B;ENHA_IRF1	3.25691957364451	2.22576917946455e-18	False	(array([-0.36081501, -0.85649003]), (1.1333333333333335, -0.4064039408866995))	False
APOLD1	CDKN1B;ENHA_IRF1	3.25691957364451	2.22576917946455e-18	False	(array([-0.36081501, -0.85649003]), (1.1333333333333335, -0.4064039408866995))	False
APOLD1	CDKN1B;ENHA_MYC	4.77716721172022	2.51482849636828e-19	False	(array([-0.36081501, -0.85649003]), (1.1666666666666667, -0.005418719211822687))	False
APOLD1	CDKN1B;ENHA_THAP1	5.16552758365709	1.7284316203091702e-24	False	(array([-0.36081501, -0.85649003]), (1.1666666666666667, 0.8399014778325125))	False
APOLD1	CDKN1B;ENHA_IRF1	3.25691957364451	2.22576917946455e-18	False	(array([-0.36081501, -0.85649003]), (1.1333333333333335, -0.4064039408866995))	False
APOLD1	CDKN1B;ENHA_IRF1	3.25691957364451	2.22576917946455e-18	False	(array([-0.36081501, -0.85649003]), (1.1333333333333335, -0.4064039408866995))	False
APOLD1	CDKN1B;ENHA_MYC	4.77716721172022	2.51482849636828e-19	False	(array([-0.36081501, -0.85649003]), (1.1666666666666667, -0.005418719211822687))	False
APOLD1	CDKN1B;ENHA_THAP1	5.16552758365709	1.7284316203091702e-24	False	(array([-0.36081501, -0.85649003]), (1.1666666666666667, 0.8399014778325125))	False
APOLD1	CDKN1B;ENHA_IRF1	3.25691957364451	2.22576917946455e-18	False	(array([-0.36081501, -0.85649003]), (1.1333333333333335, -0.4064039408866995))	False
APOLD1	CDKN1B;ENHA_MYC	4.77716721172022	2.51482849636828e-19	False	(array([-0.36081501, -0.85649003]), (1.1666666666666667, -0.005418719211822687))	False
APOLD1	CDKN1B;ENHA_IRF1	3.25691957364451	2.22576917946455e-18	False	(array([-0.36081501, -0.85649003]), (1.1333333333333335, -0.4064039408866995))	False
APOLD1	CDKN1B;ENHA_MYC	4.77716721172022	2.51482849636828e-19	False	(array([-0.36081501, -0.85649003]), (1.1666666666666667, -0.005418719211822687))	False
APOLD1	ENHA_BHLHE40;STK19	6.75910096321101	5.9952493544915694e-40	False	((1.1, -1.0024630541871922), array([-0.86851465, -0.19007096]))	False
APOLD1	ENHA_BHLHE40;STK19	6.75910096321101	5.9952493544915694e-40	False	((1.1, -1.0024630541871922), array([-0.86851465, -0.19007096]))	False
APOLD1	ENHA_BHLHE40;STK19	6.75910096321101	5.9952493544915694e-40	False	((1.1, -1.0024630541871922), array([-0.86851465, -0.19007096]))	False
APOLD1	ENHA_BHLHE40;STK19	6.75910096321101	5.9952493544915694e-40	False	((1.1, -1.0024630541871922), array([-0.86851465, -0.19007096]))	False
APOLD1	ENHA_BHLHE40;STK19	6.75910096321101	5.9952493544915694e-40	False	((1.1, -1.0024630541871922), array([-0.86851465, -0.19007096]))	False
APOLD1	ENHA_HIF1A;NAA10	8.64355335255811	9.407281774268299e-43	False	((1.1, -0.5147783251231527), array([0.94628273, 0.205257  ]))	False
APOLD1	ENHA_HIF1A;NAA10	8.64355335255811	9.407281774268299e-43	False	((1.1, -0.5147783251231527), array([0.94628273, 0.205257  ]))	False
APOLD1	ENHA_HIF1A;NAA10	8.64355335255811	9.407281774268299e-43	False	((1.1, -0.5147783251231527), array([0.94628273, 0.205257  ]))	False
APOLD1	ENHA_HIF1A;MCM7	7.36907424227838	1.43025585614406e-43	False	((1.1, -0.5147783251231527), array([-0.83371331,  0.6233516 ]))	False
APOLD1	ENHA_MYC;MCM7	9.38565297493006	1.75198891824288e-65	False	((1.1666666666666667, -0.005418719211822687), array([-0.83371331,  0.6233516 ]))	False
APOLD1	ENHA_SP2;MCM7	6.25225090121505	1.70225811618166e-45	False	((1.1, 0.59064039408867), array([-0.83371331,  0.6233516 ]))	False
APOLD1	ENHA_HIF1A;MCM7	7.36907424227838	1.43025585614406e-43	False	((1.1, -0.5147783251231527), array([-0.83371331,  0.6233516 ]))	False
APOLD1	ENHA_MYC;MCM7	9.38565297493006	1.75198891824288e-65	False	((1.1666666666666667, -0.005418719211822687), array([-0.83371331,  0.6233516 ]))	False
APOLD1	ENHA_MYC;MCM7	9.38565297493006	1.75198891824288e-65	False	((1.1666666666666667, -0.005418719211822687), array([-0.83371331,  0.6233516 ]))	False
APOLD1	ENHA_HIF1A;MCM7	7.36907424227838	1.43025585614406e-43	False	((1.1, -0.5147783251231527), array([-0.83371331,  0.6233516 ]))	False
APOLD1	ENHA_MYC;MCM7	9.38565297493006	1.75198891824288e-65	False	((1.1666666666666667, -0.005418719211822687), array([-0.83371331,  0.6233516 ]))	False
APOLD1	ENHA_MYC;PSMD2	9.81859522666542	9.23107446469914e-68	False	((1.1666666666666667, -0.005418719211822687), array([-0.6704612 , -0.73988441]))	False
APOLD1	ENHA_MYC;PSMD2	9.81859522666542	9.23107446469914e-68	False	((1.1666666666666667, -0.005418719211822687), array([-0.6704612 , -0.73988441]))	False
APOLD1	ENHA_MYC;PSMD2	9.81859522666542	9.23107446469914e-68	False	((1.1666666666666667, -0.005418719211822687), array([-0.6704612 , -0.73988441]))	False
APOLD1	ENHA_MYC;PSMD2	9.81859522666542	9.23107446469914e-68	False	((1.1666666666666667, -0.005418719211822687), array([-0.6704612 , -0.73988441]))	False
APOLD1	ENHA_NFATC2;PRKCZ	8.57868994458619	1.94086143422894e-32	False	((1.1, 0.005418719211822687), array([-0.8614226 ,  0.50005445]))	False
APOLD1	ENHA_NFATC2;PRKCZ	8.57868994458619	1.94086143422894e-32	False	((1.1, 0.005418719211822687), array([-0.8614226 ,  0.50005445]))	False
APOLD1	ENHA_SP1;PRKCZ	8.71316143230693	7.85262292701823e-18	False	((1.1666666666666667, 0.5798029556650248), array([-0.8614226 ,  0.50005445]))	False
APOLD1	ATF7IP;ENHA_CREB1	24.9493467564086	3.40891348616217e-88	False	(array([0.42592143, 0.88994198]), (1.1, -0.9374384236453203))	False
APOLD1	ATF7IP;ENHA_SP1	6.52925376469624	7.038225473037001e-46	False	(array([0.42592143, 0.88994198]), (1.1666666666666667, 0.5798029556650248))	False
APOLD1	ATF7IP;ENHA_CREB1	24.9493467564086	3.40891348616217e-88	False	(array([0.42592143, 0.88994198]), (1.1, -0.9374384236453203))	False
APOLD1	ATF7IP;ENHA_CREB1	24.9493467564086	3.40891348616217e-88	False	(array([0.42592143, 0.88994198]), (1.1, -0.9374384236453203))	False
APOLD1	ENHA_BCL6;YY1	8.49834852686021	3.99700698361852e-54	False	((1.1666666666666667, -1.0133004926108375), array([-0.6462024 , -0.82151425]))	False
APOLD1	ENHA_ATF2;YY1	8.86064505039971	1.27758094572909e-62	False	((1.1666666666666667, -1.0783251231527093), array([-0.6462024 , -0.82151425]))	False
APOLD1	ENHA_TFAP2A;YY1	7.92345821957795	6.24501982116934e-55	False	((1.1333333333333335, 0.7640394088669953), array([-0.6462024 , -0.82151425]))	False
APOLD1	ENHA_ATF2;YY1	8.86064505039971	1.27758094572909e-62	False	((1.1666666666666667, -1.0783251231527093), array([-0.6462024 , -0.82151425]))	False
APOLD1	ENHA_SP1;YY1	7.45203857517826	3.8458919221528804e-47	False	((1.1666666666666667, 0.5798029556650248), array([-0.6462024 , -0.82151425]))	False
APOLD1	ENHA_ATF2;YY1	8.86064505039971	1.27758094572909e-62	False	((1.1666666666666667, -1.0783251231527093), array([-0.6462024 , -0.82151425]))	False
APOLD1	ENHA_SP1;YY1	7.45203857517826	3.8458919221528804e-47	False	((1.1666666666666667, 0.5798029556650248), array([-0.6462024 , -0.82151425]))	False
APOLD1	ENHA_NFE2L2;YY1	6.9964821885293	5.97096037401644e-51	False	((1.1666666666666667, 0.027093596059113434), array([-0.6462024 , -0.82151425]))	False
APOLD1	ENHA_BCL6;YY1	8.49834852686021	3.99700698361852e-54	False	((1.1666666666666667, -1.0133004926108375), array([-0.6462024 , -0.82151425]))	False
APOLD1	ENHA_TFCP2;YY1	5.75784222177613	2.83867253858766e-28	False	((1.1333333333333335, 0.7965517241379312), array([-0.6462024 , -0.82151425]))	False
APOLD1	ENHA_NFE2L2;YY1	6.9964821885293	5.97096037401644e-51	False	((1.1666666666666667, 0.027093596059113434), array([-0.6462024 , -0.82151425]))	False
APOLD1	ENHA_TFAP2A;YY1	7.92345821957795	6.24501982116934e-55	False	((1.1333333333333335, 0.7640394088669953), array([-0.6462024 , -0.82151425]))	False
APOLD1	ENHA_CREB1;YY1	12.2125208755236	2.5239209281266997e-71	False	((1.1, -0.9374384236453203), array([-0.6462024 , -0.82151425]))	False
APOLD1	ENHA_TEAD2;INTS3	9.48265965850263	2.45871837334485e-63	False	((1.1666666666666667, 0.7423645320197045), array([-0.87214783, -0.44712073]))	False
APOLD1	ENHA_TEAD2;INTS3	9.48265965850263	2.45871837334485e-63	False	((1.1666666666666667, 0.7423645320197045), array([-0.87214783, -0.44712073]))	False
APOLD1	ENHA_TEAD2;INTS3	9.48265965850263	2.45871837334485e-63	False	((1.1666666666666667, 0.7423645320197045), array([-0.87214783, -0.44712073]))	False
APOLD1	ENHA_TEAD2;INTS3	9.48265965850263	2.45871837334485e-63	False	((1.1666666666666667, 0.7423645320197045), array([-0.87214783, -0.44712073]))	False
APOLD1	ENHA_SREBF1;MED6	12.5840321903278	1.77166428422255e-76	False	((1.1333333333333335, 0.6339901477832512), array([ 0.08326682, -0.9932578 ]))	False
APOLD1	ENHA_SREBF1;MED6	12.5840321903278	1.77166428422255e-76	False	((1.1333333333333335, 0.6339901477832512), array([ 0.08326682, -0.9932578 ]))	False
APOLD1	ENHA_SREBF1;MED6	12.5840321903278	1.77166428422255e-76	False	((1.1333333333333335, 0.6339901477832512), array([ 0.08326682, -0.9932578 ]))	False
APOLD1	ENHA_SREBF1;MED6	12.5840321903278	1.77166428422255e-76	False	((1.1333333333333335, 0.6339901477832512), array([ 0.08326682, -0.9932578 ]))	False
APOLD1	ENHA_SREBF1;MED6	12.5840321903278	1.77166428422255e-76	False	((1.1333333333333335, 0.6339901477832512), array([ 0.08326682, -0.9932578 ]))	False
APOLD1	AGTRAP;ENHA_PBX3	2.91540788702019	1.6362584269764701e-09	False	(array([ 0.72764872, -0.63616234]), (1.1, 0.2655172413793103))	False
APOLD1	AGTRAP;ENHA_NFYB	3.54135913145541	5.84945340199753e-08	False	(array([ 0.72764872, -0.63616234]), (1.1333333333333335, 0.11379310344827598))	False
APOLD1	AGTRAP;ENHA_PBX3	2.91540788702019	1.6362584269764701e-09	False	(array([ 0.72764872, -0.63616234]), (1.1, 0.2655172413793103))	False
APOLD1	AGTRAP;ENHA_PBX3	2.91540788702019	1.6362584269764701e-09	False	(array([ 0.72764872, -0.63616234]), (1.1, 0.2655172413793103))	False
APOLD1	ENHA_FOS;RUNX2	5.02745121395311	1.6699610352347999e-19	False	((1.1, -0.7098522167487685), array([-0.80360784, -0.637776  ]))	False
APOLD1	ENHA_JUN;RUNX2	4.85029750250629	2.22402867925228e-17	False	((1.1666666666666667, -0.33054187192118223), array([-0.80360784, -0.637776  ]))	False
APOLD1	ENHA_SOX9;RUNX2	4.5977856233918	1.38461602587075e-13	False	((1.1333333333333335, 0.5689655172413794), array([-0.80360784, -0.637776  ]))	False
APOLD1	ENHA_TP73;RUNX2	5.26589548790381	1.0834660094896201e-23	False	((1.1, 0.8832512315270937), array([-0.80360784, -0.637776  ]))	False
APOLD1	ENHA_HES1;RUNX2	4.50291419292873	7.99000567559258e-12	False	((1.1, -0.5472906403940887), array([-0.80360784, -0.637776  ]))	False
APOLD1	ENHA_FOS;RUNX2	5.02745121395311	1.6699610352347999e-19	False	((1.1, -0.7098522167487685), array([-0.80360784, -0.637776  ]))	False
APOLD1	ENHA_HES1;RUNX2	4.50291419292873	7.99000567559258e-12	False	((1.1, -0.5472906403940887), array([-0.80360784, -0.637776  ]))	False
APOLD1	ENHA_HIF1A;RUNX2	6.09280698069866	1.69503469416198e-16	False	((1.1, -0.5147783251231527), array([-0.80360784, -0.637776  ]))	False
APOLD1	ENHA_HES1;RUNX2	4.50291419292873	7.99000567559258e-12	False	((1.1, -0.5472906403940887), array([-0.80360784, -0.637776  ]))	False
APOLD1	ENHA_HIF1A;RUNX2	6.09280698069866	1.69503469416198e-16	False	((1.1, -0.5147783251231527), array([-0.80360784, -0.637776  ]))	False
APOLD1	ENHA_TP73;RUNX2	5.26589548790381	1.0834660094896201e-23	False	((1.1, 0.8832512315270937), array([-0.80360784, -0.637776  ]))	False
APOLD1	ENHA_TP73;RUNX2	5.26589548790381	1.0834660094896201e-23	False	((1.1, 0.8832512315270937), array([-0.80360784, -0.637776  ]))	False
APOLD1	ENHA_SOX9;RUNX2	4.5977856233918	1.38461602587075e-13	False	((1.1333333333333335, 0.5689655172413794), array([-0.80360784, -0.637776  ]))	False
APOLD1	ENHA_JUN;RUNX2	4.85029750250629	2.22402867925228e-17	False	((1.1666666666666667, -0.33054187192118223), array([-0.80360784, -0.637776  ]))	False
APOLD1	ENHA_FOS;RUNX2	5.02745121395311	1.6699610352347999e-19	False	((1.1, -0.7098522167487685), array([-0.80360784, -0.637776  ]))	False
APOLD1	ENHA_HOXC4;HTT	6.52549282042306	8.65036836928434e-33	False	((1.1333333333333335, -0.4389162561576355), array([-0.69998094,  0.76423195]))	False
APOLD1	ENHA_PBX2;SMYD3	3.69663708714798	4.3101528258553696e-12	False	((1.1666666666666667, 0.25467980295566517), array([-0.81884155,  0.45152779]))	False
APOLD1	ENHA_PBX2;SMYD3	3.69663708714798	4.3101528258553696e-12	False	((1.1666666666666667, 0.25467980295566517), array([-0.81884155,  0.45152779]))	False
APOLD1	ENHA_PBX2;SMYD3	3.69663708714798	4.3101528258553696e-12	False	((1.1666666666666667, 0.25467980295566517), array([-0.81884155,  0.45152779]))	False
APOLD1	ENHA_PBX2;SMYD3	3.69663708714798	4.3101528258553696e-12	False	((1.1666666666666667, 0.25467980295566517), array([-0.81884155,  0.45152779]))	False
APOLD1	ENHA_PBX2;SMYD3	3.69663708714798	4.3101528258553696e-12	False	((1.1666666666666667, 0.25467980295566517), array([-0.81884155,  0.45152779]))	False
APOLD1	ENHA_PBX2;SMYD3	3.69663708714798	4.3101528258553696e-12	False	((1.1666666666666667, 0.25467980295566517), array([-0.81884155,  0.45152779]))	False
APOLD1	ENHA_CTCF;YBX1	5.46177838925147	2.1150611557116497e-36	False	((1.1, -0.9049261083743843), array([0.89092378, 0.48922383]))	False
APOLD1	ENHA_IRF1;YBX1	3.01413090769393	4.22809962009273e-18	False	((1.1333333333333335, -0.4064039408866995), array([0.89092378, 0.48922383]))	False
APOLD1	ENHA_CTCF;YBX1	5.46177838925147	2.1150611557116497e-36	False	((1.1, -0.9049261083743843), array([0.89092378, 0.48922383]))	False
APOLD1	ENHA_IRF1;YBX1	3.01413090769393	4.22809962009273e-18	False	((1.1333333333333335, -0.4064039408866995), array([0.89092378, 0.48922383]))	False
APOLD1	ENHA_TP53;YBX1	3.88591679151517	1.44336007433845e-22	False	((1.1666666666666667, 0.8724137931034484), array([0.89092378, 0.48922383]))	False
APOLD1	ENHA_TP53;YBX1	3.88591679151517	1.44336007433845e-22	False	((1.1666666666666667, 0.8724137931034484), array([0.89092378, 0.48922383]))	False
APOLD1	ENHA_IRF1;YBX1	3.01413090769393	4.22809962009273e-18	False	((1.1333333333333335, -0.4064039408866995), array([0.89092378, 0.48922383]))	False
APOLD1	ENHA_MYC;YBX1	4.56036133548638	6.27553623707353e-23	False	((1.1666666666666667, -0.005418719211822687), array([0.89092378, 0.48922383]))	False
APOLD1	ENHA_CTCF;YBX1	5.46177838925147	2.1150611557116497e-36	False	((1.1, -0.9049261083743843), array([0.89092378, 0.48922383]))	False
APOLD1	ENHA_IRF1;YBX1	3.01413090769393	4.22809962009273e-18	False	((1.1333333333333335, -0.4064039408866995), array([0.89092378, 0.48922383]))	False
APOLD1	ENHA_IRF1;YBX1	3.01413090769393	4.22809962009273e-18	False	((1.1333333333333335, -0.4064039408866995), array([0.89092378, 0.48922383]))	False
APOLD1	ENHA_MYC;YBX1	4.56036133548638	6.27553623707353e-23	False	((1.1666666666666667, -0.005418719211822687), array([0.89092378, 0.48922383]))	False
APOLD1	ENHA_IRF1;YBX1	3.01413090769393	4.22809962009273e-18	False	((1.1333333333333335, -0.4064039408866995), array([0.89092378, 0.48922383]))	False
APOLD1	ENHA_TP53;YBX1	3.88591679151517	1.44336007433845e-22	False	((1.1666666666666667, 0.8724137931034484), array([0.89092378, 0.48922383]))	False
APOLD1	ENHA_IRF1;YBX1	3.01413090769393	4.22809962009273e-18	False	((1.1333333333333335, -0.4064039408866995), array([0.89092378, 0.48922383]))	False
APOLD1	ENHA_TP53;YBX1	3.88591679151517	1.44336007433845e-22	False	((1.1666666666666667, 0.8724137931034484), array([0.89092378, 0.48922383]))	False
APOLD1	ENHA_TP53;YBX1	3.88591679151517	1.44336007433845e-22	False	((1.1666666666666667, 0.8724137931034484), array([0.89092378, 0.48922383]))	False
APOLD1	ENHA_TP53;YBX1	3.88591679151517	1.44336007433845e-22	False	((1.1666666666666667, 0.8724137931034484), array([0.89092378, 0.48922383]))	False
APOLD1	ENHA_MYC;YBX1	4.56036133548638	6.27553623707353e-23	False	((1.1666666666666667, -0.005418719211822687), array([0.89092378, 0.48922383]))	False
APOLD1	ENHA_IRF1;YBX1	3.01413090769393	4.22809962009273e-18	False	((1.1333333333333335, -0.4064039408866995), array([0.89092378, 0.48922383]))	False
APOLD1	ENHA_MYC;YBX1	4.56036133548638	6.27553623707353e-23	False	((1.1666666666666667, -0.005418719211822687), array([0.89092378, 0.48922383]))	False
APOLD1	ENHA_CTCF;YBX1	5.46177838925147	2.1150611557116497e-36	False	((1.1, -0.9049261083743843), array([0.89092378, 0.48922383]))	False
APOLD1	ENHA_IRF1;YBX1	3.01413090769393	4.22809962009273e-18	False	((1.1333333333333335, -0.4064039408866995), array([0.89092378, 0.48922383]))	False
APOLD1	ENHA_TP53;YBX1	3.88591679151517	1.44336007433845e-22	False	((1.1666666666666667, 0.8724137931034484), array([0.89092378, 0.48922383]))	False
APOLD1	ENHA_TP53;S100A4	4.87656980825357	2.37893380377547e-25	False	((1.1666666666666667, 0.8724137931034484), array([0.40166516, 0.84918299]))	False
APOLD1	ENHA_TP53;S100A4	4.87656980825357	2.37893380377547e-25	False	((1.1666666666666667, 0.8724137931034484), array([0.40166516, 0.84918299]))	False
APOLD1	ENHA_TP53;S100A4	4.87656980825357	2.37893380377547e-25	False	((1.1666666666666667, 0.8724137931034484), array([0.40166516, 0.84918299]))	False
APOLD1	ENHA_TP53;S100A4	4.87656980825357	2.37893380377547e-25	False	((1.1666666666666667, 0.8724137931034484), array([0.40166516, 0.84918299]))	False
APOLD1	ENHA_TP53;S100A4	4.87656980825357	2.37893380377547e-25	False	((1.1666666666666667, 0.8724137931034484), array([0.40166516, 0.84918299]))	False
APOLD1	ENHA_TP53;S100A4	4.87656980825357	2.37893380377547e-25	False	((1.1666666666666667, 0.8724137931034484), array([0.40166516, 0.84918299]))	False
APOLD1	ENHA_TP53;S100A4	4.87656980825357	2.37893380377547e-25	False	((1.1666666666666667, 0.8724137931034484), array([0.40166516, 0.84918299]))	False
APOLD1	ENHA_POU2F1;MNAT1	2.45316184581625	0.0001380634261215	False	((1.1666666666666667, 0.28719211822660107), array([-0.97494326, -0.00584935]))	False
APOLD1	ENHA_FOXP1;MNAT1	2.03381649619794	0.0001781940090751	False	((1.1333333333333335, -0.6339901477832512), array([-0.97494326, -0.00584935]))	False
APOLD1	ENHA_POU2F1;MNAT1	2.45316184581625	0.0001380634261215	False	((1.1666666666666667, 0.28719211822660107), array([-0.97494326, -0.00584935]))	False
APOLD1	ENHA_TP53;MNAT1	2.66286186250777	3.12424712103799e-06	False	((1.1666666666666667, 0.8724137931034484), array([-0.97494326, -0.00584935]))	False
APOLD1	ENHA_TP53;MNAT1	2.66286186250777	3.12424712103799e-06	False	((1.1666666666666667, 0.8724137931034484), array([-0.97494326, -0.00584935]))	False
APOLD1	ENHA_FOXP1;MNAT1	2.03381649619794	0.0001781940090751	False	((1.1333333333333335, -0.6339901477832512), array([-0.97494326, -0.00584935]))	False
APOLD1	ENHA_POU2F1;MNAT1	2.45316184581625	0.0001380634261215	False	((1.1666666666666667, 0.28719211822660107), array([-0.97494326, -0.00584935]))	False
APOLD1	ENHA_TP53;MNAT1	2.66286186250777	3.12424712103799e-06	False	((1.1666666666666667, 0.8724137931034484), array([-0.97494326, -0.00584935]))	False
APOLD1	ENHA_FOXP1;MNAT1	2.03381649619794	0.0001781940090751	False	((1.1333333333333335, -0.6339901477832512), array([-0.97494326, -0.00584935]))	False
APOLD1	ENHA_TP53;MNAT1	2.66286186250777	3.12424712103799e-06	False	((1.1666666666666667, 0.8724137931034484), array([-0.97494326, -0.00584935]))	False
APOLD1	ENHA_TP53;MNAT1	2.66286186250777	3.12424712103799e-06	False	((1.1666666666666667, 0.8724137931034484), array([-0.97494326, -0.00584935]))	False
APOLD1	ENHA_TP53;MNAT1	2.66286186250777	3.12424712103799e-06	False	((1.1666666666666667, 0.8724137931034484), array([-0.97494326, -0.00584935]))	False
APOLD1	ENHA_TP53;MNAT1	2.66286186250777	3.12424712103799e-06	False	((1.1666666666666667, 0.8724137931034484), array([-0.97494326, -0.00584935]))	False
APOLD1	ENHA_TP53;RPS7	13.3121602982461	6.30976243904918e-84	False	((1.1666666666666667, 0.8724137931034484), array([-0.34783367,  0.93557159]))	False
APOLD1	ENHA_TP53;RPS7	13.3121602982461	6.30976243904918e-84	False	((1.1666666666666667, 0.8724137931034484), array([-0.34783367,  0.93557159]))	False
APOLD1	ENHA_TP53;RPS7	13.3121602982461	6.30976243904918e-84	False	((1.1666666666666667, 0.8724137931034484), array([-0.34783367,  0.93557159]))	False
APOLD1	ENHA_TP53;RPS7	13.3121602982461	6.30976243904918e-84	False	((1.1666666666666667, 0.8724137931034484), array([-0.34783367,  0.93557159]))	False
APOLD1	ENHA_TP53;RPS7	13.3121602982461	6.30976243904918e-84	False	((1.1666666666666667, 0.8724137931034484), array([-0.34783367,  0.93557159]))	False
APOLD1	ENHA_TP53;RPS7	13.3121602982461	6.30976243904918e-84	False	((1.1666666666666667, 0.8724137931034484), array([-0.34783367,  0.93557159]))	False
APOLD1	ENHA_TP53;RPS7	13.3121602982461	6.30976243904918e-84	False	((1.1666666666666667, 0.8724137931034484), array([-0.34783367,  0.93557159]))	False
APOLD1	ENHA_TP53;MAD2L1BP	13.3121602982461	6.30976243904918e-84	False	((1.1666666666666667, 0.8724137931034484), array([ 0.08827437, -0.86414384]))	False
APOLD1	ENHA_TP53;MAD2L1BP	13.3121602982461	6.30976243904918e-84	False	((1.1666666666666667, 0.8724137931034484), array([ 0.08827437, -0.86414384]))	False
APOLD1	ENHA_TP53;MAD2L1BP	13.3121602982461	6.30976243904918e-84	False	((1.1666666666666667, 0.8724137931034484), array([ 0.08827437, -0.86414384]))	False
APOLD1	ENHA_TP53;MAD2L1BP	13.3121602982461	6.30976243904918e-84	False	((1.1666666666666667, 0.8724137931034484), array([ 0.08827437, -0.86414384]))	False
APOLD1	ENHA_TP53;MAD2L1BP	13.3121602982461	6.30976243904918e-84	False	((1.1666666666666667, 0.8724137931034484), array([ 0.08827437, -0.86414384]))	False
APOLD1	ENHA_TP53;MAD2L1BP	13.3121602982461	6.30976243904918e-84	False	((1.1666666666666667, 0.8724137931034484), array([ 0.08827437, -0.86414384]))	False
APOLD1	ENHA_TP53;MAD2L1BP	13.3121602982461	6.30976243904918e-84	False	((1.1666666666666667, 0.8724137931034484), array([ 0.08827437, -0.86414384]))	False
APOLD1	ENHA_TP53;HUWE1	24.3591589438482	8.89704278594851e-102	False	((1.1666666666666667, 0.8724137931034484), array([0.13038065, 0.89683721]))	False
APOLD1	ENHA_TP53;HUWE1	24.3591589438482	8.89704278594851e-102	False	((1.1666666666666667, 0.8724137931034484), array([0.13038065, 0.89683721]))	False
APOLD1	ENHA_TEAD2;HUWE1	11.0142479777968	2.7892992376237203e-74	False	((1.1666666666666667, 0.7423645320197045), array([0.13038065, 0.89683721]))	False
APOLD1	ENHA_MYC;HUWE1	10.0350041227051	4.50308724256801e-68	False	((1.1666666666666667, -0.005418719211822687), array([0.13038065, 0.89683721]))	False
APOLD1	ENHA_TEAD2;HUWE1	11.0142479777968	2.7892992376237203e-74	False	((1.1666666666666667, 0.7423645320197045), array([0.13038065, 0.89683721]))	False
APOLD1	ENHA_MYC;HUWE1	10.0350041227051	4.50308724256801e-68	False	((1.1666666666666667, -0.005418719211822687), array([0.13038065, 0.89683721]))	False
APOLD1	ENHA_KLF4;HUWE1	10.6126742721048	5.1781136659197407e-67	False	((1.1666666666666667, -0.23300492610837442), array([0.13038065, 0.89683721]))	False
APOLD1	ENHA_TP53;HUWE1	24.3591589438482	8.89704278594851e-102	False	((1.1666666666666667, 0.8724137931034484), array([0.13038065, 0.89683721]))	False
APOLD1	ENHA_TP53;HUWE1	24.3591589438482	8.89704278594851e-102	False	((1.1666666666666667, 0.8724137931034484), array([0.13038065, 0.89683721]))	False
APOLD1	ENHA_TP53;HUWE1	24.3591589438482	8.89704278594851e-102	False	((1.1666666666666667, 0.8724137931034484), array([0.13038065, 0.89683721]))	False
APOLD1	ENHA_TP53;HUWE1	24.3591589438482	8.89704278594851e-102	False	((1.1666666666666667, 0.8724137931034484), array([0.13038065, 0.89683721]))	False
APOLD1	ENHA_TEAD2;HUWE1	11.0142479777968	2.7892992376237203e-74	False	((1.1666666666666667, 0.7423645320197045), array([0.13038065, 0.89683721]))	False
APOLD1	ENHA_MYC;HUWE1	10.0350041227051	4.50308724256801e-68	False	((1.1666666666666667, -0.005418719211822687), array([0.13038065, 0.89683721]))	False
APOLD1	ENHA_KLF4;HUWE1	10.6126742721048	5.1781136659197407e-67	False	((1.1666666666666667, -0.23300492610837442), array([0.13038065, 0.89683721]))	False
APOLD1	ENHA_MYC;HUWE1	10.0350041227051	4.50308724256801e-68	False	((1.1666666666666667, -0.005418719211822687), array([0.13038065, 0.89683721]))	False
APOLD1	ENHA_TEAD2;HUWE1	11.0142479777968	2.7892992376237203e-74	False	((1.1666666666666667, 0.7423645320197045), array([0.13038065, 0.89683721]))	False
APOLD1	ENHA_TP53;HUWE1	24.3591589438482	8.89704278594851e-102	False	((1.1666666666666667, 0.8724137931034484), array([0.13038065, 0.89683721]))	False
APOLD1	CRK;ENHA_TP53	28.9339436710798	7.02500428893564e-106	False	(array([-0.92605428, -0.3323782 ]), (1.1666666666666667, 0.8724137931034484))	False
APOLD1	CRK;ENHA_TP53	28.9339436710798	7.02500428893564e-106	False	(array([-0.92605428, -0.3323782 ]), (1.1666666666666667, 0.8724137931034484))	False
APOLD1	CRK;ENHA_KLF15	5.80801358275406	1.7253089736345e-31	False	(array([-0.92605428, -0.3323782 ]), (1.1666666666666667, -0.2655172413793103))	False
APOLD1	CRK;ENHA_TP53	28.9339436710798	7.02500428893564e-106	False	(array([-0.92605428, -0.3323782 ]), (1.1666666666666667, 0.8724137931034484))	False
APOLD1	CRK;ENHA_TP53	28.9339436710798	7.02500428893564e-106	False	(array([-0.92605428, -0.3323782 ]), (1.1666666666666667, 0.8724137931034484))	False
APOLD1	CRK;ENHA_TP53	28.9339436710798	7.02500428893564e-106	False	(array([-0.92605428, -0.3323782 ]), (1.1666666666666667, 0.8724137931034484))	False
APOLD1	CRK;ENHA_TP53	28.9339436710798	7.02500428893564e-106	False	(array([-0.92605428, -0.3323782 ]), (1.1666666666666667, 0.8724137931034484))	False
APOLD1	CRK;ENHA_ATF3	9.10743825606144	3.54578424026168e-54	False	(array([-0.92605428, -0.3323782 ]), (1.1, -1.0674876847290642))	False
APOLD1	CRK;ENHA_TP53	28.9339436710798	7.02500428893564e-106	False	(array([-0.92605428, -0.3323782 ]), (1.1666666666666667, 0.8724137931034484))	False
APOLD1	APPL1;ENHA_TP53	26.4164191643846	6.12856411377206e-106	False	(array([ 0.28613124, -0.95491675]), (1.1666666666666667, 0.8724137931034484))	False
APOLD1	APPL1;ENHA_TP53	26.4164191643846	6.12856411377206e-106	False	(array([ 0.28613124, -0.95491675]), (1.1666666666666667, 0.8724137931034484))	False
APOLD1	APPL1;ENHA_KLF15	6.24396527092094	1.74262976030161e-20	False	(array([ 0.28613124, -0.95491675]), (1.1666666666666667, -0.2655172413793103))	False
APOLD1	APPL1;ENHA_TP53	26.4164191643846	6.12856411377206e-106	False	(array([ 0.28613124, -0.95491675]), (1.1666666666666667, 0.8724137931034484))	False
APOLD1	APPL1;ENHA_TP53	26.4164191643846	6.12856411377206e-106	False	(array([ 0.28613124, -0.95491675]), (1.1666666666666667, 0.8724137931034484))	False
APOLD1	APPL1;ENHA_TP53	26.4164191643846	6.12856411377206e-106	False	(array([ 0.28613124, -0.95491675]), (1.1666666666666667, 0.8724137931034484))	False
APOLD1	APPL1;ENHA_TP53	26.4164191643846	6.12856411377206e-106	False	(array([ 0.28613124, -0.95491675]), (1.1666666666666667, 0.8724137931034484))	False
APOLD1	APPL1;ENHA_TP53	26.4164191643846	6.12856411377206e-106	False	(array([ 0.28613124, -0.95491675]), (1.1666666666666667, 0.8724137931034484))	False
APOLD1	CSNK2B;ENHA_CLOCK	7.86527946162434	1.67311489638996e-45	False	(array([-0.66144956,  0.6878686 ]), (1.1666666666666667, -0.9482758620689655))	False
APOLD1	CSNK2B;ENHA_CLOCK	7.86527946162434	1.67311489638996e-45	False	(array([-0.66144956,  0.6878686 ]), (1.1666666666666667, -0.9482758620689655))	False
APOLD1	CSNK2B;ENHA_TFAP2A	5.74017232114476	1.95639475467135e-24	False	(array([-0.66144956,  0.6878686 ]), (1.1333333333333335, 0.7640394088669953))	False
APOLD1	ENHA_TP53;OTUB1	21.5674618375632	2.76113946173582e-101	False	((1.1666666666666667, 0.8724137931034484), array([0.14119327, 0.95358164]))	False
APOLD1	ENHA_TP53;OTUB1	21.5674618375632	2.76113946173582e-101	False	((1.1666666666666667, 0.8724137931034484), array([0.14119327, 0.95358164]))	False
APOLD1	ENHA_RFX7;OTUB1	8.0996903640611	3.1302916133303097e-34	False	((1.1, 0.42807881773399026), array([0.14119327, 0.95358164]))	False
APOLD1	ENHA_RFX7;OTUB1	8.0996903640611	3.1302916133303097e-34	False	((1.1, 0.42807881773399026), array([0.14119327, 0.95358164]))	False
APOLD1	ENHA_MAZ;OTUB1	7.63168054574919	5.4615104881645596e-49	False	((1.1666666666666667, -0.1354679802955665), array([0.14119327, 0.95358164]))	False
APOLD1	ENHA_TP53;OTUB1	21.5674618375632	2.76113946173582e-101	False	((1.1666666666666667, 0.8724137931034484), array([0.14119327, 0.95358164]))	False
APOLD1	ENHA_TP53;OTUB1	21.5674618375632	2.76113946173582e-101	False	((1.1666666666666667, 0.8724137931034484), array([0.14119327, 0.95358164]))	False
APOLD1	ENHA_TP53;OTUB1	21.5674618375632	2.76113946173582e-101	False	((1.1666666666666667, 0.8724137931034484), array([0.14119327, 0.95358164]))	False
APOLD1	ENHA_TP53;OTUB1	21.5674618375632	2.76113946173582e-101	False	((1.1666666666666667, 0.8724137931034484), array([0.14119327, 0.95358164]))	False
APOLD1	ENHA_TP53;OTUB1	21.5674618375632	2.76113946173582e-101	False	((1.1666666666666667, 0.8724137931034484), array([0.14119327, 0.95358164]))	False
APOLD1	CHD8;ENHA_CREB1	8.58697378569614	3.09249772963713e-60	False	(array([0.59278071, 0.82544571]), (1.1, -0.9374384236453203))	False
APOLD1	CHD8;ENHA_ZNF143	5.51819613156313	3.98754671360877e-39	False	(array([0.59278071, 0.82544571]), (1.1666666666666667, 1.0349753694581283))	False
APOLD1	CHD8;ENHA_CTCF	8.71743741208403	7.2134094346433e-62	False	(array([0.59278071, 0.82544571]), (1.1, -0.9049261083743843))	False
APOLD1	CHD8;ENHA_CTCF	8.71743741208403	7.2134094346433e-62	False	(array([0.59278071, 0.82544571]), (1.1, -0.9049261083743843))	False
APOLD1	CHD8;ENHA_ZNF143	5.51819613156313	3.98754671360877e-39	False	(array([0.59278071, 0.82544571]), (1.1666666666666667, 1.0349753694581283))	False
APOLD1	CHD8;ENHA_ZNF143	5.51819613156313	3.98754671360877e-39	False	(array([0.59278071, 0.82544571]), (1.1666666666666667, 1.0349753694581283))	False
APOLD1	CHD8;ENHA_CTCF	8.71743741208403	7.2134094346433e-62	False	(array([0.59278071, 0.82544571]), (1.1, -0.9049261083743843))	False
APOLD1	CHD8;ENHA_ZNF143	5.51819613156313	3.98754671360877e-39	False	(array([0.59278071, 0.82544571]), (1.1666666666666667, 1.0349753694581283))	False
APOLD1	CHD8;ENHA_ZNF143	5.51819613156313	3.98754671360877e-39	False	(array([0.59278071, 0.82544571]), (1.1666666666666667, 1.0349753694581283))	False
APOLD1	CHD8;ENHA_CREB1	8.58697378569614	3.09249772963713e-60	False	(array([0.59278071, 0.82544571]), (1.1, -0.9374384236453203))	False
APOLD1	CHD8;ENHA_CTCF	8.71743741208403	7.2134094346433e-62	False	(array([0.59278071, 0.82544571]), (1.1, -0.9049261083743843))	False
APOLD1	CHD8;ENHA_CREB1	8.58697378569614	3.09249772963713e-60	False	(array([0.59278071, 0.82544571]), (1.1, -0.9374384236453203))	False
APOLD1	CHD8;ENHA_ZNF143	5.51819613156313	3.98754671360877e-39	False	(array([0.59278071, 0.82544571]), (1.1666666666666667, 1.0349753694581283))	False
APOLD1	CSNK2A1;ENHA_ATF2	10.0752744767866	2.4178424299481003e-69	False	(array([0.28074727, 0.92880309]), (1.1666666666666667, -1.0783251231527093))	False
APOLD1	CSNK2A1;ENHA_FOS	7.90301774110097	3.13849396472344e-56	False	(array([0.28074727, 0.92880309]), (1.1, -0.7098522167487685))	False
APOLD1	CSNK2A1;ENHA_NFYA	10.0285679892029	3.42280384029619e-69	False	(array([0.28074727, 0.92880309]), (1.1, 0.1029556650246306))	False
APOLD1	CSNK2A1;ENHA_IRF2	8.36178126350902	1.14321778253866e-58	False	(array([0.28074727, 0.92880309]), (1.1666666666666667, -0.39556650246305414))	False
APOLD1	CSNK2A1;ENHA_ATF2	10.0752744767866	2.4178424299481003e-69	False	(array([0.28074727, 0.92880309]), (1.1666666666666667, -1.0783251231527093))	False
APOLD1	CSNK2A1;ENHA_JUN	7.83215975067666	3.14373203840518e-54	False	(array([0.28074727, 0.92880309]), (1.1666666666666667, -0.33054187192118223))	False
APOLD1	CSNK2A1;ENHA_TP73	9.92718482448832	1.31875402754932e-68	False	(array([0.28074727, 0.92880309]), (1.1, 0.8832512315270937))	False
APOLD1	CSNK2A1;ENHA_TP53	11.4757412059888	1.72211977433148e-73	False	(array([0.28074727, 0.92880309]), (1.1666666666666667, 0.8724137931034484))	False
APOLD1	CSNK2A1;ENHA_THAP1	7.72723778229551	9.10368513535488e-56	False	(array([0.28074727, 0.92880309]), (1.1666666666666667, 0.8399014778325125))	False
APOLD1	CSNK2A1;ENHA_TP53	11.4757412059888	1.72211977433148e-73	False	(array([0.28074727, 0.92880309]), (1.1666666666666667, 0.8724137931034484))	False
APOLD1	CSNK2A1;ENHA_THAP1	7.72723778229551	9.10368513535488e-56	False	(array([0.28074727, 0.92880309]), (1.1666666666666667, 0.8399014778325125))	False
APOLD1	CSNK2A1;ENHA_ATF2	10.0752744767866	2.4178424299481003e-69	False	(array([0.28074727, 0.92880309]), (1.1666666666666667, -1.0783251231527093))	False
APOLD1	CSNK2A1;ENHA_JUN	7.83215975067666	3.14373203840518e-54	False	(array([0.28074727, 0.92880309]), (1.1666666666666667, -0.33054187192118223))	False
APOLD1	CSNK2A1;ENHA_FOS	7.90301774110097	3.13849396472344e-56	False	(array([0.28074727, 0.92880309]), (1.1, -0.7098522167487685))	False
APOLD1	CSNK2A1;ENHA_ATF2	10.0752744767866	2.4178424299481003e-69	False	(array([0.28074727, 0.92880309]), (1.1666666666666667, -1.0783251231527093))	False
APOLD1	CSNK2A1;ENHA_THAP1	7.72723778229551	9.10368513535488e-56	False	(array([0.28074727, 0.92880309]), (1.1666666666666667, 0.8399014778325125))	False
APOLD1	CSNK2A1;ENHA_THAP1	7.72723778229551	9.10368513535488e-56	False	(array([0.28074727, 0.92880309]), (1.1666666666666667, 0.8399014778325125))	False
APOLD1	CSNK2A1;ENHA_TP73	9.92718482448832	1.31875402754932e-68	False	(array([0.28074727, 0.92880309]), (1.1, 0.8832512315270937))	False
APOLD1	CSNK2A1;ENHA_TP53	11.4757412059888	1.72211977433148e-73	False	(array([0.28074727, 0.92880309]), (1.1666666666666667, 0.8724137931034484))	False
APOLD1	CSNK2A1;ENHA_TP73	9.92718482448832	1.31875402754932e-68	False	(array([0.28074727, 0.92880309]), (1.1, 0.8832512315270937))	False
APOLD1	CSNK2A1;ENHA_TP53	11.4757412059888	1.72211977433148e-73	False	(array([0.28074727, 0.92880309]), (1.1666666666666667, 0.8724137931034484))	False
APOLD1	CSNK2A1;ENHA_TP53	11.4757412059888	1.72211977433148e-73	False	(array([0.28074727, 0.92880309]), (1.1666666666666667, 0.8724137931034484))	False
APOLD1	CSNK2A1;ENHA_TP53	11.4757412059888	1.72211977433148e-73	False	(array([0.28074727, 0.92880309]), (1.1666666666666667, 0.8724137931034484))	False
APOLD1	CSNK2A1;ENHA_ATF2	10.0752744767866	2.4178424299481003e-69	False	(array([0.28074727, 0.92880309]), (1.1666666666666667, -1.0783251231527093))	False
APOLD1	CSNK2A1;ENHA_JUN	7.83215975067666	3.14373203840518e-54	False	(array([0.28074727, 0.92880309]), (1.1666666666666667, -0.33054187192118223))	False
APOLD1	CSNK2A1;ENHA_IRF2	8.36178126350902	1.14321778253866e-58	False	(array([0.28074727, 0.92880309]), (1.1666666666666667, -0.39556650246305414))	False
APOLD1	CSNK2A1;ENHA_IRF2	8.36178126350902	1.14321778253866e-58	False	(array([0.28074727, 0.92880309]), (1.1666666666666667, -0.39556650246305414))	False
APOLD1	CSNK2A1;ENHA_NFYA	10.0285679892029	3.42280384029619e-69	False	(array([0.28074727, 0.92880309]), (1.1, 0.1029556650246306))	False
APOLD1	CSNK2A1;ENHA_FOS	7.90301774110097	3.13849396472344e-56	False	(array([0.28074727, 0.92880309]), (1.1, -0.7098522167487685))	False
APOLD1	CSNK2A1;ENHA_TP53	11.4757412059888	1.72211977433148e-73	False	(array([0.28074727, 0.92880309]), (1.1666666666666667, 0.8724137931034484))	False
APOLD1	CSNK2A1;ENHA_NFYA	10.0285679892029	3.42280384029619e-69	False	(array([0.28074727, 0.92880309]), (1.1, 0.1029556650246306))	False
APOLD1	ENHA_SP1;ESR2	7.45783512781021	2.12747771973361e-38	False	((1.1666666666666667, 0.5798029556650248), array([-0.77590549, -0.3850741 ]))	False
APOLD1	ENHA_KLF5;ESR2	9.76143183794479	2.299505629005e-56	False	((1.1, -0.22216748768472905), array([-0.77590549, -0.3850741 ]))	False
APOLD1	ENHA_SP1;ESR2	7.45783512781021	2.12747771973361e-38	False	((1.1666666666666667, 0.5798029556650248), array([-0.77590549, -0.3850741 ]))	False
APOLD1	ENHA_KLF5;ESR2	9.76143183794479	2.299505629005e-56	False	((1.1, -0.22216748768472905), array([-0.77590549, -0.3850741 ]))	False
APOLD1	ENHA_SP1;ESR2	7.45783512781021	2.12747771973361e-38	False	((1.1666666666666667, 0.5798029556650248), array([-0.77590549, -0.3850741 ]))	False
APOLD1	ENHA_SP1;ESR2	7.45783512781021	2.12747771973361e-38	False	((1.1666666666666667, 0.5798029556650248), array([-0.77590549, -0.3850741 ]))	False
APOLD1	ENHA_SP1;ESR2	7.45783512781021	2.12747771973361e-38	False	((1.1666666666666667, 0.5798029556650248), array([-0.77590549, -0.3850741 ]))	False
APOLD1	ENHA_KLF5;ESR2	9.76143183794479	2.299505629005e-56	False	((1.1, -0.22216748768472905), array([-0.77590549, -0.3850741 ]))	False
APOLD1	ENHA_SP1;ESR2	7.45783512781021	2.12747771973361e-38	False	((1.1666666666666667, 0.5798029556650248), array([-0.77590549, -0.3850741 ]))	False
APOLD1	ENHA_KLF5;ESR2	9.76143183794479	2.299505629005e-56	False	((1.1, -0.22216748768472905), array([-0.77590549, -0.3850741 ]))	False
APOLD1	ENHA_SP1;ESR2	7.45783512781021	2.12747771973361e-38	False	((1.1666666666666667, 0.5798029556650248), array([-0.77590549, -0.3850741 ]))	False
APOLD1	ENHA_SP1;ESR2	7.45783512781021	2.12747771973361e-38	False	((1.1666666666666667, 0.5798029556650248), array([-0.77590549, -0.3850741 ]))	False
APOLD1	ENHA_KLF5;ESR2	9.76143183794479	2.299505629005e-56	False	((1.1, -0.22216748768472905), array([-0.77590549, -0.3850741 ]))	False
APOLD1	ENHA_SP1;ESR2	7.45783512781021	2.12747771973361e-38	False	((1.1666666666666667, 0.5798029556650248), array([-0.77590549, -0.3850741 ]))	False
APOLD1	ENHA_KLF5;ESR2	9.76143183794479	2.299505629005e-56	False	((1.1, -0.22216748768472905), array([-0.77590549, -0.3850741 ]))	False
APOLD1	ENHA_SP1;ESR2	7.45783512781021	2.12747771973361e-38	False	((1.1666666666666667, 0.5798029556650248), array([-0.77590549, -0.3850741 ]))	False
APOLD1	ENHA_KLF5;ESR2	9.76143183794479	2.299505629005e-56	False	((1.1, -0.22216748768472905), array([-0.77590549, -0.3850741 ]))	False
APOLD1	ENHA_SP1;ESR2	7.45783512781021	2.12747771973361e-38	False	((1.1666666666666667, 0.5798029556650248), array([-0.77590549, -0.3850741 ]))	False
APOLD1	ENHA_KLF5;ESR2	9.76143183794479	2.299505629005e-56	False	((1.1, -0.22216748768472905), array([-0.77590549, -0.3850741 ]))	False
APOLD1	ENHA_SP1;ESR2	7.45783512781021	2.12747771973361e-38	False	((1.1666666666666667, 0.5798029556650248), array([-0.77590549, -0.3850741 ]))	False
APOLD1	ENHA_SP1;ESR2	7.45783512781021	2.12747771973361e-38	False	((1.1666666666666667, 0.5798029556650248), array([-0.77590549, -0.3850741 ]))	False
APOLD1	ENHA_SP1;ESR2	7.45783512781021	2.12747771973361e-38	False	((1.1666666666666667, 0.5798029556650248), array([-0.77590549, -0.3850741 ]))	False
APOLD1	ENHA_KLF5;ESR2	9.76143183794479	2.299505629005e-56	False	((1.1, -0.22216748768472905), array([-0.77590549, -0.3850741 ]))	False
APOLD1	ENHA_SP1;ESR2	7.45783512781021	2.12747771973361e-38	False	((1.1666666666666667, 0.5798029556650248), array([-0.77590549, -0.3850741 ]))	False
APOLD1	ENHA_THAP1;MORF4L2	7.79300113867413	3.72330507827625e-54	False	((1.1666666666666667, 0.8399014778325125), array([0.49057412, 0.62952506]))	False
APOLD1	ENHA_THAP1;MORF4L2	7.79300113867413	3.72330507827625e-54	False	((1.1666666666666667, 0.8399014778325125), array([0.49057412, 0.62952506]))	False
APOLD1	ENHA_THAP1;MORF4L2	7.79300113867413	3.72330507827625e-54	False	((1.1666666666666667, 0.8399014778325125), array([0.49057412, 0.62952506]))	False
APOLD1	ENHA_THAP1;MORF4L2	7.79300113867413	3.72330507827625e-54	False	((1.1666666666666667, 0.8399014778325125), array([0.49057412, 0.62952506]))	False
APOLD1	ENHA_ZBTB7B;MORF4L2	6.9173322665708	6.311516627908569e-40	False	((1.1333333333333335, 0.9916256157635468), array([0.49057412, 0.62952506]))	False
APOLD1	ENHA_ZBTB7B;MORF4L2	6.9173322665708	6.311516627908569e-40	False	((1.1333333333333335, 0.9916256157635468), array([0.49057412, 0.62952506]))	False
APOLD1	ENHA_ZBTB7B;MORF4L2	6.9173322665708	6.311516627908569e-40	False	((1.1333333333333335, 0.9916256157635468), array([0.49057412, 0.62952506]))	False
APOLD1	BCL6;ENHA_YY1	6.1622865448562	7.10766296527495e-44	False	(array([-0.11838588,  0.97193018]), (1.1666666666666667, 0.9374384236453204))	False
APOLD1	BCL6;ENHA_E2F3	6.50381007677494	1.0374559826683e-18	False	(array([-0.11838588,  0.97193018]), (1.1666666666666667, -0.8832512315270937))	False
APOLD1	BCL6;ENHA_JUN	6.83954819840401	2.98867273892156e-42	False	(array([-0.11838588,  0.97193018]), (1.1666666666666667, -0.33054187192118223))	False
APOLD1	BCL6;ENHA_ARNT2	5.99187992278203	7.846156562995021e-31	False	(array([-0.11838588,  0.97193018]), (1.1333333333333335, -1.0891625615763547))	False
APOLD1	BCL6;ENHA_E2F3	6.50381007677494	1.0374559826683e-18	False	(array([-0.11838588,  0.97193018]), (1.1666666666666667, -0.8832512315270937))	False
APOLD1	BCL6;ENHA_JUN	6.83954819840401	2.98867273892156e-42	False	(array([-0.11838588,  0.97193018]), (1.1666666666666667, -0.33054187192118223))	False
APOLD1	BCL6;ENHA_ARNT2	5.99187992278203	7.846156562995021e-31	False	(array([-0.11838588,  0.97193018]), (1.1333333333333335, -1.0891625615763547))	False
APOLD1	BCL6;ENHA_ARNT2	5.99187992278203	7.846156562995021e-31	False	(array([-0.11838588,  0.97193018]), (1.1333333333333335, -1.0891625615763547))	False
APOLD1	BCL6;ENHA_YY1	6.1622865448562	7.10766296527495e-44	False	(array([-0.11838588,  0.97193018]), (1.1666666666666667, 0.9374384236453204))	False
APOLD1	BCL6;ENHA_ZBTB7A	5.4943952023861	1.2997479787464598e-36	False	(array([-0.11838588,  0.97193018]), (1.1, 0.9807881773399019))	False
APOLD1	BCL6;ENHA_ZBTB7B	4.9951166639902	6.02083031837856e-26	False	(array([-0.11838588,  0.97193018]), (1.1333333333333335, 0.9916256157635468))	False
APOLD1	BCL6;ENHA_YY1	6.1622865448562	7.10766296527495e-44	False	(array([-0.11838588,  0.97193018]), (1.1666666666666667, 0.9374384236453204))	False
APOLD1	BCL6;ENHA_YY1	6.1622865448562	7.10766296527495e-44	False	(array([-0.11838588,  0.97193018]), (1.1666666666666667, 0.9374384236453204))	False
APOLD1	BCL6;ENHA_ATF7	8.24862728332585	1.2754055436345802e-31	False	(array([-0.11838588,  0.97193018]), (1.1666666666666667, -1.0458128078817734))	False
APOLD1	BCL6;ENHA_JUN	6.83954819840401	2.98867273892156e-42	False	(array([-0.11838588,  0.97193018]), (1.1666666666666667, -0.33054187192118223))	False
APOLD1	BCL6;ENHA_ARNT2	5.99187992278203	7.846156562995021e-31	False	(array([-0.11838588,  0.97193018]), (1.1333333333333335, -1.0891625615763547))	False
APOLD1	BCL6;ENHA_E2F3	6.50381007677494	1.0374559826683e-18	False	(array([-0.11838588,  0.97193018]), (1.1666666666666667, -0.8832512315270937))	False
APOLD1	BCL6;ENHA_E2F3	6.50381007677494	1.0374559826683e-18	False	(array([-0.11838588,  0.97193018]), (1.1666666666666667, -0.8832512315270937))	False
APOLD1	BCL6;ENHA_ZBTB7A	5.4943952023861	1.2997479787464598e-36	False	(array([-0.11838588,  0.97193018]), (1.1, 0.9807881773399019))	False
APOLD1	BCL6;ENHA_ZBTB7B	4.9951166639902	6.02083031837856e-26	False	(array([-0.11838588,  0.97193018]), (1.1333333333333335, 0.9916256157635468))	False
APOLD1	ENHA_TP53;PRKAB2	25.9674827608633	9.114736502734651e-105	False	((1.1666666666666667, 0.8724137931034484), array([ 0.47382684, -0.9105407 ]))	True
APOLD1	ENHA_TP53;PRKAB2	25.9674827608633	9.114736502734651e-105	False	((1.1666666666666667, 0.8724137931034484), array([ 0.47382684, -0.9105407 ]))	True
APOLD1	ENHA_KLF15;PRKAB2	5.78511460213891	1.37193882785235e-22	False	((1.1666666666666667, -0.2655172413793103), array([ 0.47382684, -0.9105407 ]))	False
APOLD1	ENHA_TP53;PRKAB2	25.9674827608633	9.114736502734651e-105	False	((1.1666666666666667, 0.8724137931034484), array([ 0.47382684, -0.9105407 ]))	True
APOLD1	ENHA_TP53;PRKAB2	25.9674827608633	9.114736502734651e-105	False	((1.1666666666666667, 0.8724137931034484), array([ 0.47382684, -0.9105407 ]))	True
APOLD1	ENHA_TP53;PRKAB2	25.9674827608633	9.114736502734651e-105	False	((1.1666666666666667, 0.8724137931034484), array([ 0.47382684, -0.9105407 ]))	True
APOLD1	ENHA_TP53;PRKAB2	25.9674827608633	9.114736502734651e-105	False	((1.1666666666666667, 0.8724137931034484), array([ 0.47382684, -0.9105407 ]))	True
APOLD1	ENHA_TP53;PRKAB2	25.9674827608633	9.114736502734651e-105	False	((1.1666666666666667, 0.8724137931034484), array([ 0.47382684, -0.9105407 ]))	True
APOLD1	ENHA_CREB3L1;PRKAB2	7.44561199474146	3.18377706663987e-37	False	((1.1666666666666667, -0.9157635467980296), array([ 0.47382684, -0.9105407 ]))	False
APOLD1	BCL11B;ENHA_NR2F1	31.8415740402802	1.3026838825135599e-62	False	(array([-0.77929489,  0.60717596]), (1.1, 0.16798029556650262))	False
APOLD1	BCL11B;ENHA_SP1	9.82583576181318	6.35510021300333e-55	False	(array([-0.77929489,  0.60717596]), (1.1666666666666667, 0.5798029556650248))	False
APOLD1	BCL11B;ENHA_NR2F1	31.8415740402802	1.3026838825135599e-62	False	(array([-0.77929489,  0.60717596]), (1.1, 0.16798029556650262))	False
APOLD1	BCL11B;ENHA_SP1	9.82583576181318	6.35510021300333e-55	False	(array([-0.77929489,  0.60717596]), (1.1666666666666667, 0.5798029556650248))	False
APOLD1	BCL11B;ENHA_NR2F1	31.8415740402802	1.3026838825135599e-62	False	(array([-0.77929489,  0.60717596]), (1.1, 0.16798029556650262))	False
APOLD1	BCL11B;ENHA_NR2F1	31.8415740402802	1.3026838825135599e-62	False	(array([-0.77929489,  0.60717596]), (1.1, 0.16798029556650262))	False
APOLD1	BCL11B;ENHA_SP1	9.82583576181318	6.35510021300333e-55	False	(array([-0.77929489,  0.60717596]), (1.1666666666666667, 0.5798029556650248))	False
APOLD1	BCL11B;ENHA_NR2F1	31.8415740402802	1.3026838825135599e-62	False	(array([-0.77929489,  0.60717596]), (1.1, 0.16798029556650262))	False
APOLD1	BCL11B;ENHA_NR2F1	31.8415740402802	1.3026838825135599e-62	False	(array([-0.77929489,  0.60717596]), (1.1, 0.16798029556650262))	False
APOLD1	BCL11B;ENHA_NR2F1	31.8415740402802	1.3026838825135599e-62	False	(array([-0.77929489,  0.60717596]), (1.1, 0.16798029556650262))	False
APOLD1	BCL11B;ENHA_NR2F1	31.8415740402802	1.3026838825135599e-62	False	(array([-0.77929489,  0.60717596]), (1.1, 0.16798029556650262))	False
APOLD1	BCL11B;ENHA_NR2F1	31.8415740402802	1.3026838825135599e-62	False	(array([-0.77929489,  0.60717596]), (1.1, 0.16798029556650262))	False
APOLD1	BCL11B;ENHA_NR2F1	31.8415740402802	1.3026838825135599e-62	False	(array([-0.77929489,  0.60717596]), (1.1, 0.16798029556650262))	False
APOLD1	ENHA_ZBTB7C;SREBF1	6.31252887983395	7.83061018748751e-43	False	((1.1666666666666667, 1.0024630541871922), array([0.57268744, 0.81879213]))	False
APOLD1	ENHA_ZBTB7C;SREBF1	6.31252887983395	7.83061018748751e-43	False	((1.1666666666666667, 1.0024630541871922), array([0.57268744, 0.81879213]))	False
APOLD1	ENHA_SP1;SREBF1	4.13948591987776	1.58442908535877e-27	False	((1.1666666666666667, 0.5798029556650248), array([0.57268744, 0.81879213]))	False
APOLD1	ENHA_ZBTB7C;SREBF1	6.31252887983395	7.83061018748751e-43	False	((1.1666666666666667, 1.0024630541871922), array([0.57268744, 0.81879213]))	False
APOLD1	ENHA_ZBTB7C;SREBF1	6.31252887983395	7.83061018748751e-43	False	((1.1666666666666667, 1.0024630541871922), array([0.57268744, 0.81879213]))	False
APOLD1	ENHA_BCL6;ZBTB17	11.2636554075757	7.832419576726959e-69	False	((1.1666666666666667, -1.0133004926108375), array([-0.54329681,  0.45312691]))	False
APOLD1	ENHA_TP53;ZBTB17	33.5616112819744	2.22088389108444e-114	False	((1.1666666666666667, 0.8724137931034484), array([-0.54329681,  0.45312691]))	False
APOLD1	ENHA_TP53;ZBTB17	33.5616112819744	2.22088389108444e-114	False	((1.1666666666666667, 0.8724137931034484), array([-0.54329681,  0.45312691]))	False
APOLD1	ENHA_MYC;ZBTB17	10.2555567041366	2.79305840538132e-69	False	((1.1666666666666667, -0.005418719211822687), array([-0.54329681,  0.45312691]))	False
APOLD1	ENHA_KLF5;ZBTB17	13.037801091677	2.8860734984425104e-76	False	((1.1, -0.22216748768472905), array([-0.54329681,  0.45312691]))	False
APOLD1	ENHA_ZBTB7C;ZBTB17	7.41548224411569	1.96315299730685e-50	False	((1.1666666666666667, 1.0024630541871922), array([-0.54329681,  0.45312691]))	False
APOLD1	ENHA_MYC;ZBTB17	10.2555567041366	2.79305840538132e-69	False	((1.1666666666666667, -0.005418719211822687), array([-0.54329681,  0.45312691]))	False
APOLD1	ENHA_KLF5;ZBTB17	13.037801091677	2.8860734984425104e-76	False	((1.1, -0.22216748768472905), array([-0.54329681,  0.45312691]))	False
APOLD1	ENHA_ZBTB7C;ZBTB17	7.41548224411569	1.96315299730685e-50	False	((1.1666666666666667, 1.0024630541871922), array([-0.54329681,  0.45312691]))	False
APOLD1	ENHA_TP53;ZBTB17	33.5616112819744	2.22088389108444e-114	False	((1.1666666666666667, 0.8724137931034484), array([-0.54329681,  0.45312691]))	False
APOLD1	ENHA_TP53;ZBTB17	33.5616112819744	2.22088389108444e-114	False	((1.1666666666666667, 0.8724137931034484), array([-0.54329681,  0.45312691]))	False
APOLD1	ENHA_ZBTB7C;ZBTB17	7.41548224411569	1.96315299730685e-50	False	((1.1666666666666667, 1.0024630541871922), array([-0.54329681,  0.45312691]))	False
APOLD1	ENHA_BCL6;ZBTB17	11.2636554075757	7.832419576726959e-69	False	((1.1666666666666667, -1.0133004926108375), array([-0.54329681,  0.45312691]))	False
APOLD1	ENHA_TP53;ZBTB17	33.5616112819744	2.22088389108444e-114	False	((1.1666666666666667, 0.8724137931034484), array([-0.54329681,  0.45312691]))	False
APOLD1	ENHA_TP53;ZBTB17	33.5616112819744	2.22088389108444e-114	False	((1.1666666666666667, 0.8724137931034484), array([-0.54329681,  0.45312691]))	False
APOLD1	ENHA_MYC;ZBTB17	10.2555567041366	2.79305840538132e-69	False	((1.1666666666666667, -0.005418719211822687), array([-0.54329681,  0.45312691]))	False
APOLD1	ENHA_KLF5;ZBTB17	13.037801091677	2.8860734984425104e-76	False	((1.1, -0.22216748768472905), array([-0.54329681,  0.45312691]))	False
APOLD1	ENHA_MYC;ZBTB17	10.2555567041366	2.79305840538132e-69	False	((1.1666666666666667, -0.005418719211822687), array([-0.54329681,  0.45312691]))	False
APOLD1	ENHA_TP53;ZBTB17	33.5616112819744	2.22088389108444e-114	False	((1.1666666666666667, 0.8724137931034484), array([-0.54329681,  0.45312691]))	False
APOLD1	ENHA_ZBTB7C;ZBTB17	7.41548224411569	1.96315299730685e-50	False	((1.1666666666666667, 1.0024630541871922), array([-0.54329681,  0.45312691]))	False
APOLD1	ENHA_IRF1;KAT2A	2.71986795171524	1.3503034176129e-14	False	((1.1333333333333335, -0.4064039408866995), array([ 0.72988677, -0.61160323]))	False
APOLD1	ENHA_MAX;KAT2A	3.33989659500913	2.2934622096921703e-15	False	((1.1333333333333335, -0.14630541871921177), array([ 0.72988677, -0.61160323]))	False
APOLD1	ENHA_IRF1;KAT2A	2.71986795171524	1.3503034176129e-14	False	((1.1333333333333335, -0.4064039408866995), array([ 0.72988677, -0.61160323]))	False
APOLD1	ENHA_CEBPB;KAT2A	3.13940498851944	2.90686191869404e-15	False	((1.1, -0.9699507389162563), array([ 0.72988677, -0.61160323]))	False
APOLD1	ENHA_MAX;KAT2A	3.33989659500913	2.2934622096921703e-15	False	((1.1333333333333335, -0.14630541871921177), array([ 0.72988677, -0.61160323]))	False
APOLD1	ENHA_MYC;KAT2A	5.09173094463991	2.95055613481801e-21	False	((1.1666666666666667, -0.005418719211822687), array([ 0.72988677, -0.61160323]))	False
APOLD1	ENHA_IRF1;KAT2A	2.71986795171524	1.3503034176129e-14	False	((1.1333333333333335, -0.4064039408866995), array([ 0.72988677, -0.61160323]))	False
APOLD1	ENHA_MAX;KAT2A	3.33989659500913	2.2934622096921703e-15	False	((1.1333333333333335, -0.14630541871921177), array([ 0.72988677, -0.61160323]))	False
APOLD1	ENHA_MAX;KAT2A	3.33989659500913	2.2934622096921703e-15	False	((1.1333333333333335, -0.14630541871921177), array([ 0.72988677, -0.61160323]))	False
APOLD1	ENHA_IRF1;KAT2A	2.71986795171524	1.3503034176129e-14	False	((1.1333333333333335, -0.4064039408866995), array([ 0.72988677, -0.61160323]))	False
APOLD1	ENHA_CEBPB;KAT2A	3.13940498851944	2.90686191869404e-15	False	((1.1, -0.9699507389162563), array([ 0.72988677, -0.61160323]))	False
APOLD1	ENHA_MAX;KAT2A	3.33989659500913	2.2934622096921703e-15	False	((1.1333333333333335, -0.14630541871921177), array([ 0.72988677, -0.61160323]))	False
APOLD1	ENHA_MYC;KAT2A	5.09173094463991	2.95055613481801e-21	False	((1.1666666666666667, -0.005418719211822687), array([ 0.72988677, -0.61160323]))	False
APOLD1	ENHA_IRF1;KAT2A	2.71986795171524	1.3503034176129e-14	False	((1.1333333333333335, -0.4064039408866995), array([ 0.72988677, -0.61160323]))	False
APOLD1	ENHA_CEBPB;KAT2A	3.13940498851944	2.90686191869404e-15	False	((1.1, -0.9699507389162563), array([ 0.72988677, -0.61160323]))	False
APOLD1	ENHA_IRF1;KAT2A	2.71986795171524	1.3503034176129e-14	False	((1.1333333333333335, -0.4064039408866995), array([ 0.72988677, -0.61160323]))	False
APOLD1	ENHA_MAX;KAT2A	3.33989659500913	2.2934622096921703e-15	False	((1.1333333333333335, -0.14630541871921177), array([ 0.72988677, -0.61160323]))	False
APOLD1	ENHA_MAX;KAT2A	3.33989659500913	2.2934622096921703e-15	False	((1.1333333333333335, -0.14630541871921177), array([ 0.72988677, -0.61160323]))	False
APOLD1	ENHA_MYC;KAT2A	5.09173094463991	2.95055613481801e-21	False	((1.1666666666666667, -0.005418719211822687), array([ 0.72988677, -0.61160323]))	False
APOLD1	ENHA_IRF1;KAT2A	2.71986795171524	1.3503034176129e-14	False	((1.1333333333333335, -0.4064039408866995), array([ 0.72988677, -0.61160323]))	False
APOLD1	ENHA_CEBPB;KAT2A	3.13940498851944	2.90686191869404e-15	False	((1.1, -0.9699507389162563), array([ 0.72988677, -0.61160323]))	False
APOLD1	ENHA_MAX;KAT2A	3.33989659500913	2.2934622096921703e-15	False	((1.1333333333333335, -0.14630541871921177), array([ 0.72988677, -0.61160323]))	False
APOLD1	ENHA_MYC;KAT2A	5.09173094463991	2.95055613481801e-21	False	((1.1666666666666667, -0.005418719211822687), array([ 0.72988677, -0.61160323]))	False
APOLD1	ENHA_CEBPB;KAT2A	3.13940498851944	2.90686191869404e-15	False	((1.1, -0.9699507389162563), array([ 0.72988677, -0.61160323]))	False
APOLD1	ENHA_MAX;KAT2A	3.33989659500913	2.2934622096921703e-15	False	((1.1333333333333335, -0.14630541871921177), array([ 0.72988677, -0.61160323]))	False
APOLD1	ENHA_IRF1;KAT2A	2.71986795171524	1.3503034176129e-14	False	((1.1333333333333335, -0.4064039408866995), array([ 0.72988677, -0.61160323]))	False
APOLD1	ENHA_CEBPB;KAT2A	3.13940498851944	2.90686191869404e-15	False	((1.1, -0.9699507389162563), array([ 0.72988677, -0.61160323]))	False
APOLD1	ENHA_MAX;KAT2A	3.33989659500913	2.2934622096921703e-15	False	((1.1333333333333335, -0.14630541871921177), array([ 0.72988677, -0.61160323]))	False
APOLD1	ENHA_REL;SDCBP	8.5269825738128	1.64912612078612e-52	False	((1.1333333333333335, 0.3738916256157636), array([-0.2028385 ,  0.90370412]))	False
APOLD1	ENHA_REL;SDCBP	8.5269825738128	1.64912612078612e-52	False	((1.1333333333333335, 0.3738916256157636), array([-0.2028385 ,  0.90370412]))	False
APOLD1	ENHA_SOX4;SDCBP	8.96689710632724	2.2906958970969202e-63	False	((1.1, 0.5581280788177341), array([-0.2028385 ,  0.90370412]))	False
APOLD1	ENHA_SOX4;SDCBP	8.96689710632724	2.2906958970969202e-63	False	((1.1, 0.5581280788177341), array([-0.2028385 ,  0.90370412]))	False
APOLD1	ENHA_SOX4;SDCBP	8.96689710632724	2.2906958970969202e-63	False	((1.1, 0.5581280788177341), array([-0.2028385 ,  0.90370412]))	False
APOLD1	ENHA_TFCP2;SDCBP	8.6926591548395	2.07220064328898e-37	False	((1.1333333333333335, 0.7965517241379312), array([-0.2028385 ,  0.90370412]))	False
APOLD1	ENHA_SOX4;SDCBP	8.96689710632724	2.2906958970969202e-63	False	((1.1, 0.5581280788177341), array([-0.2028385 ,  0.90370412]))	False
APOLD1	ENHA_SOX4;SDCBP	8.96689710632724	2.2906958970969202e-63	False	((1.1, 0.5581280788177341), array([-0.2028385 ,  0.90370412]))	False
APOLD1	BAZ1A;ENHA_TEAD2	7.40427189738437	5.08289674302699e-50	False	(array([ 0.0391671 , -0.86335301]), (1.1666666666666667, 0.7423645320197045))	False
APOLD1	BAZ1A;ENHA_ZBTB7A	4.89946968490292	1.12899592253744e-25	False	(array([ 0.0391671 , -0.86335301]), (1.1, 0.9807881773399019))	False
APOLD1	BAZ1A;ENHA_MAX	6.55974461809781	3.33913376956063e-47	False	(array([ 0.0391671 , -0.86335301]), (1.1333333333333335, -0.14630541871921177))	False
APOLD1	BAZ1A;ENHA_MAX	6.55974461809781	3.33913376956063e-47	False	(array([ 0.0391671 , -0.86335301]), (1.1333333333333335, -0.14630541871921177))	False
APOLD1	BAZ1A;ENHA_MAX	6.55974461809781	3.33913376956063e-47	False	(array([ 0.0391671 , -0.86335301]), (1.1333333333333335, -0.14630541871921177))	False
APOLD1	BAZ1A;ENHA_MAX	6.55974461809781	3.33913376956063e-47	False	(array([ 0.0391671 , -0.86335301]), (1.1333333333333335, -0.14630541871921177))	False
APOLD1	BAZ1A;ENHA_TEAD2	7.40427189738437	5.08289674302699e-50	False	(array([ 0.0391671 , -0.86335301]), (1.1666666666666667, 0.7423645320197045))	False
APOLD1	BAZ1A;ENHA_MAX	6.55974461809781	3.33913376956063e-47	False	(array([ 0.0391671 , -0.86335301]), (1.1333333333333335, -0.14630541871921177))	False
APOLD1	BAZ1A;ENHA_MAX	6.55974461809781	3.33913376956063e-47	False	(array([ 0.0391671 , -0.86335301]), (1.1333333333333335, -0.14630541871921177))	False
APOLD1	BAZ1A;ENHA_TEAD2	7.40427189738437	5.08289674302699e-50	False	(array([ 0.0391671 , -0.86335301]), (1.1666666666666667, 0.7423645320197045))	False
APOLD1	BAZ1A;ENHA_MAX	6.55974461809781	3.33913376956063e-47	False	(array([ 0.0391671 , -0.86335301]), (1.1333333333333335, -0.14630541871921177))	False
APOLD1	BAZ1A;ENHA_MAX	6.55974461809781	3.33913376956063e-47	False	(array([ 0.0391671 , -0.86335301]), (1.1333333333333335, -0.14630541871921177))	False
APOLD1	BAZ1A;ENHA_TEAD2	7.40427189738437	5.08289674302699e-50	False	(array([ 0.0391671 , -0.86335301]), (1.1666666666666667, 0.7423645320197045))	False
APOLD1	BAZ1A;ENHA_MAX	6.55974461809781	3.33913376956063e-47	False	(array([ 0.0391671 , -0.86335301]), (1.1333333333333335, -0.14630541871921177))	False
APOLD1	BAZ1A;ENHA_MAX	6.55974461809781	3.33913376956063e-47	False	(array([ 0.0391671 , -0.86335301]), (1.1333333333333335, -0.14630541871921177))	False
APOLD1	ENHA_NFYC;FOXK2	6.95963206424388	4.02589465256506e-40	False	((1.1666666666666667, 0.12463054187192135), array([-0.60625396,  0.08395202]))	False
APOLD1	ENHA_IRF2;FOXK2	7.47761324314783	5.93216710903032e-51	False	((1.1666666666666667, -0.39556650246305414), array([-0.60625396,  0.08395202]))	False
APOLD1	ENHA_FOXK1;FOXK2	5.69488644304409	1.87379484313628e-12	False	((1.1333333333333335, -0.6665024630541873), array([-0.60625396,  0.08395202]))	False
APOLD1	ENHA_TP53;FOXK2	9.9614686457927	6.004590538901511e-67	False	((1.1666666666666667, 0.8724137931034484), array([-0.60625396,  0.08395202]))	False
APOLD1	ENHA_TFAP4;FOXK2	6.4038617832698	1.78498702610649e-46	False	((1.1, 0.7857142857142858), array([-0.60625396,  0.08395202]))	False
APOLD1	ENHA_TEAD2;FOXK2	8.46454025435172	1.8268539196536301e-59	False	((1.1666666666666667, 0.7423645320197045), array([-0.60625396,  0.08395202]))	False
APOLD1	ENHA_MAX;FOXK2	7.14606802665653	6.6390032216632204e-52	False	((1.1333333333333335, -0.14630541871921177), array([-0.60625396,  0.08395202]))	False
APOLD1	ENHA_MNT;FOXK2	6.93629682224884	8.7088740051303e-42	False	((1.1, -0.05960591133004911), array([-0.60625396,  0.08395202]))	False
APOLD1	ENHA_MAX;FOXK2	7.14606802665653	6.6390032216632204e-52	False	((1.1333333333333335, -0.14630541871921177), array([-0.60625396,  0.08395202]))	False
APOLD1	ENHA_MAX;FOXK2	7.14606802665653	6.6390032216632204e-52	False	((1.1333333333333335, -0.14630541871921177), array([-0.60625396,  0.08395202]))	False
APOLD1	ENHA_TFAP4;FOXK2	6.4038617832698	1.78498702610649e-46	False	((1.1, 0.7857142857142858), array([-0.60625396,  0.08395202]))	False
APOLD1	ENHA_HOXB9;FOXK2	4.13785186703677	7.72927304442694e-12	False	((1.1, -0.4497536945812808), array([-0.60625396,  0.08395202]))	False
APOLD1	ENHA_MAX;FOXK2	7.14606802665653	6.6390032216632204e-52	False	((1.1333333333333335, -0.14630541871921177), array([-0.60625396,  0.08395202]))	False
APOLD1	ENHA_TEAD2;FOXK2	8.46454025435172	1.8268539196536301e-59	False	((1.1666666666666667, 0.7423645320197045), array([-0.60625396,  0.08395202]))	False
APOLD1	ENHA_MNT;FOXK2	6.93629682224884	8.7088740051303e-42	False	((1.1, -0.05960591133004911), array([-0.60625396,  0.08395202]))	False
APOLD1	ENHA_MAX;FOXK2	7.14606802665653	6.6390032216632204e-52	False	((1.1333333333333335, -0.14630541871921177), array([-0.60625396,  0.08395202]))	False
APOLD1	ENHA_TP53;FOXK2	9.9614686457927	6.004590538901511e-67	False	((1.1666666666666667, 0.8724137931034484), array([-0.60625396,  0.08395202]))	False
APOLD1	ENHA_TP53;FOXK2	9.9614686457927	6.004590538901511e-67	False	((1.1666666666666667, 0.8724137931034484), array([-0.60625396,  0.08395202]))	False
APOLD1	ENHA_TP53;FOXK2	9.9614686457927	6.004590538901511e-67	False	((1.1666666666666667, 0.8724137931034484), array([-0.60625396,  0.08395202]))	False
APOLD1	ENHA_CUX1;FOXK2	8.86193865579064	4.06389971197139e-25	False	((1.1333333333333335, -0.894088669950739), array([-0.60625396,  0.08395202]))	False
APOLD1	ENHA_TP53;FOXK2	9.9614686457927	6.004590538901511e-67	False	((1.1666666666666667, 0.8724137931034484), array([-0.60625396,  0.08395202]))	False
APOLD1	ENHA_MAX;FOXK2	7.14606802665653	6.6390032216632204e-52	False	((1.1333333333333335, -0.14630541871921177), array([-0.60625396,  0.08395202]))	False
APOLD1	ENHA_TEAD2;FOXK2	8.46454025435172	1.8268539196536301e-59	False	((1.1666666666666667, 0.7423645320197045), array([-0.60625396,  0.08395202]))	False
APOLD1	ENHA_TFAP4;FOXK2	6.4038617832698	1.78498702610649e-46	False	((1.1, 0.7857142857142858), array([-0.60625396,  0.08395202]))	False
APOLD1	ENHA_MAX;FOXK2	7.14606802665653	6.6390032216632204e-52	False	((1.1333333333333335, -0.14630541871921177), array([-0.60625396,  0.08395202]))	False
APOLD1	ENHA_FOXK1;FOXK2	5.69488644304409	1.87379484313628e-12	False	((1.1333333333333335, -0.6665024630541873), array([-0.60625396,  0.08395202]))	False
APOLD1	ENHA_MNT;FOXK2	6.93629682224884	8.7088740051303e-42	False	((1.1, -0.05960591133004911), array([-0.60625396,  0.08395202]))	False
APOLD1	ENHA_IRF2;FOXK2	7.47761324314783	5.93216710903032e-51	False	((1.1666666666666667, -0.39556650246305414), array([-0.60625396,  0.08395202]))	False
APOLD1	ENHA_MAX;FOXK2	7.14606802665653	6.6390032216632204e-52	False	((1.1333333333333335, -0.14630541871921177), array([-0.60625396,  0.08395202]))	False
APOLD1	ENHA_TEAD2;FOXK2	8.46454025435172	1.8268539196536301e-59	False	((1.1666666666666667, 0.7423645320197045), array([-0.60625396,  0.08395202]))	False
APOLD1	ENHA_IRF2;FOXK2	7.47761324314783	5.93216710903032e-51	False	((1.1666666666666667, -0.39556650246305414), array([-0.60625396,  0.08395202]))	False
APOLD1	ENHA_NFYC;FOXK2	6.95963206424388	4.02589465256506e-40	False	((1.1666666666666667, 0.12463054187192135), array([-0.60625396,  0.08395202]))	False
APOLD1	ENHA_MNT;FOXK2	6.93629682224884	8.7088740051303e-42	False	((1.1, -0.05960591133004911), array([-0.60625396,  0.08395202]))	False
APOLD1	ENHA_MAX;FOXK2	7.14606802665653	6.6390032216632204e-52	False	((1.1333333333333335, -0.14630541871921177), array([-0.60625396,  0.08395202]))	False
APOLD1	ENHA_TP53;FOXK2	9.9614686457927	6.004590538901511e-67	False	((1.1666666666666667, 0.8724137931034484), array([-0.60625396,  0.08395202]))	False
APOLD1	ENHA_NFYC;FOXK2	6.95963206424388	4.02589465256506e-40	False	((1.1666666666666667, 0.12463054187192135), array([-0.60625396,  0.08395202]))	False
APOLD1	ENHA_MAX;FOXK2	7.14606802665653	6.6390032216632204e-52	False	((1.1333333333333335, -0.14630541871921177), array([-0.60625396,  0.08395202]))	False
APOLD1	BANP;ENHA_SP2	44.5667516989072	9.00152485561959e-60	False	(array([-0.5726951 ,  0.44330997]), (1.1, 0.59064039408867))	False
APOLD1	BANP;ENHA_JUN	8.84933378804978	2.4373335423371697e-62	False	(array([-0.5726951 ,  0.44330997]), (1.1666666666666667, -0.33054187192118223))	False
APOLD1	BANP;ENHA_SP2	44.5667516989072	9.00152485561959e-60	False	(array([-0.5726951 ,  0.44330997]), (1.1, 0.59064039408867))	False
APOLD1	BANP;ENHA_SP2	44.5667516989072	9.00152485561959e-60	False	(array([-0.5726951 ,  0.44330997]), (1.1, 0.59064039408867))	False
APOLD1	BANP;ENHA_REL	8.36576289165491	8.40006372515316e-59	False	(array([-0.5726951 ,  0.44330997]), (1.1333333333333335, 0.3738916256157636))	False
APOLD1	BANP;ENHA_TP53	42.4757966761627	4.94279845203258e-103	False	(array([-0.5726951 ,  0.44330997]), (1.1666666666666667, 0.8724137931034484))	False
APOLD1	BANP;ENHA_TP53	42.4757966761627	4.94279845203258e-103	False	(array([-0.5726951 ,  0.44330997]), (1.1666666666666667, 0.8724137931034484))	False
APOLD1	BANP;ENHA_SP2	44.5667516989072	9.00152485561959e-60	False	(array([-0.5726951 ,  0.44330997]), (1.1, 0.59064039408867))	False
APOLD1	BANP;ENHA_REL	8.36576289165491	8.40006372515316e-59	False	(array([-0.5726951 ,  0.44330997]), (1.1333333333333335, 0.3738916256157636))	False
APOLD1	BANP;ENHA_SP2	44.5667516989072	9.00152485561959e-60	False	(array([-0.5726951 ,  0.44330997]), (1.1, 0.59064039408867))	False
APOLD1	BANP;ENHA_SP4	8.65880812689243	2.63466966471812e-56	False	(array([-0.5726951 ,  0.44330997]), (1.1666666666666667, 0.6123152709359607))	False
APOLD1	BANP;ENHA_JUN	8.84933378804978	2.4373335423371697e-62	False	(array([-0.5726951 ,  0.44330997]), (1.1666666666666667, -0.33054187192118223))	False
APOLD1	BANP;ENHA_MAX	16.19338240741	6.550302232194799e-78	False	(array([-0.5726951 ,  0.44330997]), (1.1333333333333335, -0.14630541871921177))	False
APOLD1	BANP;ENHA_HIF1A	7.13197440950736	1.77030258799067e-42	False	(array([-0.5726951 ,  0.44330997]), (1.1, -0.5147783251231527))	False
APOLD1	BANP;ENHA_MAX	16.19338240741	6.550302232194799e-78	False	(array([-0.5726951 ,  0.44330997]), (1.1333333333333335, -0.14630541871921177))	False
APOLD1	BANP;ENHA_SP2	44.5667516989072	9.00152485561959e-60	False	(array([-0.5726951 ,  0.44330997]), (1.1, 0.59064039408867))	False
APOLD1	BANP;ENHA_MAX	16.19338240741	6.550302232194799e-78	False	(array([-0.5726951 ,  0.44330997]), (1.1333333333333335, -0.14630541871921177))	False
APOLD1	BANP;ENHA_SP2	44.5667516989072	9.00152485561959e-60	False	(array([-0.5726951 ,  0.44330997]), (1.1, 0.59064039408867))	False
APOLD1	BANP;ENHA_SP2	44.5667516989072	9.00152485561959e-60	False	(array([-0.5726951 ,  0.44330997]), (1.1, 0.59064039408867))	False
APOLD1	BANP;ENHA_MAX	16.19338240741	6.550302232194799e-78	False	(array([-0.5726951 ,  0.44330997]), (1.1333333333333335, -0.14630541871921177))	False
APOLD1	BANP;ENHA_SP2	44.5667516989072	9.00152485561959e-60	False	(array([-0.5726951 ,  0.44330997]), (1.1, 0.59064039408867))	False
APOLD1	BANP;ENHA_HIF1A	7.13197440950736	1.77030258799067e-42	False	(array([-0.5726951 ,  0.44330997]), (1.1, -0.5147783251231527))	False
APOLD1	BANP;ENHA_MAX	16.19338240741	6.550302232194799e-78	False	(array([-0.5726951 ,  0.44330997]), (1.1333333333333335, -0.14630541871921177))	False
APOLD1	BANP;ENHA_SP2	44.5667516989072	9.00152485561959e-60	False	(array([-0.5726951 ,  0.44330997]), (1.1, 0.59064039408867))	False
APOLD1	BANP;ENHA_TP53	42.4757966761627	4.94279845203258e-103	False	(array([-0.5726951 ,  0.44330997]), (1.1666666666666667, 0.8724137931034484))	False
APOLD1	BANP;ENHA_TP53	42.4757966761627	4.94279845203258e-103	False	(array([-0.5726951 ,  0.44330997]), (1.1666666666666667, 0.8724137931034484))	False
APOLD1	BANP;ENHA_SP2	44.5667516989072	9.00152485561959e-60	False	(array([-0.5726951 ,  0.44330997]), (1.1, 0.59064039408867))	False
APOLD1	BANP;ENHA_TP53	42.4757966761627	4.94279845203258e-103	False	(array([-0.5726951 ,  0.44330997]), (1.1666666666666667, 0.8724137931034484))	False
APOLD1	BANP;ENHA_TP53	42.4757966761627	4.94279845203258e-103	False	(array([-0.5726951 ,  0.44330997]), (1.1666666666666667, 0.8724137931034484))	False
APOLD1	BANP;ENHA_MAX	16.19338240741	6.550302232194799e-78	False	(array([-0.5726951 ,  0.44330997]), (1.1333333333333335, -0.14630541871921177))	False
APOLD1	BANP;ENHA_MAX	16.19338240741	6.550302232194799e-78	False	(array([-0.5726951 ,  0.44330997]), (1.1333333333333335, -0.14630541871921177))	False
APOLD1	BANP;ENHA_SP4	8.65880812689243	2.63466966471812e-56	False	(array([-0.5726951 ,  0.44330997]), (1.1666666666666667, 0.6123152709359607))	False
APOLD1	BANP;ENHA_JUN	8.84933378804978	2.4373335423371697e-62	False	(array([-0.5726951 ,  0.44330997]), (1.1666666666666667, -0.33054187192118223))	False
APOLD1	BANP;ENHA_HIF1A	7.13197440950736	1.77030258799067e-42	False	(array([-0.5726951 ,  0.44330997]), (1.1, -0.5147783251231527))	False
APOLD1	BANP;ENHA_MAX	16.19338240741	6.550302232194799e-78	False	(array([-0.5726951 ,  0.44330997]), (1.1333333333333335, -0.14630541871921177))	False
APOLD1	BANP;ENHA_SP2	44.5667516989072	9.00152485561959e-60	False	(array([-0.5726951 ,  0.44330997]), (1.1, 0.59064039408867))	False
APOLD1	BANP;ENHA_SP2	44.5667516989072	9.00152485561959e-60	False	(array([-0.5726951 ,  0.44330997]), (1.1, 0.59064039408867))	False
APOLD1	BANP;ENHA_MAX	16.19338240741	6.550302232194799e-78	False	(array([-0.5726951 ,  0.44330997]), (1.1333333333333335, -0.14630541871921177))	False
APOLD1	BANP;ENHA_TP53	42.4757966761627	4.94279845203258e-103	False	(array([-0.5726951 ,  0.44330997]), (1.1666666666666667, 0.8724137931034484))	False
APOLD1	BANP;ENHA_SP2	44.5667516989072	9.00152485561959e-60	False	(array([-0.5726951 ,  0.44330997]), (1.1, 0.59064039408867))	False
APOLD1	BANP;ENHA_SP2	44.5667516989072	9.00152485561959e-60	False	(array([-0.5726951 ,  0.44330997]), (1.1, 0.59064039408867))	False
APOLD1	BANP;ENHA_SP4	8.65880812689243	2.63466966471812e-56	False	(array([-0.5726951 ,  0.44330997]), (1.1666666666666667, 0.6123152709359607))	False
APOLD1	BANP;ENHA_MAX	16.19338240741	6.550302232194799e-78	False	(array([-0.5726951 ,  0.44330997]), (1.1333333333333335, -0.14630541871921177))	False
APOLD1	ENHA_ARNT2;EPAS1	6.79464549766348	2.25461365621576e-44	False	((1.1333333333333335, -1.0891625615763547), array([0.71169887, 0.598386  ]))	False
APOLD1	ENHA_MAX;EPAS1	15.263159088616	2.36860453819042e-74	False	((1.1333333333333335, -0.14630541871921177), array([0.71169887, 0.598386  ]))	False
APOLD1	ENHA_ARNT2;EPAS1	6.79464549766348	2.25461365621576e-44	False	((1.1333333333333335, -1.0891625615763547), array([0.71169887, 0.598386  ]))	False
APOLD1	ENHA_MAX;EPAS1	15.263159088616	2.36860453819042e-74	False	((1.1333333333333335, -0.14630541871921177), array([0.71169887, 0.598386  ]))	False
APOLD1	ENHA_SP1;EPAS1	8.43689054005309	1.53477622092839e-57	False	((1.1666666666666667, 0.5798029556650248), array([0.71169887, 0.598386  ]))	False
APOLD1	ENHA_MAX;EPAS1	15.263159088616	2.36860453819042e-74	False	((1.1333333333333335, -0.14630541871921177), array([0.71169887, 0.598386  ]))	False
APOLD1	ENHA_MAX;EPAS1	15.263159088616	2.36860453819042e-74	False	((1.1333333333333335, -0.14630541871921177), array([0.71169887, 0.598386  ]))	False
APOLD1	ENHA_ARNT2;EPAS1	6.79464549766348	2.25461365621576e-44	False	((1.1333333333333335, -1.0891625615763547), array([0.71169887, 0.598386  ]))	False
APOLD1	ENHA_SP1;EPAS1	8.43689054005309	1.53477622092839e-57	False	((1.1666666666666667, 0.5798029556650248), array([0.71169887, 0.598386  ]))	False
APOLD1	ENHA_MAX;EPAS1	15.263159088616	2.36860453819042e-74	False	((1.1333333333333335, -0.14630541871921177), array([0.71169887, 0.598386  ]))	False
APOLD1	ENHA_MAX;EPAS1	15.263159088616	2.36860453819042e-74	False	((1.1333333333333335, -0.14630541871921177), array([0.71169887, 0.598386  ]))	False
APOLD1	ENHA_MAX;EPAS1	15.263159088616	2.36860453819042e-74	False	((1.1333333333333335, -0.14630541871921177), array([0.71169887, 0.598386  ]))	False
APOLD1	ENHA_ARNT2;EPAS1	6.79464549766348	2.25461365621576e-44	False	((1.1333333333333335, -1.0891625615763547), array([0.71169887, 0.598386  ]))	False
APOLD1	ENHA_MAX;EPAS1	15.263159088616	2.36860453819042e-74	False	((1.1333333333333335, -0.14630541871921177), array([0.71169887, 0.598386  ]))	False
APOLD1	ENHA_MAX;EPAS1	15.263159088616	2.36860453819042e-74	False	((1.1333333333333335, -0.14630541871921177), array([0.71169887, 0.598386  ]))	False
APOLD1	ENHA_SP1;EPAS1	8.43689054005309	1.53477622092839e-57	False	((1.1666666666666667, 0.5798029556650248), array([0.71169887, 0.598386  ]))	False
APOLD1	ENHA_MAX;EPAS1	15.263159088616	2.36860453819042e-74	False	((1.1333333333333335, -0.14630541871921177), array([0.71169887, 0.598386  ]))	False
APOLD1	ARID2;ENHA_NFYC	7.841488257534	1.43930621933409e-49	False	(array([ 0.88481265, -0.38544204]), (1.1666666666666667, 0.12463054187192135))	False
APOLD1	ARID2;ENHA_NFYC	7.841488257534	1.43930621933409e-49	False	(array([ 0.88481265, -0.38544204]), (1.1666666666666667, 0.12463054187192135))	False
APOLD1	ARID2;ENHA_EGR1	3.43998196601793	5.40292933147636e-12	False	(array([ 0.88481265, -0.38544204]), (1.1, -0.8399014778325123))	False
APOLD1	ARID2;ENHA_NFYC	7.841488257534	1.43930621933409e-49	False	(array([ 0.88481265, -0.38544204]), (1.1666666666666667, 0.12463054187192135))	False
APOLD1	ENHA_CREB1;SREBF2	19.5522954998605	1.03403153198698e-84	False	((1.1, -0.9374384236453203), array([ 0.75244023, -0.27387379]))	False
APOLD1	ENHA_SP1;SREBF2	5.82146922469827	8.762335054859089e-42	False	((1.1666666666666667, 0.5798029556650248), array([ 0.75244023, -0.27387379]))	False
APOLD1	ENHA_NFYA;SREBF2	10.94442508017	1.17004578554363e-73	False	((1.1, 0.1029556650246306), array([ 0.75244023, -0.27387379]))	False
APOLD1	ENHA_NFYC;SREBF2	6.90505674263314	8.19113629770271e-43	False	((1.1666666666666667, 0.12463054187192135), array([ 0.75244023, -0.27387379]))	False
APOLD1	ENHA_EGR1;SREBF2	7.06214347458931	7.07535375946067e-50	False	((1.1, -0.8399014778325123), array([ 0.75244023, -0.27387379]))	False
APOLD1	ENHA_CREB1;SREBF2	19.5522954998605	1.03403153198698e-84	False	((1.1, -0.9374384236453203), array([ 0.75244023, -0.27387379]))	False
APOLD1	ENHA_CREB1;SREBF2	19.5522954998605	1.03403153198698e-84	False	((1.1, -0.9374384236453203), array([ 0.75244023, -0.27387379]))	False
APOLD1	ENHA_NFYA;SREBF2	10.94442508017	1.17004578554363e-73	False	((1.1, 0.1029556650246306), array([ 0.75244023, -0.27387379]))	False
APOLD1	ENHA_NFYC;SREBF2	6.90505674263314	8.19113629770271e-43	False	((1.1666666666666667, 0.12463054187192135), array([ 0.75244023, -0.27387379]))	False
APOLD1	ENHA_EGR1;SREBF2	7.06214347458931	7.07535375946067e-50	False	((1.1, -0.8399014778325123), array([ 0.75244023, -0.27387379]))	False
APOLD1	ENHA_NFYA;SREBF2	10.94442508017	1.17004578554363e-73	False	((1.1, 0.1029556650246306), array([ 0.75244023, -0.27387379]))	False
APOLD1	ENHA_EGR1;SREBF2	7.06214347458931	7.07535375946067e-50	False	((1.1, -0.8399014778325123), array([ 0.75244023, -0.27387379]))	False
APOLD1	ENHA_NFYC;SREBF2	6.90505674263314	8.19113629770271e-43	False	((1.1666666666666667, 0.12463054187192135), array([ 0.75244023, -0.27387379]))	False
APOLD1	ENHA_KLF2;WWP1	19.7945872784359	1.12724344224653e-77	False	((1.1, -0.25467980295566506), array([-0.71596637, -0.54161026]))	False
APOLD1	ENHA_KLF5;WWP1	25.3064855143064	4.2525607363142e-82	False	((1.1, -0.22216748768472905), array([-0.71596637, -0.54161026]))	False
APOLD1	ENHA_KLF2;WWP1	19.7945872784359	1.12724344224653e-77	False	((1.1, -0.25467980295566506), array([-0.71596637, -0.54161026]))	False
APOLD1	ENHA_KLF5;WWP1	25.3064855143064	4.2525607363142e-82	False	((1.1, -0.22216748768472905), array([-0.71596637, -0.54161026]))	False
APOLD1	ENHA_KLF2;WWP1	19.7945872784359	1.12724344224653e-77	False	((1.1, -0.25467980295566506), array([-0.71596637, -0.54161026]))	False
APOLD1	ENHA_KLF2;WWP1	19.7945872784359	1.12724344224653e-77	False	((1.1, -0.25467980295566506), array([-0.71596637, -0.54161026]))	False
APOLD1	ENHA_KLF5;WWP1	25.3064855143064	4.2525607363142e-82	False	((1.1, -0.22216748768472905), array([-0.71596637, -0.54161026]))	False
APOLD1	ENHA_KLF2;WWP1	19.7945872784359	1.12724344224653e-77	False	((1.1, -0.25467980295566506), array([-0.71596637, -0.54161026]))	False
APOLD1	ENHA_KLF5;WWP1	25.3064855143064	4.2525607363142e-82	False	((1.1, -0.22216748768472905), array([-0.71596637, -0.54161026]))	False
APOLD1	ENHA_KLF2;WWP1	19.7945872784359	1.12724344224653e-77	False	((1.1, -0.25467980295566506), array([-0.71596637, -0.54161026]))	False
APOLD1	ENHA_KLF5;WWP1	25.3064855143064	4.2525607363142e-82	False	((1.1, -0.22216748768472905), array([-0.71596637, -0.54161026]))	False
APOLD1	ENHA_KLF2;WWP1	19.7945872784359	1.12724344224653e-77	False	((1.1, -0.25467980295566506), array([-0.71596637, -0.54161026]))	False
APOLD1	ENHA_KLF5;WWP1	25.3064855143064	4.2525607363142e-82	False	((1.1, -0.22216748768472905), array([-0.71596637, -0.54161026]))	False
APOLD1	ENHA_KLF2;WWP1	19.7945872784359	1.12724344224653e-77	False	((1.1, -0.25467980295566506), array([-0.71596637, -0.54161026]))	False
APOLD1	ENHA_KLF5;WWP1	25.3064855143064	4.2525607363142e-82	False	((1.1, -0.22216748768472905), array([-0.71596637, -0.54161026]))	False
APOLD1	ENHA_KLF2;WWP1	19.7945872784359	1.12724344224653e-77	False	((1.1, -0.25467980295566506), array([-0.71596637, -0.54161026]))	False
APOLD1	ENHA_KLF5;WWP1	25.3064855143064	4.2525607363142e-82	False	((1.1, -0.22216748768472905), array([-0.71596637, -0.54161026]))	False
APOLD1	ENHA_KLF2;WWP1	19.7945872784359	1.12724344224653e-77	False	((1.1, -0.25467980295566506), array([-0.71596637, -0.54161026]))	False
APOLD1	ENHA_KLF5;WWP1	25.3064855143064	4.2525607363142e-82	False	((1.1, -0.22216748768472905), array([-0.71596637, -0.54161026]))	False
APOLD1	ACTR5;ENHA_YY1	10.8895495851004	7.10758124091155e-70	False	(array([ 0.71400928, -0.40572176]), (1.1666666666666667, 0.9374384236453204))	False
APOLD1	ACTR5;ENHA_ZNF148	29.0979346406804	3.4267896376482703e-75	False	(array([ 0.71400928, -0.40572176]), (1.1, 1.0458128078817737))	False
APOLD1	ACTR5;ENHA_KLF5	44.9229135681275	2.29292519548659e-75	False	(array([ 0.71400928, -0.40572176]), (1.1, -0.22216748768472905))	False
APOLD1	ACTR5;ENHA_ZNF148	29.0979346406804	3.4267896376482703e-75	False	(array([ 0.71400928, -0.40572176]), (1.1, 1.0458128078817737))	False
APOLD1	ACTR5;ENHA_KLF5	44.9229135681275	2.29292519548659e-75	False	(array([ 0.71400928, -0.40572176]), (1.1, -0.22216748768472905))	False
APOLD1	ACTR5;ENHA_ZNF148	29.0979346406804	3.4267896376482703e-75	False	(array([ 0.71400928, -0.40572176]), (1.1, 1.0458128078817737))	False
APOLD1	ACTR5;ENHA_ZNF148	29.0979346406804	3.4267896376482703e-75	False	(array([ 0.71400928, -0.40572176]), (1.1, 1.0458128078817737))	False
APOLD1	ACTR5;ENHA_KLF5	44.9229135681275	2.29292519548659e-75	False	(array([ 0.71400928, -0.40572176]), (1.1, -0.22216748768472905))	False
APOLD1	ACTR5;ENHA_KLF5	44.9229135681275	2.29292519548659e-75	False	(array([ 0.71400928, -0.40572176]), (1.1, -0.22216748768472905))	False
APOLD1	ACTR5;ENHA_ZNF148	29.0979346406804	3.4267896376482703e-75	False	(array([ 0.71400928, -0.40572176]), (1.1, 1.0458128078817737))	False
APOLD1	ACTR5;ENHA_KLF5	44.9229135681275	2.29292519548659e-75	False	(array([ 0.71400928, -0.40572176]), (1.1, -0.22216748768472905))	False
APOLD1	ACTR5;ENHA_KLF5	44.9229135681275	2.29292519548659e-75	False	(array([ 0.71400928, -0.40572176]), (1.1, -0.22216748768472905))	False
APOLD1	ACTR5;ENHA_YY1	10.8895495851004	7.10758124091155e-70	False	(array([ 0.71400928, -0.40572176]), (1.1666666666666667, 0.9374384236453204))	False
APOLD1	ACTR5;ENHA_ZNF148	29.0979346406804	3.4267896376482703e-75	False	(array([ 0.71400928, -0.40572176]), (1.1, 1.0458128078817737))	False
APOLD1	ACTR5;ENHA_KLF5	44.9229135681275	2.29292519548659e-75	False	(array([ 0.71400928, -0.40572176]), (1.1, -0.22216748768472905))	False
APOLD1	ACTR5;ENHA_KLF5	44.9229135681275	2.29292519548659e-75	False	(array([ 0.71400928, -0.40572176]), (1.1, -0.22216748768472905))	False
APOLD1	ACTR5;ENHA_ZNF148	29.0979346406804	3.4267896376482703e-75	False	(array([ 0.71400928, -0.40572176]), (1.1, 1.0458128078817737))	False
APOLD1	ACTR5;ENHA_ZNF148	29.0979346406804	3.4267896376482703e-75	False	(array([ 0.71400928, -0.40572176]), (1.1, 1.0458128078817737))	False
APOLD1	ACTR5;ENHA_YY1	10.8895495851004	7.10758124091155e-70	False	(array([ 0.71400928, -0.40572176]), (1.1666666666666667, 0.9374384236453204))	False
APOLD1	ACTR5;ENHA_KLF5	44.9229135681275	2.29292519548659e-75	False	(array([ 0.71400928, -0.40572176]), (1.1, -0.22216748768472905))	False
APOLD1	ACTR5;ENHA_YY1	10.8895495851004	7.10758124091155e-70	False	(array([ 0.71400928, -0.40572176]), (1.1666666666666667, 0.9374384236453204))	False
APOLD1	ACTR5;ENHA_KLF5	44.9229135681275	2.29292519548659e-75	False	(array([ 0.71400928, -0.40572176]), (1.1, -0.22216748768472905))	False
APOLD1	ACTR5;ENHA_ZNF148	29.0979346406804	3.4267896376482703e-75	False	(array([ 0.71400928, -0.40572176]), (1.1, 1.0458128078817737))	False
APOLD1	ACTR5;ENHA_KLF5	44.9229135681275	2.29292519548659e-75	False	(array([ 0.71400928, -0.40572176]), (1.1, -0.22216748768472905))	False
APOLD1	ACTR5;ENHA_ZNF148	29.0979346406804	3.4267896376482703e-75	False	(array([ 0.71400928, -0.40572176]), (1.1, 1.0458128078817737))	False
APOLD1	ACTR5;ENHA_KLF5	44.9229135681275	2.29292519548659e-75	False	(array([ 0.71400928, -0.40572176]), (1.1, -0.22216748768472905))	False
APOLD1	ENHA_TCF4;NR2C2AP	4.63742794650536	1.97721531537739e-32	False	((1.1666666666666667, 0.7098522167487686), array([-0.41941156,  0.83900271]))	False
APOLD1	ENHA_TCF4;NR2C2AP	4.63742794650536	1.97721531537739e-32	False	((1.1666666666666667, 0.7098522167487686), array([-0.41941156,  0.83900271]))	False
APOLD1	ENHA_REL;NR2C2AP	7.15563296411716	5.14743474010168e-41	False	((1.1333333333333335, 0.3738916256157636), array([-0.41941156,  0.83900271]))	False
APOLD1	ENHA_REL;NR2C2AP	7.15563296411716	5.14743474010168e-41	False	((1.1333333333333335, 0.3738916256157636), array([-0.41941156,  0.83900271]))	False
APOLD1	ENHA_TCF4;NR2C2AP	4.63742794650536	1.97721531537739e-32	False	((1.1666666666666667, 0.7098522167487686), array([-0.41941156,  0.83900271]))	False
APOLD1	ENHA_TCF4;NR2C2AP	4.63742794650536	1.97721531537739e-32	False	((1.1666666666666667, 0.7098522167487686), array([-0.41941156,  0.83900271]))	False
APOLD1	ENHA_NR2C2;NR2C2AP	5.94120056057331	6.556483799228679e-40	False	((1.1666666666666667, 0.15714285714285725), array([-0.41941156,  0.83900271]))	False
APOLD1	ENHA_TCF4;NR2C2AP	4.63742794650536	1.97721531537739e-32	False	((1.1666666666666667, 0.7098522167487686), array([-0.41941156,  0.83900271]))	False
APOLD1	ENHA_TCF4;NR2C2AP	4.63742794650536	1.97721531537739e-32	False	((1.1666666666666667, 0.7098522167487686), array([-0.41941156,  0.83900271]))	False
APOLD1	ENHA_TCF4;NR2C2AP	4.63742794650536	1.97721531537739e-32	False	((1.1666666666666667, 0.7098522167487686), array([-0.41941156,  0.83900271]))	False
APOLD1	ENHA_TCF4;NR2C2AP	4.63742794650536	1.97721531537739e-32	False	((1.1666666666666667, 0.7098522167487686), array([-0.41941156,  0.83900271]))	False
APOLD1	ENHA_TCF4;NR2C2AP	4.63742794650536	1.97721531537739e-32	False	((1.1666666666666667, 0.7098522167487686), array([-0.41941156,  0.83900271]))	False
APOLD1	ENHA_TCF4;NR2C2AP	4.63742794650536	1.97721531537739e-32	False	((1.1666666666666667, 0.7098522167487686), array([-0.41941156,  0.83900271]))	False
APOLD1	ENHA_TCF4;NR2C2AP	4.63742794650536	1.97721531537739e-32	False	((1.1666666666666667, 0.7098522167487686), array([-0.41941156,  0.83900271]))	False
APOLD1	ENHA_TCF4;NR2C2AP	4.63742794650536	1.97721531537739e-32	False	((1.1666666666666667, 0.7098522167487686), array([-0.41941156,  0.83900271]))	False
APOLD1	ENHA_TCF4;NR2C2AP	4.63742794650536	1.97721531537739e-32	False	((1.1666666666666667, 0.7098522167487686), array([-0.41941156,  0.83900271]))	False
APOLD1	BCOR;ENHA_TCF3	36.0241929369246	2.29499073932356e-63	False	(array([ 0.17485694, -0.89735856]), (1.1333333333333335, 0.6990147783251233))	False
APOLD1	BCOR;ENHA_SP1	15.5209557164473	1.6498099437898301e-52	False	(array([ 0.17485694, -0.89735856]), (1.1666666666666667, 0.5798029556650248))	False
APOLD1	BCOR;ENHA_BCL6	9.34886929063958	2.5285165631114902e-61	False	(array([ 0.17485694, -0.89735856]), (1.1666666666666667, -1.0133004926108375))	False
APOLD1	BCOR;ENHA_TCF3	36.0241929369246	2.29499073932356e-63	False	(array([ 0.17485694, -0.89735856]), (1.1333333333333335, 0.6990147783251233))	False
APOLD1	BCOR;ENHA_TCF3	36.0241929369246	2.29499073932356e-63	False	(array([ 0.17485694, -0.89735856]), (1.1333333333333335, 0.6990147783251233))	False
APOLD1	BCOR;ENHA_SP1	15.5209557164473	1.6498099437898301e-52	False	(array([ 0.17485694, -0.89735856]), (1.1666666666666667, 0.5798029556650248))	False
APOLD1	BCOR;ENHA_TCF3	36.0241929369246	2.29499073932356e-63	False	(array([ 0.17485694, -0.89735856]), (1.1333333333333335, 0.6990147783251233))	False
APOLD1	BCOR;ENHA_SP1	15.5209557164473	1.6498099437898301e-52	False	(array([ 0.17485694, -0.89735856]), (1.1666666666666667, 0.5798029556650248))	False
APOLD1	BCOR;ENHA_TCF3	36.0241929369246	2.29499073932356e-63	False	(array([ 0.17485694, -0.89735856]), (1.1333333333333335, 0.6990147783251233))	False
APOLD1	BCOR;ENHA_TCF3	36.0241929369246	2.29499073932356e-63	False	(array([ 0.17485694, -0.89735856]), (1.1333333333333335, 0.6990147783251233))	False
APOLD1	BCOR;ENHA_SP1	15.5209557164473	1.6498099437898301e-52	False	(array([ 0.17485694, -0.89735856]), (1.1666666666666667, 0.5798029556650248))	False
APOLD1	BCOR;ENHA_TCF3	36.0241929369246	2.29499073932356e-63	False	(array([ 0.17485694, -0.89735856]), (1.1333333333333335, 0.6990147783251233))	False
APOLD1	BCOR;ENHA_BCL6	9.34886929063958	2.5285165631114902e-61	False	(array([ 0.17485694, -0.89735856]), (1.1666666666666667, -1.0133004926108375))	False
APOLD1	BCOR;ENHA_TCF3	36.0241929369246	2.29499073932356e-63	False	(array([ 0.17485694, -0.89735856]), (1.1333333333333335, 0.6990147783251233))	False
APOLD1	BCOR;ENHA_TCF3	36.0241929369246	2.29499073932356e-63	False	(array([ 0.17485694, -0.89735856]), (1.1333333333333335, 0.6990147783251233))	False
APOLD1	BCOR;ENHA_TCF3	36.0241929369246	2.29499073932356e-63	False	(array([ 0.17485694, -0.89735856]), (1.1333333333333335, 0.6990147783251233))	False
APOLD1	BCOR;ENHA_TCF3	36.0241929369246	2.29499073932356e-63	False	(array([ 0.17485694, -0.89735856]), (1.1333333333333335, 0.6990147783251233))	False
APOLD1	BCOR;ENHA_TCF3	36.0241929369246	2.29499073932356e-63	False	(array([ 0.17485694, -0.89735856]), (1.1333333333333335, 0.6990147783251233))	False
APOLD1	BCOR;ENHA_TCF3	36.0241929369246	2.29499073932356e-63	False	(array([ 0.17485694, -0.89735856]), (1.1333333333333335, 0.6990147783251233))	False
APOLD1	ENHA_TCF4;RUNX1T1	43.9918842631966	3.36042338195379e-59	False	((1.1666666666666667, 0.7098522167487686), array([-0.03091945,  0.91391575]))	False
APOLD1	ENHA_SP1;RUNX1T1	15.6753455903753	4.36798370507907e-51	False	((1.1666666666666667, 0.5798029556650248), array([-0.03091945,  0.91391575]))	False
APOLD1	ENHA_TCF4;RUNX1T1	43.9918842631966	3.36042338195379e-59	False	((1.1666666666666667, 0.7098522167487686), array([-0.03091945,  0.91391575]))	False
APOLD1	ENHA_TCF4;RUNX1T1	43.9918842631966	3.36042338195379e-59	False	((1.1666666666666667, 0.7098522167487686), array([-0.03091945,  0.91391575]))	False
APOLD1	ENHA_SP1;RUNX1T1	15.6753455903753	4.36798370507907e-51	False	((1.1666666666666667, 0.5798029556650248), array([-0.03091945,  0.91391575]))	False
APOLD1	ENHA_TCF4;RUNX1T1	43.9918842631966	3.36042338195379e-59	False	((1.1666666666666667, 0.7098522167487686), array([-0.03091945,  0.91391575]))	False
APOLD1	ENHA_SP1;RUNX1T1	15.6753455903753	4.36798370507907e-51	False	((1.1666666666666667, 0.5798029556650248), array([-0.03091945,  0.91391575]))	False
APOLD1	ENHA_TCF4;RUNX1T1	43.9918842631966	3.36042338195379e-59	False	((1.1666666666666667, 0.7098522167487686), array([-0.03091945,  0.91391575]))	False
APOLD1	ENHA_TCF4;RUNX1T1	43.9918842631966	3.36042338195379e-59	False	((1.1666666666666667, 0.7098522167487686), array([-0.03091945,  0.91391575]))	False
APOLD1	ENHA_TCF4;RUNX1T1	43.9918842631966	3.36042338195379e-59	False	((1.1666666666666667, 0.7098522167487686), array([-0.03091945,  0.91391575]))	False
APOLD1	ENHA_TCF4;RUNX1T1	43.9918842631966	3.36042338195379e-59	False	((1.1666666666666667, 0.7098522167487686), array([-0.03091945,  0.91391575]))	False
APOLD1	ENHA_TCF4;RUNX1T1	43.9918842631966	3.36042338195379e-59	False	((1.1666666666666667, 0.7098522167487686), array([-0.03091945,  0.91391575]))	False
APOLD1	ENHA_TCF4;RUNX1T1	43.9918842631966	3.36042338195379e-59	False	((1.1666666666666667, 0.7098522167487686), array([-0.03091945,  0.91391575]))	False
APOLD1	ENHA_TCF4;RUNX1T1	43.9918842631966	3.36042338195379e-59	False	((1.1666666666666667, 0.7098522167487686), array([-0.03091945,  0.91391575]))	False
APOLD1	ENHA_TCF4;RUNX1T1	43.9918842631966	3.36042338195379e-59	False	((1.1666666666666667, 0.7098522167487686), array([-0.03091945,  0.91391575]))	False
APOLD1	ENHA_CREB3L1;RUNX1T1	6.08074032137328	5.35810384619559e-32	False	((1.1666666666666667, -0.9157635467980296), array([-0.03091945,  0.91391575]))	False
APOLD1	ENHA_TCF4;RUNX1T1	43.9918842631966	3.36042338195379e-59	False	((1.1666666666666667, 0.7098522167487686), array([-0.03091945,  0.91391575]))	False
APOLD1	ENHA_FOS;PRKAA2	9.32425270919952	2.14708014943798e-65	False	((1.1, -0.7098522167487685), array([0.21175002, 0.8721801 ]))	False
APOLD1	ENHA_TCF4;PRKAA2	14.7609466381938	3.39916886829032e-54	False	((1.1666666666666667, 0.7098522167487686), array([0.21175002, 0.8721801 ]))	False
APOLD1	ENHA_TCF4;PRKAA2	14.7609466381938	3.39916886829032e-54	False	((1.1666666666666667, 0.7098522167487686), array([0.21175002, 0.8721801 ]))	False
APOLD1	ENHA_TFAP2A;PRKAA2	13.6818743277129	4.656655774310681e-61	False	((1.1333333333333335, 0.7640394088669953), array([0.21175002, 0.8721801 ]))	False
APOLD1	ENHA_TCF4;PRKAA2	14.7609466381938	3.39916886829032e-54	False	((1.1666666666666667, 0.7098522167487686), array([0.21175002, 0.8721801 ]))	False
APOLD1	ENHA_TFAP2A;PRKAA2	13.6818743277129	4.656655774310681e-61	False	((1.1333333333333335, 0.7640394088669953), array([0.21175002, 0.8721801 ]))	False
APOLD1	ENHA_TCF4;PRKAA2	14.7609466381938	3.39916886829032e-54	False	((1.1666666666666667, 0.7098522167487686), array([0.21175002, 0.8721801 ]))	False
APOLD1	ENHA_TFAP2A;PRKAA2	13.6818743277129	4.656655774310681e-61	False	((1.1333333333333335, 0.7640394088669953), array([0.21175002, 0.8721801 ]))	False
APOLD1	ENHA_FOS;PRKAA2	9.32425270919952	2.14708014943798e-65	False	((1.1, -0.7098522167487685), array([0.21175002, 0.8721801 ]))	False
APOLD1	ENHA_TCF4;PRKAA2	14.7609466381938	3.39916886829032e-54	False	((1.1666666666666667, 0.7098522167487686), array([0.21175002, 0.8721801 ]))	False
APOLD1	ENHA_HMBOX1;PRKAA2	6.06670082960951	6.97364390670933e-28	False	((1.1333333333333335, -0.5039408866995074), array([0.21175002, 0.8721801 ]))	False
APOLD1	ENHA_TCF4;PRKAA2	14.7609466381938	3.39916886829032e-54	False	((1.1666666666666667, 0.7098522167487686), array([0.21175002, 0.8721801 ]))	False
APOLD1	ENHA_TCF4;PRKAA2	14.7609466381938	3.39916886829032e-54	False	((1.1666666666666667, 0.7098522167487686), array([0.21175002, 0.8721801 ]))	False
APOLD1	ENHA_TCF4;PRKAA2	14.7609466381938	3.39916886829032e-54	False	((1.1666666666666667, 0.7098522167487686), array([0.21175002, 0.8721801 ]))	False
APOLD1	ENHA_TCF4;PRKAA2	14.7609466381938	3.39916886829032e-54	False	((1.1666666666666667, 0.7098522167487686), array([0.21175002, 0.8721801 ]))	False
APOLD1	ENHA_TCF4;PRKAA2	14.7609466381938	3.39916886829032e-54	False	((1.1666666666666667, 0.7098522167487686), array([0.21175002, 0.8721801 ]))	False
APOLD1	ENHA_TFAP2A;PRKAA2	13.6818743277129	4.656655774310681e-61	False	((1.1333333333333335, 0.7640394088669953), array([0.21175002, 0.8721801 ]))	False
APOLD1	ENHA_TCF4;PRKAA2	14.7609466381938	3.39916886829032e-54	False	((1.1666666666666667, 0.7098522167487686), array([0.21175002, 0.8721801 ]))	False
APOLD1	ENHA_FOS;PRKAA2	9.32425270919952	2.14708014943798e-65	False	((1.1, -0.7098522167487685), array([0.21175002, 0.8721801 ]))	False
APOLD1	ENHA_TCF4;PRKAA2	14.7609466381938	3.39916886829032e-54	False	((1.1666666666666667, 0.7098522167487686), array([0.21175002, 0.8721801 ]))	False
APOLD1	ENHA_TFAP2A;PRKAA2	13.6818743277129	4.656655774310681e-61	False	((1.1333333333333335, 0.7640394088669953), array([0.21175002, 0.8721801 ]))	False
APOLD1	ENHA_TCF4;PRKAA2	14.7609466381938	3.39916886829032e-54	False	((1.1666666666666667, 0.7098522167487686), array([0.21175002, 0.8721801 ]))	False
APOLD1	ENHA_BCL6;GLRX3	9.95915782367688	2.01691592111516e-63	False	((1.1666666666666667, -1.0133004926108375), array([-0.0927229 ,  0.90702099]))	False
APOLD1	ENHA_ZNF148;GLRX3	10.5946742619185	9.01672764089592e-65	False	((1.1, 1.0458128078817737), array([-0.0927229 ,  0.90702099]))	False
APOLD1	ENHA_TCF4;GLRX3	30.1308001487708	1.08811908108411e-64	False	((1.1666666666666667, 0.7098522167487686), array([-0.0927229 ,  0.90702099]))	False
APOLD1	ENHA_TCF4;GLRX3	30.1308001487708	1.08811908108411e-64	False	((1.1666666666666667, 0.7098522167487686), array([-0.0927229 ,  0.90702099]))	False
APOLD1	ENHA_TCF4;GLRX3	30.1308001487708	1.08811908108411e-64	False	((1.1666666666666667, 0.7098522167487686), array([-0.0927229 ,  0.90702099]))	False
APOLD1	ENHA_TCF4;GLRX3	30.1308001487708	1.08811908108411e-64	False	((1.1666666666666667, 0.7098522167487686), array([-0.0927229 ,  0.90702099]))	False
APOLD1	ENHA_TCF4;GLRX3	30.1308001487708	1.08811908108411e-64	False	((1.1666666666666667, 0.7098522167487686), array([-0.0927229 ,  0.90702099]))	False
APOLD1	ENHA_TCF4;GLRX3	30.1308001487708	1.08811908108411e-64	False	((1.1666666666666667, 0.7098522167487686), array([-0.0927229 ,  0.90702099]))	False
APOLD1	ENHA_BCL6;GLRX3	9.95915782367688	2.01691592111516e-63	False	((1.1666666666666667, -1.0133004926108375), array([-0.0927229 ,  0.90702099]))	False
APOLD1	ENHA_TCF4;GLRX3	30.1308001487708	1.08811908108411e-64	False	((1.1666666666666667, 0.7098522167487686), array([-0.0927229 ,  0.90702099]))	False
APOLD1	ENHA_ZNF148;GLRX3	10.5946742619185	9.01672764089592e-65	False	((1.1, 1.0458128078817737), array([-0.0927229 ,  0.90702099]))	False
APOLD1	ENHA_TCF4;GLRX3	30.1308001487708	1.08811908108411e-64	False	((1.1666666666666667, 0.7098522167487686), array([-0.0927229 ,  0.90702099]))	False
APOLD1	ENHA_TCF4;GLRX3	30.1308001487708	1.08811908108411e-64	False	((1.1666666666666667, 0.7098522167487686), array([-0.0927229 ,  0.90702099]))	False
APOLD1	ENHA_TCF4;GLRX3	30.1308001487708	1.08811908108411e-64	False	((1.1666666666666667, 0.7098522167487686), array([-0.0927229 ,  0.90702099]))	False
APOLD1	ENHA_TCF4;GLRX3	30.1308001487708	1.08811908108411e-64	False	((1.1666666666666667, 0.7098522167487686), array([-0.0927229 ,  0.90702099]))	False
APOLD1	ENHA_TCF4;GLRX3	30.1308001487708	1.08811908108411e-64	False	((1.1666666666666667, 0.7098522167487686), array([-0.0927229 ,  0.90702099]))	False
APOLD1	ENHA_TCF4;GLRX3	30.1308001487708	1.08811908108411e-64	False	((1.1666666666666667, 0.7098522167487686), array([-0.0927229 ,  0.90702099]))	False
APOLD1	BIRC3;ENHA_NFKB1	3.82461280976269	9.494022060282121e-25	False	(array([ 0.37620643, -0.75907313]), (1.1333333333333335, 0.08128078817733986))	False
APOLD1	BIRC3;ENHA_NFKB1	3.82461280976269	9.494022060282121e-25	False	(array([ 0.37620643, -0.75907313]), (1.1333333333333335, 0.08128078817733986))	False
APOLD1	BIRC3;ENHA_IRF1	3.11811020481905	3.60343825738058e-19	False	(array([ 0.37620643, -0.75907313]), (1.1333333333333335, -0.4064039408866995))	False
APOLD1	BIRC3;ENHA_NFKB1	3.82461280976269	9.494022060282121e-25	False	(array([ 0.37620643, -0.75907313]), (1.1333333333333335, 0.08128078817733986))	False
APOLD1	BIRC3;ENHA_IRF1	3.11811020481905	3.60343825738058e-19	False	(array([ 0.37620643, -0.75907313]), (1.1333333333333335, -0.4064039408866995))	False
APOLD1	BIRC3;ENHA_NFKB1	3.82461280976269	9.494022060282121e-25	False	(array([ 0.37620643, -0.75907313]), (1.1333333333333335, 0.08128078817733986))	False
APOLD1	BIRC3;ENHA_IRF1	3.11811020481905	3.60343825738058e-19	False	(array([ 0.37620643, -0.75907313]), (1.1333333333333335, -0.4064039408866995))	False
APOLD1	BIRC3;ENHA_NFKB1	3.82461280976269	9.494022060282121e-25	False	(array([ 0.37620643, -0.75907313]), (1.1333333333333335, 0.08128078817733986))	False
APOLD1	BIRC3;ENHA_IRF1	3.11811020481905	3.60343825738058e-19	False	(array([ 0.37620643, -0.75907313]), (1.1333333333333335, -0.4064039408866995))	False
APOLD1	BIRC3;ENHA_NFKB1	3.82461280976269	9.494022060282121e-25	False	(array([ 0.37620643, -0.75907313]), (1.1333333333333335, 0.08128078817733986))	False
APOLD1	BIRC3;ENHA_NFKB1	3.82461280976269	9.494022060282121e-25	False	(array([ 0.37620643, -0.75907313]), (1.1333333333333335, 0.08128078817733986))	False
APOLD1	BIRC3;ENHA_NFKB1	3.82461280976269	9.494022060282121e-25	False	(array([ 0.37620643, -0.75907313]), (1.1333333333333335, 0.08128078817733986))	False
APOLD1	BIRC3;ENHA_IRF1	3.11811020481905	3.60343825738058e-19	False	(array([ 0.37620643, -0.75907313]), (1.1333333333333335, -0.4064039408866995))	False
APOLD1	BIRC3;ENHA_NFKB1	3.82461280976269	9.494022060282121e-25	False	(array([ 0.37620643, -0.75907313]), (1.1333333333333335, 0.08128078817733986))	False
APOLD1	BIRC3;ENHA_IRF1	3.11811020481905	3.60343825738058e-19	False	(array([ 0.37620643, -0.75907313]), (1.1333333333333335, -0.4064039408866995))	False
APOLD1	BIRC3;ENHA_NFKB1	3.82461280976269	9.494022060282121e-25	False	(array([ 0.37620643, -0.75907313]), (1.1333333333333335, 0.08128078817733986))	False
APOLD1	BIRC3;ENHA_IRF1	3.11811020481905	3.60343825738058e-19	False	(array([ 0.37620643, -0.75907313]), (1.1333333333333335, -0.4064039408866995))	False
APOLD1	BIRC3;ENHA_NFKB1	3.82461280976269	9.494022060282121e-25	False	(array([ 0.37620643, -0.75907313]), (1.1333333333333335, 0.08128078817733986))	False
APOLD1	BIRC3;ENHA_IRF1	3.11811020481905	3.60343825738058e-19	False	(array([ 0.37620643, -0.75907313]), (1.1333333333333335, -0.4064039408866995))	False
APOLD1	BIRC3;ENHA_NFKB1	3.82461280976269	9.494022060282121e-25	False	(array([ 0.37620643, -0.75907313]), (1.1333333333333335, 0.08128078817733986))	False
APOLD1	BIRC3;ENHA_NFKB1	3.82461280976269	9.494022060282121e-25	False	(array([ 0.37620643, -0.75907313]), (1.1333333333333335, 0.08128078817733986))	False
APOLD1	BIRC3;ENHA_NFKB1	3.82461280976269	9.494022060282121e-25	False	(array([ 0.37620643, -0.75907313]), (1.1333333333333335, 0.08128078817733986))	False
APOLD1	BIRC3;ENHA_IRF1	3.11811020481905	3.60343825738058e-19	False	(array([ 0.37620643, -0.75907313]), (1.1333333333333335, -0.4064039408866995))	False
APOLD1	BIRC3;ENHA_NFKB1	3.82461280976269	9.494022060282121e-25	False	(array([ 0.37620643, -0.75907313]), (1.1333333333333335, 0.08128078817733986))	False
APOLD1	ENHA_BACH2;PATZ1	3.82177568852644	3.98263735623309e-24	False	((1.1333333333333335, -1.024137931034483), array([ 0.90319315, -0.47545852]))	False
APOLD1	ENHA_BCL6;PATZ1	6.19267609612137	4.5867442922126e-28	False	((1.1666666666666667, -1.0133004926108375), array([ 0.90319315, -0.47545852]))	False
APOLD1	ENHA_BACH2;PATZ1	3.82177568852644	3.98263735623309e-24	False	((1.1333333333333335, -1.024137931034483), array([ 0.90319315, -0.47545852]))	False
APOLD1	ENHA_BACH1;PATZ1	4.2725609442532	2.5069986250195e-25	False	((1.1, -1.034975369458128), array([ 0.90319315, -0.47545852]))	False
APOLD1	ENHA_BACH2;PATZ1	3.82177568852644	3.98263735623309e-24	False	((1.1333333333333335, -1.024137931034483), array([ 0.90319315, -0.47545852]))	False
APOLD1	ENHA_MITF;PATZ1	4.78775080793142	1.18162763727986e-26	False	((1.1333333333333335, -0.08128078817733986), array([ 0.90319315, -0.47545852]))	False
APOLD1	ENHA_BACH1;PATZ1	4.2725609442532	2.5069986250195e-25	False	((1.1, -1.034975369458128), array([ 0.90319315, -0.47545852]))	False
APOLD1	ENHA_TP53;PATZ1	4.50436385109083	5.15405744865626e-28	False	((1.1666666666666667, 0.8724137931034484), array([ 0.90319315, -0.47545852]))	False
APOLD1	ENHA_MITF;PATZ1	4.78775080793142	1.18162763727986e-26	False	((1.1333333333333335, -0.08128078817733986), array([ 0.90319315, -0.47545852]))	False
APOLD1	ENHA_TP53;PATZ1	4.50436385109083	5.15405744865626e-28	False	((1.1666666666666667, 0.8724137931034484), array([ 0.90319315, -0.47545852]))	False
APOLD1	ENHA_RBPJ;PATZ1	4.51719763721349	4.49926165812213e-27	False	((1.1, 0.36305418719211824), array([ 0.90319315, -0.47545852]))	False
APOLD1	ENHA_BACH2;PATZ1	3.82177568852644	3.98263735623309e-24	False	((1.1333333333333335, -1.024137931034483), array([ 0.90319315, -0.47545852]))	False
APOLD1	ENHA_MITF;PATZ1	4.78775080793142	1.18162763727986e-26	False	((1.1333333333333335, -0.08128078817733986), array([ 0.90319315, -0.47545852]))	False
APOLD1	ENHA_NR2C2;PATZ1	4.63618966078457	2.66131501168299e-28	False	((1.1666666666666667, 0.15714285714285725), array([ 0.90319315, -0.47545852]))	False
APOLD1	ENHA_RBPJ;PATZ1	4.51719763721349	4.49926165812213e-27	False	((1.1, 0.36305418719211824), array([ 0.90319315, -0.47545852]))	False
APOLD1	ENHA_RBPJ;PATZ1	4.51719763721349	4.49926165812213e-27	False	((1.1, 0.36305418719211824), array([ 0.90319315, -0.47545852]))	False
APOLD1	ENHA_TP53;PATZ1	4.50436385109083	5.15405744865626e-28	False	((1.1666666666666667, 0.8724137931034484), array([ 0.90319315, -0.47545852]))	False
APOLD1	ENHA_TP53;PATZ1	4.50436385109083	5.15405744865626e-28	False	((1.1666666666666667, 0.8724137931034484), array([ 0.90319315, -0.47545852]))	False
APOLD1	ENHA_BCL6;PATZ1	6.19267609612137	4.5867442922126e-28	False	((1.1666666666666667, -1.0133004926108375), array([ 0.90319315, -0.47545852]))	False
APOLD1	ENHA_TP53;PATZ1	4.50436385109083	5.15405744865626e-28	False	((1.1666666666666667, 0.8724137931034484), array([ 0.90319315, -0.47545852]))	False
APOLD1	ENHA_TP53;PATZ1	4.50436385109083	5.15405744865626e-28	False	((1.1666666666666667, 0.8724137931034484), array([ 0.90319315, -0.47545852]))	False
APOLD1	ENHA_RBPJ;PATZ1	4.51719763721349	4.49926165812213e-27	False	((1.1, 0.36305418719211824), array([ 0.90319315, -0.47545852]))	False
APOLD1	ENHA_MITF;PATZ1	4.78775080793142	1.18162763727986e-26	False	((1.1333333333333335, -0.08128078817733986), array([ 0.90319315, -0.47545852]))	False
APOLD1	ENHA_BACH2;PATZ1	3.82177568852644	3.98263735623309e-24	False	((1.1333333333333335, -1.024137931034483), array([ 0.90319315, -0.47545852]))	False
APOLD1	ENHA_NR2C2;PATZ1	4.63618966078457	2.66131501168299e-28	False	((1.1666666666666667, 0.15714285714285725), array([ 0.90319315, -0.47545852]))	False
APOLD1	ENHA_BACH1;PATZ1	4.2725609442532	2.5069986250195e-25	False	((1.1, -1.034975369458128), array([ 0.90319315, -0.47545852]))	False
APOLD1	ENHA_RBPJ;PATZ1	4.51719763721349	4.49926165812213e-27	False	((1.1, 0.36305418719211824), array([ 0.90319315, -0.47545852]))	False
APOLD1	ENHA_BACH2;PATZ1	3.82177568852644	3.98263735623309e-24	False	((1.1333333333333335, -1.024137931034483), array([ 0.90319315, -0.47545852]))	False
APOLD1	ENHA_BACH1;PATZ1	4.2725609442532	2.5069986250195e-25	False	((1.1, -1.034975369458128), array([ 0.90319315, -0.47545852]))	False
APOLD1	ENHA_TP53;PATZ1	4.50436385109083	5.15405744865626e-28	False	((1.1666666666666667, 0.8724137931034484), array([ 0.90319315, -0.47545852]))	False
APOLD1	ENHA_RBPJ;PATZ1	4.51719763721349	4.49926165812213e-27	False	((1.1, 0.36305418719211824), array([ 0.90319315, -0.47545852]))	False
APOLD1	ENHA_RBPJ;PATZ1	4.51719763721349	4.49926165812213e-27	False	((1.1, 0.36305418719211824), array([ 0.90319315, -0.47545852]))	False
APOLD1	ENHA_CREB1;NFIA	5.14885547780313	3.69208121585973e-33	False	((1.1, -0.9374384236453203), array([-0.60552266, -0.70346841]))	False
APOLD1	ENHA_RBPJ;NFIA	5.05910581372247	3.9814557017428405e-31	False	((1.1, 0.36305418719211824), array([-0.60552266, -0.70346841]))	False
APOLD1	ENHA_RBPJ;NFIA	5.05910581372247	3.9814557017428405e-31	False	((1.1, 0.36305418719211824), array([-0.60552266, -0.70346841]))	False
APOLD1	ENHA_RBPJ;NFIA	5.05910581372247	3.9814557017428405e-31	False	((1.1, 0.36305418719211824), array([-0.60552266, -0.70346841]))	False
APOLD1	ENHA_RBPJ;NFIA	5.05910581372247	3.9814557017428405e-31	False	((1.1, 0.36305418719211824), array([-0.60552266, -0.70346841]))	False
APOLD1	ENHA_CREB1;NFIA	5.14885547780313	3.69208121585973e-33	False	((1.1, -0.9374384236453203), array([-0.60552266, -0.70346841]))	False
APOLD1	ENHA_CREB1;NFIA	5.14885547780313	3.69208121585973e-33	False	((1.1, -0.9374384236453203), array([-0.60552266, -0.70346841]))	False
APOLD1	ENHA_RBPJ;NFIA	5.05910581372247	3.9814557017428405e-31	False	((1.1, 0.36305418719211824), array([-0.60552266, -0.70346841]))	False
APOLD1	ENHA_RBPJ;NFIA	5.05910581372247	3.9814557017428405e-31	False	((1.1, 0.36305418719211824), array([-0.60552266, -0.70346841]))	False
APOLD1	CHD3;ENHA_CREB1	7.26772823406117	6.43274681771795e-53	False	(array([-0.17085149, -0.39404197]), (1.1, -0.9374384236453203))	False
APOLD1	CHD3;ENHA_JUN	7.37741738754135	4.97177072777158e-47	False	(array([-0.17085149, -0.39404197]), (1.1666666666666667, -0.33054187192118223))	False
APOLD1	CHD3;ENHA_BHLHE40	4.62038671499655	4.92504223384598e-23	False	(array([-0.17085149, -0.39404197]), (1.1, -1.0024630541871922))	False
APOLD1	CHD3;ENHA_MAFG	6.30273780042201	2.9019717205348203e-46	False	(array([-0.17085149, -0.39404197]), (1.1666666666666667, -0.1679802955665024))	False
APOLD1	CHD3;ENHA_BHLHE40	4.62038671499655	4.92504223384598e-23	False	(array([-0.17085149, -0.39404197]), (1.1, -1.0024630541871922))	False
APOLD1	CHD3;ENHA_JUN	7.37741738754135	4.97177072777158e-47	False	(array([-0.17085149, -0.39404197]), (1.1666666666666667, -0.33054187192118223))	False
APOLD1	CHD3;ENHA_BHLHE40	4.62038671499655	4.92504223384598e-23	False	(array([-0.17085149, -0.39404197]), (1.1, -1.0024630541871922))	False
APOLD1	CHD3;ENHA_BHLHE40	4.62038671499655	4.92504223384598e-23	False	(array([-0.17085149, -0.39404197]), (1.1, -1.0024630541871922))	False
APOLD1	CHD3;ENHA_MAFG	6.30273780042201	2.9019717205348203e-46	False	(array([-0.17085149, -0.39404197]), (1.1666666666666667, -0.1679802955665024))	False
APOLD1	CHD3;ENHA_ZBTB7A	5.57622920855903	1.6573097440258e-36	False	(array([-0.17085149, -0.39404197]), (1.1, 0.9807881773399019))	False
APOLD1	CHD3;ENHA_MYB	5.11507310003792	5.1129150152728894e-30	False	(array([-0.17085149, -0.39404197]), (1.1333333333333335, -0.01625615763546784))	False
APOLD1	CHD3;ENHA_CREB1	7.26772823406117	6.43274681771795e-53	False	(array([-0.17085149, -0.39404197]), (1.1, -0.9374384236453203))	False
APOLD1	CHD3;ENHA_JUN	7.37741738754135	4.97177072777158e-47	False	(array([-0.17085149, -0.39404197]), (1.1666666666666667, -0.33054187192118223))	False
APOLD1	CHD3;ENHA_BHLHE40	4.62038671499655	4.92504223384598e-23	False	(array([-0.17085149, -0.39404197]), (1.1, -1.0024630541871922))	False
APOLD1	CHD3;ENHA_CREB1	7.26772823406117	6.43274681771795e-53	False	(array([-0.17085149, -0.39404197]), (1.1, -0.9374384236453203))	False
APOLD1	CHD3;ENHA_MYB	5.11507310003792	5.1129150152728894e-30	False	(array([-0.17085149, -0.39404197]), (1.1333333333333335, -0.01625615763546784))	False
APOLD1	CHD3;ENHA_MAFG	6.30273780042201	2.9019717205348203e-46	False	(array([-0.17085149, -0.39404197]), (1.1666666666666667, -0.1679802955665024))	False
APOLD1	CHD3;ENHA_ZBTB7A	5.57622920855903	1.6573097440258e-36	False	(array([-0.17085149, -0.39404197]), (1.1, 0.9807881773399019))	False
APOLD1	ENHA_CREB1;NFATC1	26.1771156501302	2.72241928921214e-91	False	((1.1, -0.9374384236453203), array([-0.61369105, -0.09527226]))	False
APOLD1	ENHA_ATF2;NFATC1	12.9256267090478	2.43746434131744e-82	False	((1.1666666666666667, -1.0783251231527093), array([-0.61369105, -0.09527226]))	True
APOLD1	ENHA_FOS;NFATC1	10.3547603854967	1.95400131885243e-70	False	((1.1, -0.7098522167487685), array([-0.61369105, -0.09527226]))	True
APOLD1	ENHA_ATF2;NFATC1	12.9256267090478	2.43746434131744e-82	False	((1.1666666666666667, -1.0783251231527093), array([-0.61369105, -0.09527226]))	True
APOLD1	ENHA_JUN;NFATC1	9.12407700028284	9.1321353869741e-64	False	((1.1666666666666667, -0.33054187192118223), array([-0.61369105, -0.09527226]))	True
APOLD1	ENHA_RBPJ;NFATC1	16.6521975873451	2.70212060845678e-85	False	((1.1, 0.36305418719211824), array([-0.61369105, -0.09527226]))	False
APOLD1	ENHA_ATF2;NFATC1	12.9256267090478	2.43746434131744e-82	False	((1.1666666666666667, -1.0783251231527093), array([-0.61369105, -0.09527226]))	True
APOLD1	ENHA_JUN;NFATC1	9.12407700028284	9.1321353869741e-64	False	((1.1666666666666667, -0.33054187192118223), array([-0.61369105, -0.09527226]))	True
APOLD1	ENHA_FOS;NFATC1	10.3547603854967	1.95400131885243e-70	False	((1.1, -0.7098522167487685), array([-0.61369105, -0.09527226]))	True
APOLD1	ENHA_TEAD2;NFATC1	10.1679054227633	2.5094461565711e-69	False	((1.1666666666666667, 0.7423645320197045), array([-0.61369105, -0.09527226]))	False
APOLD1	ENHA_EGR1;NFATC1	14.276480275435	2.77789202580774e-68	False	((1.1, -0.8399014778325123), array([-0.61369105, -0.09527226]))	False
APOLD1	ENHA_ATF2;NFATC1	12.9256267090478	2.43746434131744e-82	False	((1.1666666666666667, -1.0783251231527093), array([-0.61369105, -0.09527226]))	True
APOLD1	ENHA_RBPJ;NFATC1	16.6521975873451	2.70212060845678e-85	False	((1.1, 0.36305418719211824), array([-0.61369105, -0.09527226]))	False
APOLD1	ENHA_RBPJ;NFATC1	16.6521975873451	2.70212060845678e-85	False	((1.1, 0.36305418719211824), array([-0.61369105, -0.09527226]))	False
APOLD1	ENHA_TEAD2;NFATC1	10.1679054227633	2.5094461565711e-69	False	((1.1666666666666667, 0.7423645320197045), array([-0.61369105, -0.09527226]))	False
APOLD1	ENHA_CUX1;NFATC1	8.16144843779411	4.45195803701001e-29	False	((1.1333333333333335, -0.894088669950739), array([-0.61369105, -0.09527226]))	False
APOLD1	ENHA_EGR1;NFATC1	14.276480275435	2.77789202580774e-68	False	((1.1, -0.8399014778325123), array([-0.61369105, -0.09527226]))	False
APOLD1	ENHA_HOXA10;NFATC1	6.24255055762757	1.9886044553544902e-45	False	((1.1666666666666667, -0.49310344827586206), array([-0.61369105, -0.09527226]))	False
APOLD1	ENHA_TEAD2;NFATC1	10.1679054227633	2.5094461565711e-69	False	((1.1666666666666667, 0.7423645320197045), array([-0.61369105, -0.09527226]))	False
APOLD1	ENHA_EGR1;NFATC1	14.276480275435	2.77789202580774e-68	False	((1.1, -0.8399014778325123), array([-0.61369105, -0.09527226]))	False
APOLD1	ENHA_RBPJ;NFATC1	16.6521975873451	2.70212060845678e-85	False	((1.1, 0.36305418719211824), array([-0.61369105, -0.09527226]))	False
APOLD1	ENHA_EGR1;NFATC1	14.276480275435	2.77789202580774e-68	False	((1.1, -0.8399014778325123), array([-0.61369105, -0.09527226]))	False
APOLD1	ENHA_ATF3;NFATC1	7.71376481772478	3.57425770154286e-49	False	((1.1, -1.0674876847290642), array([-0.61369105, -0.09527226]))	True
APOLD1	ENHA_CREB1;NFATC1	26.1771156501302	2.72241928921214e-91	False	((1.1, -0.9374384236453203), array([-0.61369105, -0.09527226]))	False
APOLD1	ENHA_ATF2;NFATC1	12.9256267090478	2.43746434131744e-82	False	((1.1666666666666667, -1.0783251231527093), array([-0.61369105, -0.09527226]))	True
APOLD1	ENHA_JUN;NFATC1	9.12407700028284	9.1321353869741e-64	False	((1.1666666666666667, -0.33054187192118223), array([-0.61369105, -0.09527226]))	True
APOLD1	ENHA_CREB1;NFATC1	26.1771156501302	2.72241928921214e-91	False	((1.1, -0.9374384236453203), array([-0.61369105, -0.09527226]))	False
APOLD1	ENHA_TEAD2;NFATC1	10.1679054227633	2.5094461565711e-69	False	((1.1666666666666667, 0.7423645320197045), array([-0.61369105, -0.09527226]))	False
APOLD1	ENHA_RBPJ;NFATC1	16.6521975873451	2.70212060845678e-85	False	((1.1, 0.36305418719211824), array([-0.61369105, -0.09527226]))	False
APOLD1	ENHA_FOS;NFATC1	10.3547603854967	1.95400131885243e-70	False	((1.1, -0.7098522167487685), array([-0.61369105, -0.09527226]))	True
APOLD1	ENHA_HOXA10;NFATC1	6.24255055762757	1.9886044553544902e-45	False	((1.1666666666666667, -0.49310344827586206), array([-0.61369105, -0.09527226]))	False
APOLD1	ENHA_EGR1;NFATC1	14.276480275435	2.77789202580774e-68	False	((1.1, -0.8399014778325123), array([-0.61369105, -0.09527226]))	False
APOLD1	ENHA_RBPJ;NFATC1	16.6521975873451	2.70212060845678e-85	False	((1.1, 0.36305418719211824), array([-0.61369105, -0.09527226]))	False
APOLD1	ENHA_HOXA10;NFATC1	6.24255055762757	1.9886044553544902e-45	False	((1.1666666666666667, -0.49310344827586206), array([-0.61369105, -0.09527226]))	False
APOLD1	ENHA_RBPJ;NFATC1	16.6521975873451	2.70212060845678e-85	False	((1.1, 0.36305418719211824), array([-0.61369105, -0.09527226]))	False
APOLD1	CEBPA;ENHA_ATF2	11.7635533403995	1.02619467545218e-77	False	(array([-0.61007799,  0.75438991]), (1.1666666666666667, -1.0783251231527093))	False
APOLD1	CEBPA;ENHA_ATF2	11.7635533403995	1.02619467545218e-77	False	(array([-0.61007799,  0.75438991]), (1.1666666666666667, -1.0783251231527093))	False
APOLD1	CEBPA;ENHA_BHLHE41	7.71481541938977	5.57039056598928e-47	False	(array([-0.61007799,  0.75438991]), (1.1333333333333335, -0.9916256157635469))	False
APOLD1	CEBPA;ENHA_NFATC4	8.37271362853144	1.70164658631968e-57	False	(array([-0.61007799,  0.75438991]), (1.1333333333333335, 0.01625615763546806))	False
APOLD1	CEBPA;ENHA_KLF5	8.79255544669723	1.02776365695544e-61	False	(array([-0.61007799,  0.75438991]), (1.1, -0.22216748768472905))	False
APOLD1	CEBPA;ENHA_NFATC4	8.37271362853144	1.70164658631968e-57	False	(array([-0.61007799,  0.75438991]), (1.1333333333333335, 0.01625615763546806))	False
APOLD1	CEBPA;ENHA_BHLHE41	7.71481541938977	5.57039056598928e-47	False	(array([-0.61007799,  0.75438991]), (1.1333333333333335, -0.9916256157635469))	False
APOLD1	CEBPA;ENHA_KLF5	8.79255544669723	1.02776365695544e-61	False	(array([-0.61007799,  0.75438991]), (1.1, -0.22216748768472905))	False
APOLD1	CEBPA;ENHA_ATF2	11.7635533403995	1.02619467545218e-77	False	(array([-0.61007799,  0.75438991]), (1.1666666666666667, -1.0783251231527093))	False
APOLD1	CEBPA;ENHA_ATF4	10.148524665062	1.85801654290241e-69	False	(array([-0.61007799,  0.75438991]), (1.1333333333333335, -1.0566502463054188))	False
APOLD1	CEBPA;ENHA_MAX	13.4465159239181	4.06749567222643e-79	False	(array([-0.61007799,  0.75438991]), (1.1333333333333335, -0.14630541871921177))	False
APOLD1	CEBPA;ENHA_BHLHE41	7.71481541938977	5.57039056598928e-47	False	(array([-0.61007799,  0.75438991]), (1.1333333333333335, -0.9916256157635469))	False
APOLD1	CEBPA;ENHA_MAX	13.4465159239181	4.06749567222643e-79	False	(array([-0.61007799,  0.75438991]), (1.1333333333333335, -0.14630541871921177))	False
APOLD1	CEBPA;ENHA_KLF5	8.79255544669723	1.02776365695544e-61	False	(array([-0.61007799,  0.75438991]), (1.1, -0.22216748768472905))	False
APOLD1	CEBPA;ENHA_ATF2	11.7635533403995	1.02619467545218e-77	False	(array([-0.61007799,  0.75438991]), (1.1666666666666667, -1.0783251231527093))	False
APOLD1	CEBPA;ENHA_MAX	13.4465159239181	4.06749567222643e-79	False	(array([-0.61007799,  0.75438991]), (1.1333333333333335, -0.14630541871921177))	False
APOLD1	CEBPA;ENHA_ATF4	10.148524665062	1.85801654290241e-69	False	(array([-0.61007799,  0.75438991]), (1.1333333333333335, -1.0566502463054188))	False
APOLD1	CEBPA;ENHA_ATF4	10.148524665062	1.85801654290241e-69	False	(array([-0.61007799,  0.75438991]), (1.1333333333333335, -1.0566502463054188))	False
APOLD1	CEBPA;ENHA_KLF5	8.79255544669723	1.02776365695544e-61	False	(array([-0.61007799,  0.75438991]), (1.1, -0.22216748768472905))	False
APOLD1	CEBPA;ENHA_MAX	13.4465159239181	4.06749567222643e-79	False	(array([-0.61007799,  0.75438991]), (1.1333333333333335, -0.14630541871921177))	False
APOLD1	CEBPA;ENHA_BHLHE41	7.71481541938977	5.57039056598928e-47	False	(array([-0.61007799,  0.75438991]), (1.1333333333333335, -0.9916256157635469))	False
APOLD1	CEBPA;ENHA_MAX	13.4465159239181	4.06749567222643e-79	False	(array([-0.61007799,  0.75438991]), (1.1333333333333335, -0.14630541871921177))	False
APOLD1	CEBPA;ENHA_ATF4	10.148524665062	1.85801654290241e-69	False	(array([-0.61007799,  0.75438991]), (1.1333333333333335, -1.0566502463054188))	False
APOLD1	CEBPA;ENHA_MAX	13.4465159239181	4.06749567222643e-79	False	(array([-0.61007799,  0.75438991]), (1.1333333333333335, -0.14630541871921177))	False
APOLD1	CEBPA;ENHA_NFATC4	8.37271362853144	1.70164658631968e-57	False	(array([-0.61007799,  0.75438991]), (1.1333333333333335, 0.01625615763546806))	False
APOLD1	CEBPA;ENHA_ATF4	10.148524665062	1.85801654290241e-69	False	(array([-0.61007799,  0.75438991]), (1.1333333333333335, -1.0566502463054188))	False
APOLD1	CEBPA;ENHA_MAX	13.4465159239181	4.06749567222643e-79	False	(array([-0.61007799,  0.75438991]), (1.1333333333333335, -0.14630541871921177))	False
APOLD1	CEBPA;ENHA_NFATC4	8.37271362853144	1.70164658631968e-57	False	(array([-0.61007799,  0.75438991]), (1.1333333333333335, 0.01625615763546806))	False
APOLD1	CEBPA;ENHA_KLF5	8.79255544669723	1.02776365695544e-61	False	(array([-0.61007799,  0.75438991]), (1.1, -0.22216748768472905))	False
APOLD1	CEBPA;ENHA_ATF2	11.7635533403995	1.02619467545218e-77	False	(array([-0.61007799,  0.75438991]), (1.1666666666666667, -1.0783251231527093))	False
APOLD1	CEBPA;ENHA_MAX	13.4465159239181	4.06749567222643e-79	False	(array([-0.61007799,  0.75438991]), (1.1333333333333335, -0.14630541871921177))	False
APOLD1	CEBPA;ENHA_KLF5	8.79255544669723	1.02776365695544e-61	False	(array([-0.61007799,  0.75438991]), (1.1, -0.22216748768472905))	False
APOLD1	CEBPA;ENHA_MAX	13.4465159239181	4.06749567222643e-79	False	(array([-0.61007799,  0.75438991]), (1.1333333333333335, -0.14630541871921177))	False
APOLD1	CEBPA;ENHA_NFATC4	8.37271362853144	1.70164658631968e-57	False	(array([-0.61007799,  0.75438991]), (1.1333333333333335, 0.01625615763546806))	False
APOLD1	ENHA_REL;GRB2	6.3381390499868	6.401155603578069e-34	False	((1.1333333333333335, 0.3738916256157636), array([ 0.46954214, -0.0915273 ]))	False
APOLD1	ENHA_REL;GRB2	6.3381390499868	6.401155603578069e-34	False	((1.1333333333333335, 0.3738916256157636), array([ 0.46954214, -0.0915273 ]))	False
APOLD1	ENHA_ZBTB7B;GRB2	5.22534678002464	2.8613450135725097e-22	False	((1.1333333333333335, 0.9916256157635468), array([ 0.46954214, -0.0915273 ]))	False
APOLD1	ENHA_IRF5;GRB2	5.52753724337785	9.203258278513581e-20	False	((1.1333333333333335, -0.3738916256157635), array([ 0.46954214, -0.0915273 ]))	False
APOLD1	ENHA_ZBTB7B;GRB2	5.22534678002464	2.8613450135725097e-22	False	((1.1333333333333335, 0.9916256157635468), array([ 0.46954214, -0.0915273 ]))	False
APOLD1	ENHA_ETV6;GRB2	5.43461711545881	2.97436904100462e-22	False	((1.1666666666666667, -0.7206896551724138), array([ 0.46954214, -0.0915273 ]))	False
APOLD1	ENHA_ZBTB7B;GRB2	5.22534678002464	2.8613450135725097e-22	False	((1.1333333333333335, 0.9916256157635468), array([ 0.46954214, -0.0915273 ]))	False
APOLD1	ENHA_ETV6;GRB2	5.43461711545881	2.97436904100462e-22	False	((1.1666666666666667, -0.7206896551724138), array([ 0.46954214, -0.0915273 ]))	False
APOLD1	ENHA_FOS;SMARCC1	6.68520346637634	1.52871708852564e-42	False	((1.1, -0.7098522167487685), array([0.39043565, 0.5609958 ]))	False
APOLD1	ENHA_JUN;SMARCC1	5.15441858631029	1.00675369112677e-23	False	((1.1666666666666667, -0.33054187192118223), array([0.39043565, 0.5609958 ]))	False
APOLD1	ENHA_TP53;SMARCC1	5.2025409014212	5.07109785226736e-33	False	((1.1666666666666667, 0.8724137931034484), array([0.39043565, 0.5609958 ]))	False
APOLD1	ENHA_TP53;SMARCC1	5.2025409014212	5.07109785226736e-33	False	((1.1666666666666667, 0.8724137931034484), array([0.39043565, 0.5609958 ]))	False
APOLD1	ENHA_NR3C1;SMARCC1	6.71486984186856	2.58513804745172e-44	False	((1.1666666666666667, 0.18965517241379315), array([0.39043565, 0.5609958 ]))	False
APOLD1	ENHA_JUN;SMARCC1	5.15441858631029	1.00675369112677e-23	False	((1.1666666666666667, -0.33054187192118223), array([0.39043565, 0.5609958 ]))	False
APOLD1	ENHA_FOS;SMARCC1	6.68520346637634	1.52871708852564e-42	False	((1.1, -0.7098522167487685), array([0.39043565, 0.5609958 ]))	False
APOLD1	ENHA_MYC;SMARCC1	5.13249560192797	1.6787759304596502e-25	False	((1.1666666666666667, -0.005418719211822687), array([0.39043565, 0.5609958 ]))	False
APOLD1	ENHA_NR3C1;SMARCC1	6.71486984186856	2.58513804745172e-44	False	((1.1666666666666667, 0.18965517241379315), array([0.39043565, 0.5609958 ]))	False
APOLD1	ENHA_MYC;SMARCC1	5.13249560192797	1.6787759304596502e-25	False	((1.1666666666666667, -0.005418719211822687), array([0.39043565, 0.5609958 ]))	False
APOLD1	ENHA_TP53;SMARCC1	5.2025409014212	5.07109785226736e-33	False	((1.1666666666666667, 0.8724137931034484), array([0.39043565, 0.5609958 ]))	False
APOLD1	ENHA_TP53;SMARCC1	5.2025409014212	5.07109785226736e-33	False	((1.1666666666666667, 0.8724137931034484), array([0.39043565, 0.5609958 ]))	False
APOLD1	ENHA_TP53;SMARCC1	5.2025409014212	5.07109785226736e-33	False	((1.1666666666666667, 0.8724137931034484), array([0.39043565, 0.5609958 ]))	False
APOLD1	ENHA_TP53;SMARCC1	5.2025409014212	5.07109785226736e-33	False	((1.1666666666666667, 0.8724137931034484), array([0.39043565, 0.5609958 ]))	False
APOLD1	ENHA_MYC;SMARCC1	5.13249560192797	1.6787759304596502e-25	False	((1.1666666666666667, -0.005418719211822687), array([0.39043565, 0.5609958 ]))	False
APOLD1	ENHA_JUN;SMARCC1	5.15441858631029	1.00675369112677e-23	False	((1.1666666666666667, -0.33054187192118223), array([0.39043565, 0.5609958 ]))	False
APOLD1	ENHA_NR2C2;SMARCC1	5.54123310579795	3.99386471299283e-36	False	((1.1666666666666667, 0.15714285714285725), array([0.39043565, 0.5609958 ]))	False
APOLD1	ENHA_MYC;SMARCC1	5.13249560192797	1.6787759304596502e-25	False	((1.1666666666666667, -0.005418719211822687), array([0.39043565, 0.5609958 ]))	False
APOLD1	ENHA_NR3C1;SMARCC1	6.71486984186856	2.58513804745172e-44	False	((1.1666666666666667, 0.18965517241379315), array([0.39043565, 0.5609958 ]))	False
APOLD1	ENHA_FOS;SMARCC1	6.68520346637634	1.52871708852564e-42	False	((1.1, -0.7098522167487685), array([0.39043565, 0.5609958 ]))	False
APOLD1	ENHA_TP53;SMARCC1	5.2025409014212	5.07109785226736e-33	False	((1.1666666666666667, 0.8724137931034484), array([0.39043565, 0.5609958 ]))	False
APOLD1	ENHA_NR2C2;SMARCC1	5.54123310579795	3.99386471299283e-36	False	((1.1666666666666667, 0.15714285714285725), array([0.39043565, 0.5609958 ]))	False
APOLD1	ENHA_NR3C1;SMARCC1	6.71486984186856	2.58513804745172e-44	False	((1.1666666666666667, 0.18965517241379315), array([0.39043565, 0.5609958 ]))	False
APOLD1	ENHA_NR3C1;SMARCC1	6.71486984186856	2.58513804745172e-44	False	((1.1666666666666667, 0.18965517241379315), array([0.39043565, 0.5609958 ]))	False
APOLD1	ENHA_POU2F1;PROM_SP4	6.43558761010646	2.09639510519347e-37	False	((1.1666666666666667, 0.28719211822660107), (-1.1333333333333335, 0.4304347826086956))	False
APOLD1	ENHA_POU2F1;PROM_SP4	6.43558761010646	2.09639510519347e-37	False	((1.1666666666666667, 0.28719211822660107), (-1.1333333333333335, 0.4304347826086956))	False
APOLD1	ENHA_POU2F1;PROM_SP4	6.43558761010646	2.09639510519347e-37	False	((1.1666666666666667, 0.28719211822660107), (-1.1333333333333335, 0.4304347826086956))	False
APOLD1	BANP;PROM_SP4	4.73157229123675	2.70757660814062e-31	False	(array([-0.5726951 ,  0.44330997]), (-1.1333333333333335, 0.4304347826086956))	False
APOLD1	ENHA_FOXK1;RNPS1	7.96446822226852	2.15302679316855e-48	False	((1.1333333333333335, -0.6665024630541873), array([ 0.33580106, -0.95742233]))	False
APOLD1	ENHA_FOXK1;RNPS1	7.96446822226852	2.15302679316855e-48	False	((1.1333333333333335, -0.6665024630541873), array([ 0.33580106, -0.95742233]))	False
APOLD1	ENHA_FOXK1;RNPS1	7.96446822226852	2.15302679316855e-48	False	((1.1333333333333335, -0.6665024630541873), array([ 0.33580106, -0.95742233]))	False
APOLD1	ENHA_FOXK1;RNPS1	7.96446822226852	2.15302679316855e-48	False	((1.1333333333333335, -0.6665024630541873), array([ 0.33580106, -0.95742233]))	False
APOLD1	ENHA_FOXK1;RNPS1	7.96446822226852	2.15302679316855e-48	False	((1.1333333333333335, -0.6665024630541873), array([ 0.33580106, -0.95742233]))	False
APOLD1	ENHA_FOXK1;RNPS1	7.96446822226852	2.15302679316855e-48	False	((1.1333333333333335, -0.6665024630541873), array([ 0.33580106, -0.95742233]))	False
APOLD1	ENHA_FOXO3;PNKP	7.68153413487986	1.03641349812713e-51	False	((1.1, -0.6448275862068966), array([0.93929679, 0.08348491]))	False
APOLD1	ENHA_FOXO3;PNKP	7.68153413487986	1.03641349812713e-51	False	((1.1, -0.6448275862068966), array([0.93929679, 0.08348491]))	False
APOLD1	ENHA_FOXO3;PNKP	7.68153413487986	1.03641349812713e-51	False	((1.1, -0.6448275862068966), array([0.93929679, 0.08348491]))	False
APOLD1	ENHA_NR3C1;TXN2	9.3657045590397	1.48020612160079e-64	False	((1.1666666666666667, 0.18965517241379315), array([0.52260207, 0.86813256]))	False
APOLD1	ENHA_NR3C1;TXN2	9.3657045590397	1.48020612160079e-64	False	((1.1666666666666667, 0.18965517241379315), array([0.52260207, 0.86813256]))	False
APOLD1	ENHA_NR3C1;TXN2	9.3657045590397	1.48020612160079e-64	False	((1.1666666666666667, 0.18965517241379315), array([0.52260207, 0.86813256]))	False
APOLD1	ENHA_ZBTB14;TXN2	3.48835261969331	4.73594653789877e-06	False	((1.1, 0.9482758620689657), array([0.52260207, 0.86813256]))	False
APOLD1	ENHA_NR3C1;TXN2	9.3657045590397	1.48020612160079e-64	False	((1.1666666666666667, 0.18965517241379315), array([0.52260207, 0.86813256]))	False
APOLD1	ENHA_NR3C1;TXN2	9.3657045590397	1.48020612160079e-64	False	((1.1666666666666667, 0.18965517241379315), array([0.52260207, 0.86813256]))	False
APOLD1	ENHA_CREB1;POGZ	24.5268325119682	6.36204940362332e-85	False	((1.1, -0.9374384236453203), array([-0.8925105 ,  0.26577489]))	False
APOLD1	ENHA_SP1;POGZ	13.3765115434555	7.72468449330192e-42	False	((1.1666666666666667, 0.5798029556650248), array([-0.8925105 ,  0.26577489]))	False
APOLD1	ENHA_SP1;POGZ	13.3765115434555	7.72468449330192e-42	False	((1.1666666666666667, 0.5798029556650248), array([-0.8925105 ,  0.26577489]))	False
APOLD1	ENHA_SP1;POGZ	13.3765115434555	7.72468449330192e-42	False	((1.1666666666666667, 0.5798029556650248), array([-0.8925105 ,  0.26577489]))	False
APOLD1	ENHA_NFYA;POGZ	9.43892346427376	6.166853607381031e-65	False	((1.1, 0.1029556650246306), array([-0.8925105 ,  0.26577489]))	False
APOLD1	ENHA_NFYC;POGZ	7.08925640474655	1.0280831583483398e-40	False	((1.1666666666666667, 0.12463054187192135), array([-0.8925105 ,  0.26577489]))	False
APOLD1	ENHA_POU2F1;POGZ	5.58662836347571	2.33734838543904e-37	False	((1.1666666666666667, 0.28719211822660107), array([-0.8925105 ,  0.26577489]))	False
APOLD1	ENHA_SP1;POGZ	13.3765115434555	7.72468449330192e-42	False	((1.1666666666666667, 0.5798029556650248), array([-0.8925105 ,  0.26577489]))	False
APOLD1	ENHA_POU2F1;POGZ	5.58662836347571	2.33734838543904e-37	False	((1.1666666666666667, 0.28719211822660107), array([-0.8925105 ,  0.26577489]))	False
APOLD1	ENHA_SP1;POGZ	13.3765115434555	7.72468449330192e-42	False	((1.1666666666666667, 0.5798029556650248), array([-0.8925105 ,  0.26577489]))	False
APOLD1	ENHA_SP1;POGZ	13.3765115434555	7.72468449330192e-42	False	((1.1666666666666667, 0.5798029556650248), array([-0.8925105 ,  0.26577489]))	False
APOLD1	ENHA_POU2F1;POGZ	5.58662836347571	2.33734838543904e-37	False	((1.1666666666666667, 0.28719211822660107), array([-0.8925105 ,  0.26577489]))	False
APOLD1	ENHA_SP1;POGZ	13.3765115434555	7.72468449330192e-42	False	((1.1666666666666667, 0.5798029556650248), array([-0.8925105 ,  0.26577489]))	False
APOLD1	ENHA_SP1;POGZ	13.3765115434555	7.72468449330192e-42	False	((1.1666666666666667, 0.5798029556650248), array([-0.8925105 ,  0.26577489]))	False
APOLD1	ENHA_SP1;POGZ	13.3765115434555	7.72468449330192e-42	False	((1.1666666666666667, 0.5798029556650248), array([-0.8925105 ,  0.26577489]))	False
APOLD1	ENHA_SP1;POGZ	13.3765115434555	7.72468449330192e-42	False	((1.1666666666666667, 0.5798029556650248), array([-0.8925105 ,  0.26577489]))	False
APOLD1	ENHA_SP1;POGZ	13.3765115434555	7.72468449330192e-42	False	((1.1666666666666667, 0.5798029556650248), array([-0.8925105 ,  0.26577489]))	False
APOLD1	ENHA_SP1;POGZ	13.3765115434555	7.72468449330192e-42	False	((1.1666666666666667, 0.5798029556650248), array([-0.8925105 ,  0.26577489]))	False
APOLD1	ENHA_CREB1;POGZ	24.5268325119682	6.36204940362332e-85	False	((1.1, -0.9374384236453203), array([-0.8925105 ,  0.26577489]))	False
APOLD1	ENHA_SP1;POGZ	13.3765115434555	7.72468449330192e-42	False	((1.1666666666666667, 0.5798029556650248), array([-0.8925105 ,  0.26577489]))	False
APOLD1	ENHA_CREB1;POGZ	24.5268325119682	6.36204940362332e-85	False	((1.1, -0.9374384236453203), array([-0.8925105 ,  0.26577489]))	False
APOLD1	ENHA_NFYA;POGZ	9.43892346427376	6.166853607381031e-65	False	((1.1, 0.1029556650246306), array([-0.8925105 ,  0.26577489]))	False
APOLD1	ENHA_NFYC;POGZ	7.08925640474655	1.0280831583483398e-40	False	((1.1666666666666667, 0.12463054187192135), array([-0.8925105 ,  0.26577489]))	False
APOLD1	ENHA_SP1;POGZ	13.3765115434555	7.72468449330192e-42	False	((1.1666666666666667, 0.5798029556650248), array([-0.8925105 ,  0.26577489]))	False
APOLD1	ENHA_NFYA;POGZ	9.43892346427376	6.166853607381031e-65	False	((1.1, 0.1029556650246306), array([-0.8925105 ,  0.26577489]))	False
APOLD1	ENHA_SP1;POGZ	13.3765115434555	7.72468449330192e-42	False	((1.1666666666666667, 0.5798029556650248), array([-0.8925105 ,  0.26577489]))	False
APOLD1	ENHA_NFYC;POGZ	7.08925640474655	1.0280831583483398e-40	False	((1.1666666666666667, 0.12463054187192135), array([-0.8925105 ,  0.26577489]))	False
APOLD1	ENHA_SP1;POGZ	13.3765115434555	7.72468449330192e-42	False	((1.1666666666666667, 0.5798029556650248), array([-0.8925105 ,  0.26577489]))	False
APOLD1	ENHA_SP1;POGZ	13.3765115434555	7.72468449330192e-42	False	((1.1666666666666667, 0.5798029556650248), array([-0.8925105 ,  0.26577489]))	False
APOLD1	ENHA_CREB1;POU2F1	22.4429065073724	3.08877656831056e-87	False	((1.1, -0.9374384236453203), array([0.29882754, 0.3564074 ]))	False
APOLD1	ENHA_SP1;POU2F1	54.5874009557083	1.05787340127282e-48	False	((1.1666666666666667, 0.5798029556650248), array([0.29882754, 0.3564074 ]))	False
APOLD1	ENHA_SP1;POU2F1	54.5874009557083	1.05787340127282e-48	False	((1.1666666666666667, 0.5798029556650248), array([0.29882754, 0.3564074 ]))	False
APOLD1	ENHA_SP1;POU2F1	54.5874009557083	1.05787340127282e-48	False	((1.1666666666666667, 0.5798029556650248), array([0.29882754, 0.3564074 ]))	False
APOLD1	ENHA_SP1;POU2F1	54.5874009557083	1.05787340127282e-48	False	((1.1666666666666667, 0.5798029556650248), array([0.29882754, 0.3564074 ]))	False
APOLD1	ENHA_SP1;POU2F1	54.5874009557083	1.05787340127282e-48	False	((1.1666666666666667, 0.5798029556650248), array([0.29882754, 0.3564074 ]))	False
APOLD1	ENHA_NR3C1;POU2F1	11.8423341136748	5.04381883551356e-75	False	((1.1666666666666667, 0.18965517241379315), array([0.29882754, 0.3564074 ]))	False
APOLD1	ENHA_SP4;POU2F1	7.32238944214374	8.629787921219859e-50	False	((1.1666666666666667, 0.6123152709359607), array([0.29882754, 0.3564074 ]))	False
APOLD1	ENHA_SP1;POU2F1	54.5874009557083	1.05787340127282e-48	False	((1.1666666666666667, 0.5798029556650248), array([0.29882754, 0.3564074 ]))	False
APOLD1	ENHA_SP1;POU2F1	54.5874009557083	1.05787340127282e-48	False	((1.1666666666666667, 0.5798029556650248), array([0.29882754, 0.3564074 ]))	False
APOLD1	ENHA_TEAD2;POU2F1	9.26776392181625	6.73301070133987e-65	False	((1.1666666666666667, 0.7423645320197045), array([0.29882754, 0.3564074 ]))	False
APOLD1	ENHA_SP1;POU2F1	54.5874009557083	1.05787340127282e-48	False	((1.1666666666666667, 0.5798029556650248), array([0.29882754, 0.3564074 ]))	False
APOLD1	ENHA_NR3C1;POU2F1	11.8423341136748	5.04381883551356e-75	False	((1.1666666666666667, 0.18965517241379315), array([0.29882754, 0.3564074 ]))	False
APOLD1	ENHA_TEAD2;POU2F1	9.26776392181625	6.73301070133987e-65	False	((1.1666666666666667, 0.7423645320197045), array([0.29882754, 0.3564074 ]))	False
APOLD1	ENHA_SP1;POU2F1	54.5874009557083	1.05787340127282e-48	False	((1.1666666666666667, 0.5798029556650248), array([0.29882754, 0.3564074 ]))	False
APOLD1	ENHA_SP1;POU2F1	54.5874009557083	1.05787340127282e-48	False	((1.1666666666666667, 0.5798029556650248), array([0.29882754, 0.3564074 ]))	False
APOLD1	ENHA_SP1;POU2F1	54.5874009557083	1.05787340127282e-48	False	((1.1666666666666667, 0.5798029556650248), array([0.29882754, 0.3564074 ]))	False
APOLD1	ENHA_TEAD2;POU2F1	9.26776392181625	6.73301070133987e-65	False	((1.1666666666666667, 0.7423645320197045), array([0.29882754, 0.3564074 ]))	False
APOLD1	ENHA_SP4;POU2F1	7.32238944214374	8.629787921219859e-50	False	((1.1666666666666667, 0.6123152709359607), array([0.29882754, 0.3564074 ]))	False
APOLD1	ENHA_CREB1;POU2F1	22.4429065073724	3.08877656831056e-87	False	((1.1, -0.9374384236453203), array([0.29882754, 0.3564074 ]))	False
APOLD1	ENHA_NR3C1;POU2F1	11.8423341136748	5.04381883551356e-75	False	((1.1666666666666667, 0.18965517241379315), array([0.29882754, 0.3564074 ]))	False
APOLD1	ENHA_SP1;POU2F1	54.5874009557083	1.05787340127282e-48	False	((1.1666666666666667, 0.5798029556650248), array([0.29882754, 0.3564074 ]))	False
APOLD1	ENHA_CREB1;POU2F1	22.4429065073724	3.08877656831056e-87	False	((1.1, -0.9374384236453203), array([0.29882754, 0.3564074 ]))	False
APOLD1	ENHA_TEAD2;POU2F1	9.26776392181625	6.73301070133987e-65	False	((1.1666666666666667, 0.7423645320197045), array([0.29882754, 0.3564074 ]))	False
APOLD1	ENHA_HOXC4;POU2F1	6.65502825446329	3.92911789361369e-32	False	((1.1333333333333335, -0.4389162561576355), array([0.29882754, 0.3564074 ]))	False
APOLD1	ENHA_SP1;POU2F1	54.5874009557083	1.05787340127282e-48	False	((1.1666666666666667, 0.5798029556650248), array([0.29882754, 0.3564074 ]))	False
APOLD1	ENHA_NR3C1;POU2F1	11.8423341136748	5.04381883551356e-75	False	((1.1666666666666667, 0.18965517241379315), array([0.29882754, 0.3564074 ]))	False
APOLD1	ENHA_SP1;POU2F1	54.5874009557083	1.05787340127282e-48	False	((1.1666666666666667, 0.5798029556650248), array([0.29882754, 0.3564074 ]))	False
APOLD1	ENHA_SP4;POU2F1	7.32238944214374	8.629787921219859e-50	False	((1.1666666666666667, 0.6123152709359607), array([0.29882754, 0.3564074 ]))	False
APOLD1	ENHA_SP1;POU2F1	54.5874009557083	1.05787340127282e-48	False	((1.1666666666666667, 0.5798029556650248), array([0.29882754, 0.3564074 ]))	False
APOLD1	ENHA_NR3C1;POU2F1	11.8423341136748	5.04381883551356e-75	False	((1.1666666666666667, 0.18965517241379315), array([0.29882754, 0.3564074 ]))	False
APOLD1	ENHA_SP1;POU2F1	54.5874009557083	1.05787340127282e-48	False	((1.1666666666666667, 0.5798029556650248), array([0.29882754, 0.3564074 ]))	False
APOLD1	POU2F1;PROM_SP4	4.49247377169917	2.14731914186849e-29	False	(array([0.29882754, 0.3564074 ]), (-1.1333333333333335, 0.4304347826086956))	False
APOLD1	ENHA_MEF2D;NFATC2	12.3383446292692	6.681905596031499e-58	False	((1.1666666666666667, -0.1029556650246305), array([0.71200326, 0.61499681]))	False
APOLD1	ENHA_CREB1;NFATC2	23.8377737913818	4.0578022693969304e-91	False	((1.1, -0.9374384236453203), array([0.71200326, 0.61499681]))	False
APOLD1	ENHA_FOS;NFATC2	10.2593849450039	3.13588938516331e-70	False	((1.1, -0.7098522167487685), array([0.71200326, 0.61499681]))	False
APOLD1	ENHA_JUN;NFATC2	9.09696639138621	6.5869027333413e-63	False	((1.1666666666666667, -0.33054187192118223), array([0.71200326, 0.61499681]))	False
APOLD1	ENHA_MEF2D;NFATC2	12.3383446292692	6.681905596031499e-58	False	((1.1666666666666667, -0.1029556650246305), array([0.71200326, 0.61499681]))	False
APOLD1	ENHA_MEF2D;NFATC2	12.3383446292692	6.681905596031499e-58	False	((1.1666666666666667, -0.1029556650246305), array([0.71200326, 0.61499681]))	False
APOLD1	ENHA_MEF2D;NFATC2	12.3383446292692	6.681905596031499e-58	False	((1.1666666666666667, -0.1029556650246305), array([0.71200326, 0.61499681]))	False
APOLD1	ENHA_JUN;NFATC2	9.09696639138621	6.5869027333413e-63	False	((1.1666666666666667, -0.33054187192118223), array([0.71200326, 0.61499681]))	False
APOLD1	ENHA_FOS;NFATC2	10.2593849450039	3.13588938516331e-70	False	((1.1, -0.7098522167487685), array([0.71200326, 0.61499681]))	False
APOLD1	ENHA_MEF2D;NFATC2	12.3383446292692	6.681905596031499e-58	False	((1.1666666666666667, -0.1029556650246305), array([0.71200326, 0.61499681]))	False
APOLD1	ENHA_MEF2D;NFATC2	12.3383446292692	6.681905596031499e-58	False	((1.1666666666666667, -0.1029556650246305), array([0.71200326, 0.61499681]))	False
APOLD1	ENHA_MEF2D;NFATC2	12.3383446292692	6.681905596031499e-58	False	((1.1666666666666667, -0.1029556650246305), array([0.71200326, 0.61499681]))	False
APOLD1	ENHA_MEF2D;NFATC2	12.3383446292692	6.681905596031499e-58	False	((1.1666666666666667, -0.1029556650246305), array([0.71200326, 0.61499681]))	False
APOLD1	ENHA_EGR1;NFATC2	8.91343520908755	3.95636902325292e-59	False	((1.1, -0.8399014778325123), array([0.71200326, 0.61499681]))	False
APOLD1	ENHA_MEF2D;NFATC2	12.3383446292692	6.681905596031499e-58	False	((1.1666666666666667, -0.1029556650246305), array([0.71200326, 0.61499681]))	False
APOLD1	ENHA_MEF2D;NFATC2	12.3383446292692	6.681905596031499e-58	False	((1.1666666666666667, -0.1029556650246305), array([0.71200326, 0.61499681]))	False
APOLD1	ENHA_MEF2D;NFATC2	12.3383446292692	6.681905596031499e-58	False	((1.1666666666666667, -0.1029556650246305), array([0.71200326, 0.61499681]))	False
APOLD1	ENHA_MEF2D;NFATC2	12.3383446292692	6.681905596031499e-58	False	((1.1666666666666667, -0.1029556650246305), array([0.71200326, 0.61499681]))	False
APOLD1	ENHA_EGR1;NFATC2	8.91343520908755	3.95636902325292e-59	False	((1.1, -0.8399014778325123), array([0.71200326, 0.61499681]))	False
APOLD1	ENHA_CREB1;NFATC2	23.8377737913818	4.0578022693969304e-91	False	((1.1, -0.9374384236453203), array([0.71200326, 0.61499681]))	False
APOLD1	ENHA_JUN;NFATC2	9.09696639138621	6.5869027333413e-63	False	((1.1666666666666667, -0.33054187192118223), array([0.71200326, 0.61499681]))	False
APOLD1	ENHA_MEF2D;NFATC2	12.3383446292692	6.681905596031499e-58	False	((1.1666666666666667, -0.1029556650246305), array([0.71200326, 0.61499681]))	False
APOLD1	ENHA_CREB1;NFATC2	23.8377737913818	4.0578022693969304e-91	False	((1.1, -0.9374384236453203), array([0.71200326, 0.61499681]))	False
APOLD1	ENHA_FOS;NFATC2	10.2593849450039	3.13588938516331e-70	False	((1.1, -0.7098522167487685), array([0.71200326, 0.61499681]))	False
APOLD1	ENHA_MEF2D;NFATC2	12.3383446292692	6.681905596031499e-58	False	((1.1666666666666667, -0.1029556650246305), array([0.71200326, 0.61499681]))	False
APOLD1	ENHA_YY1;NPM1	3.65298322461375	2.1977279610275e-20	False	((1.1666666666666667, 0.9374384236453204), array([-0.07343765, -0.35862713]))	False
APOLD1	ENHA_SP1;NPM1	83.6648042646069	3.39933008719842e-51	False	((1.1666666666666667, 0.5798029556650248), array([-0.07343765, -0.35862713]))	False
APOLD1	ENHA_IRF1;NPM1	61.2286680494715	4.16186149603972e-39	False	((1.1333333333333335, -0.4064039408866995), array([-0.07343765, -0.35862713]))	False
APOLD1	ENHA_SP1;NPM1	83.6648042646069	3.39933008719842e-51	False	((1.1666666666666667, 0.5798029556650248), array([-0.07343765, -0.35862713]))	False
APOLD1	ENHA_IRF1;NPM1	61.2286680494715	4.16186149603972e-39	False	((1.1333333333333335, -0.4064039408866995), array([-0.07343765, -0.35862713]))	False
APOLD1	ENHA_SP1;NPM1	83.6648042646069	3.39933008719842e-51	False	((1.1666666666666667, 0.5798029556650248), array([-0.07343765, -0.35862713]))	False
APOLD1	ENHA_IRF1;NPM1	61.2286680494715	4.16186149603972e-39	False	((1.1333333333333335, -0.4064039408866995), array([-0.07343765, -0.35862713]))	False
APOLD1	ENHA_HOXA7;NPM1	4.16341325396437	7.28990315870671e-17	False	((1.1, -0.4822660098522168), array([-0.07343765, -0.35862713]))	False
APOLD1	ENHA_USF2;NPM1	10.1967721163741	3.76295740716711e-61	False	((1.1666666666666667, 0.9049261083743843), array([-0.07343765, -0.35862713]))	False
APOLD1	ENHA_TFAP2A;NPM1	9.83376308851516	1.7089112759400901e-46	False	((1.1333333333333335, 0.7640394088669953), array([-0.07343765, -0.35862713]))	False
APOLD1	ENHA_IRF1;NPM1	61.2286680494715	4.16186149603972e-39	False	((1.1333333333333335, -0.4064039408866995), array([-0.07343765, -0.35862713]))	False
APOLD1	ENHA_SP1;NPM1	83.6648042646069	3.39933008719842e-51	False	((1.1666666666666667, 0.5798029556650248), array([-0.07343765, -0.35862713]))	False
APOLD1	ENHA_USF2;NPM1	10.1967721163741	3.76295740716711e-61	False	((1.1666666666666667, 0.9049261083743843), array([-0.07343765, -0.35862713]))	False
APOLD1	ENHA_TFAP2A;NPM1	9.83376308851516	1.7089112759400901e-46	False	((1.1333333333333335, 0.7640394088669953), array([-0.07343765, -0.35862713]))	False
APOLD1	ENHA_IRF1;NPM1	61.2286680494715	4.16186149603972e-39	False	((1.1333333333333335, -0.4064039408866995), array([-0.07343765, -0.35862713]))	False
APOLD1	ENHA_SP1;NPM1	83.6648042646069	3.39933008719842e-51	False	((1.1666666666666667, 0.5798029556650248), array([-0.07343765, -0.35862713]))	False
APOLD1	ENHA_TP53;NPM1	3.80079004652346	3.4788551893987e-22	False	((1.1666666666666667, 0.8724137931034484), array([-0.07343765, -0.35862713]))	False
APOLD1	ENHA_TP53;NPM1	3.80079004652346	3.4788551893987e-22	False	((1.1666666666666667, 0.8724137931034484), array([-0.07343765, -0.35862713]))	False
APOLD1	ENHA_IRF1;NPM1	61.2286680494715	4.16186149603972e-39	False	((1.1333333333333335, -0.4064039408866995), array([-0.07343765, -0.35862713]))	False
APOLD1	ENHA_SP1;NPM1	83.6648042646069	3.39933008719842e-51	False	((1.1666666666666667, 0.5798029556650248), array([-0.07343765, -0.35862713]))	False
APOLD1	ENHA_IRF1;NPM1	61.2286680494715	4.16186149603972e-39	False	((1.1333333333333335, -0.4064039408866995), array([-0.07343765, -0.35862713]))	False
APOLD1	ENHA_TFAP2A;NPM1	9.83376308851516	1.7089112759400901e-46	False	((1.1333333333333335, 0.7640394088669953), array([-0.07343765, -0.35862713]))	False
APOLD1	ENHA_IRF1;NPM1	61.2286680494715	4.16186149603972e-39	False	((1.1333333333333335, -0.4064039408866995), array([-0.07343765, -0.35862713]))	False
APOLD1	ENHA_SP1;NPM1	83.6648042646069	3.39933008719842e-51	False	((1.1666666666666667, 0.5798029556650248), array([-0.07343765, -0.35862713]))	False
APOLD1	ENHA_USF2;NPM1	10.1967721163741	3.76295740716711e-61	False	((1.1666666666666667, 0.9049261083743843), array([-0.07343765, -0.35862713]))	False
APOLD1	ENHA_TFAP2A;NPM1	9.83376308851516	1.7089112759400901e-46	False	((1.1333333333333335, 0.7640394088669953), array([-0.07343765, -0.35862713]))	False
APOLD1	ENHA_IRF1;NPM1	61.2286680494715	4.16186149603972e-39	False	((1.1333333333333335, -0.4064039408866995), array([-0.07343765, -0.35862713]))	False
APOLD1	ENHA_SP1;NPM1	83.6648042646069	3.39933008719842e-51	False	((1.1666666666666667, 0.5798029556650248), array([-0.07343765, -0.35862713]))	False
APOLD1	ENHA_IRF1;NPM1	61.2286680494715	4.16186149603972e-39	False	((1.1333333333333335, -0.4064039408866995), array([-0.07343765, -0.35862713]))	False
APOLD1	ENHA_TFAP2A;NPM1	9.83376308851516	1.7089112759400901e-46	False	((1.1333333333333335, 0.7640394088669953), array([-0.07343765, -0.35862713]))	False
APOLD1	ENHA_IRF1;NPM1	61.2286680494715	4.16186149603972e-39	False	((1.1333333333333335, -0.4064039408866995), array([-0.07343765, -0.35862713]))	False
APOLD1	ENHA_USF2;NPM1	10.1967721163741	3.76295740716711e-61	False	((1.1666666666666667, 0.9049261083743843), array([-0.07343765, -0.35862713]))	False
APOLD1	ENHA_IRF1;NPM1	61.2286680494715	4.16186149603972e-39	False	((1.1333333333333335, -0.4064039408866995), array([-0.07343765, -0.35862713]))	False
APOLD1	ENHA_SP1;NPM1	83.6648042646069	3.39933008719842e-51	False	((1.1666666666666667, 0.5798029556650248), array([-0.07343765, -0.35862713]))	False
APOLD1	ENHA_MTF1;NPM1	6.36450438967742	2.1570095611521797e-40	False	((1.1666666666666667, -0.037931034482758585), array([-0.07343765, -0.35862713]))	False
APOLD1	ENHA_TFAP2A;NPM1	9.83376308851516	1.7089112759400901e-46	False	((1.1333333333333335, 0.7640394088669953), array([-0.07343765, -0.35862713]))	False
APOLD1	ENHA_IRF1;NPM1	61.2286680494715	4.16186149603972e-39	False	((1.1333333333333335, -0.4064039408866995), array([-0.07343765, -0.35862713]))	False
APOLD1	ENHA_IRF1;NPM1	61.2286680494715	4.16186149603972e-39	False	((1.1333333333333335, -0.4064039408866995), array([-0.07343765, -0.35862713]))	False
APOLD1	ENHA_TFAP2A;NPM1	9.83376308851516	1.7089112759400901e-46	False	((1.1333333333333335, 0.7640394088669953), array([-0.07343765, -0.35862713]))	False
APOLD1	ENHA_IRF1;NPM1	61.2286680494715	4.16186149603972e-39	False	((1.1333333333333335, -0.4064039408866995), array([-0.07343765, -0.35862713]))	False
APOLD1	ENHA_YY1;NPM1	3.65298322461375	2.1977279610275e-20	False	((1.1666666666666667, 0.9374384236453204), array([-0.07343765, -0.35862713]))	False
APOLD1	ENHA_TFAP2A;NPM1	9.83376308851516	1.7089112759400901e-46	False	((1.1333333333333335, 0.7640394088669953), array([-0.07343765, -0.35862713]))	False
APOLD1	ENHA_IRF1;NPM1	61.2286680494715	4.16186149603972e-39	False	((1.1333333333333335, -0.4064039408866995), array([-0.07343765, -0.35862713]))	False
APOLD1	ENHA_SP1;NPM1	83.6648042646069	3.39933008719842e-51	False	((1.1666666666666667, 0.5798029556650248), array([-0.07343765, -0.35862713]))	False
APOLD1	ENHA_TFAP2A;NPM1	9.83376308851516	1.7089112759400901e-46	False	((1.1333333333333335, 0.7640394088669953), array([-0.07343765, -0.35862713]))	False
APOLD1	ENHA_IRF1;NPM1	61.2286680494715	4.16186149603972e-39	False	((1.1333333333333335, -0.4064039408866995), array([-0.07343765, -0.35862713]))	False
APOLD1	ENHA_SP1;NPM1	83.6648042646069	3.39933008719842e-51	False	((1.1666666666666667, 0.5798029556650248), array([-0.07343765, -0.35862713]))	False
APOLD1	ENHA_TP53;NPM1	3.80079004652346	3.4788551893987e-22	False	((1.1666666666666667, 0.8724137931034484), array([-0.07343765, -0.35862713]))	False
APOLD1	ENHA_TFAP2A;NPM1	9.83376308851516	1.7089112759400901e-46	False	((1.1333333333333335, 0.7640394088669953), array([-0.07343765, -0.35862713]))	False
APOLD1	ENHA_IRF1;NPM1	61.2286680494715	4.16186149603972e-39	False	((1.1333333333333335, -0.4064039408866995), array([-0.07343765, -0.35862713]))	False
APOLD1	ENHA_TP53;NPM1	3.80079004652346	3.4788551893987e-22	False	((1.1666666666666667, 0.8724137931034484), array([-0.07343765, -0.35862713]))	False
APOLD1	ENHA_TFAP2A;NPM1	9.83376308851516	1.7089112759400901e-46	False	((1.1333333333333335, 0.7640394088669953), array([-0.07343765, -0.35862713]))	False
APOLD1	ENHA_SP1;NPM1	83.6648042646069	3.39933008719842e-51	False	((1.1666666666666667, 0.5798029556650248), array([-0.07343765, -0.35862713]))	False
APOLD1	ENHA_HOXA7;NPM1	4.16341325396437	7.28990315870671e-17	False	((1.1, -0.4822660098522168), array([-0.07343765, -0.35862713]))	False
APOLD1	ENHA_TP53;NPM1	3.80079004652346	3.4788551893987e-22	False	((1.1666666666666667, 0.8724137931034484), array([-0.07343765, -0.35862713]))	False
APOLD1	ENHA_IRF1;NPM1	61.2286680494715	4.16186149603972e-39	False	((1.1333333333333335, -0.4064039408866995), array([-0.07343765, -0.35862713]))	False
APOLD1	ENHA_TP53;NPM1	3.80079004652346	3.4788551893987e-22	False	((1.1666666666666667, 0.8724137931034484), array([-0.07343765, -0.35862713]))	False
APOLD1	ENHA_MTF1;NPM1	6.36450438967742	2.1570095611521797e-40	False	((1.1666666666666667, -0.037931034482758585), array([-0.07343765, -0.35862713]))	False
APOLD1	ENHA_IRF1;NPM1	61.2286680494715	4.16186149603972e-39	False	((1.1333333333333335, -0.4064039408866995), array([-0.07343765, -0.35862713]))	False
APOLD1	ENHA_IRF1;NPM1	61.2286680494715	4.16186149603972e-39	False	((1.1333333333333335, -0.4064039408866995), array([-0.07343765, -0.35862713]))	False
APOLD1	ENHA_YY1;NPM1	3.65298322461375	2.1977279610275e-20	False	((1.1666666666666667, 0.9374384236453204), array([-0.07343765, -0.35862713]))	False
APOLD1	ENHA_ELF4;NPM1	5.32643830283911	6.45522691568857e-33	False	((1.1333333333333335, -0.7965517241379311), array([-0.07343765, -0.35862713]))	False
APOLD1	ENHA_YY1;NPM1	3.65298322461375	2.1977279610275e-20	False	((1.1666666666666667, 0.9374384236453204), array([-0.07343765, -0.35862713]))	False
APOLD1	ENHA_IRF1;NPM1	61.2286680494715	4.16186149603972e-39	False	((1.1333333333333335, -0.4064039408866995), array([-0.07343765, -0.35862713]))	False
APOLD1	ENHA_TFAP2A;NPM1	9.83376308851516	1.7089112759400901e-46	False	((1.1333333333333335, 0.7640394088669953), array([-0.07343765, -0.35862713]))	False
APOLD1	ENHA_IRF1;NPM1	61.2286680494715	4.16186149603972e-39	False	((1.1333333333333335, -0.4064039408866995), array([-0.07343765, -0.35862713]))	False
APOLD1	ENHA_SP1;NPM1	83.6648042646069	3.39933008719842e-51	False	((1.1666666666666667, 0.5798029556650248), array([-0.07343765, -0.35862713]))	False
APOLD1	ENHA_USF2;NPM1	10.1967721163741	3.76295740716711e-61	False	((1.1666666666666667, 0.9049261083743843), array([-0.07343765, -0.35862713]))	False
APOLD1	ENHA_TFAP2A;NPM1	9.83376308851516	1.7089112759400901e-46	False	((1.1333333333333335, 0.7640394088669953), array([-0.07343765, -0.35862713]))	False
APOLD1	ENHA_IRF1;NPM1	61.2286680494715	4.16186149603972e-39	False	((1.1333333333333335, -0.4064039408866995), array([-0.07343765, -0.35862713]))	False
APOLD1	ENHA_TFAP2A;NPM1	9.83376308851516	1.7089112759400901e-46	False	((1.1333333333333335, 0.7640394088669953), array([-0.07343765, -0.35862713]))	False
APOLD1	ENHA_IRF1;NPM1	61.2286680494715	4.16186149603972e-39	False	((1.1333333333333335, -0.4064039408866995), array([-0.07343765, -0.35862713]))	False
APOLD1	ENHA_SP1;NPM1	83.6648042646069	3.39933008719842e-51	False	((1.1666666666666667, 0.5798029556650248), array([-0.07343765, -0.35862713]))	False
APOLD1	ENHA_TFAP2A;NPM1	9.83376308851516	1.7089112759400901e-46	False	((1.1333333333333335, 0.7640394088669953), array([-0.07343765, -0.35862713]))	False
APOLD1	ENHA_TP53;NPM1	3.80079004652346	3.4788551893987e-22	False	((1.1666666666666667, 0.8724137931034484), array([-0.07343765, -0.35862713]))	False
APOLD1	ENHA_SP1;NPM1	83.6648042646069	3.39933008719842e-51	False	((1.1666666666666667, 0.5798029556650248), array([-0.07343765, -0.35862713]))	False
APOLD1	ENHA_TFAP2A;NPM1	9.83376308851516	1.7089112759400901e-46	False	((1.1333333333333335, 0.7640394088669953), array([-0.07343765, -0.35862713]))	False
APOLD1	ENHA_IRF1;NPM1	61.2286680494715	4.16186149603972e-39	False	((1.1333333333333335, -0.4064039408866995), array([-0.07343765, -0.35862713]))	False
APOLD1	ENHA_SP1;NPM1	83.6648042646069	3.39933008719842e-51	False	((1.1666666666666667, 0.5798029556650248), array([-0.07343765, -0.35862713]))	False
APOLD1	ENHA_IRF1;NPM1	61.2286680494715	4.16186149603972e-39	False	((1.1333333333333335, -0.4064039408866995), array([-0.07343765, -0.35862713]))	False
APOLD1	ENHA_ELF4;NPM1	5.32643830283911	6.45522691568857e-33	False	((1.1333333333333335, -0.7965517241379311), array([-0.07343765, -0.35862713]))	False
APOLD1	ENHA_IRF1;NPM1	61.2286680494715	4.16186149603972e-39	False	((1.1333333333333335, -0.4064039408866995), array([-0.07343765, -0.35862713]))	False
APOLD1	ENHA_SP1;NPM1	83.6648042646069	3.39933008719842e-51	False	((1.1666666666666667, 0.5798029556650248), array([-0.07343765, -0.35862713]))	False
APOLD1	EED;ENHA_YY1	4.40728834670162	9.356844374550919e-22	False	(array([-0.25993776, -0.92127818]), (1.1666666666666667, 0.9374384236453204))	False
APOLD1	EED;ENHA_TFAP2A	6.86178756382632	3.97421235453278e-48	False	(array([-0.25993776, -0.92127818]), (1.1333333333333335, 0.7640394088669953))	False
APOLD1	EED;ENHA_TFAP2A	6.86178756382632	3.97421235453278e-48	False	(array([-0.25993776, -0.92127818]), (1.1333333333333335, 0.7640394088669953))	False
APOLD1	EED;ENHA_AR	9.54409317297192	1.69429607941172e-66	False	(array([-0.25993776, -0.92127818]), (1.1, -1.1))	False
APOLD1	EED;ENHA_TFAP2A	6.86178756382632	3.97421235453278e-48	False	(array([-0.25993776, -0.92127818]), (1.1333333333333335, 0.7640394088669953))	False
APOLD1	EED;ENHA_TFAP2A	6.86178756382632	3.97421235453278e-48	False	(array([-0.25993776, -0.92127818]), (1.1333333333333335, 0.7640394088669953))	False
APOLD1	EED;ENHA_TFAP2A	6.86178756382632	3.97421235453278e-48	False	(array([-0.25993776, -0.92127818]), (1.1333333333333335, 0.7640394088669953))	False
APOLD1	EED;ENHA_AR	9.54409317297192	1.69429607941172e-66	False	(array([-0.25993776, -0.92127818]), (1.1, -1.1))	False
APOLD1	EED;ENHA_NR2C2	9.95054146344627	5.90626163746385e-66	False	(array([-0.25993776, -0.92127818]), (1.1666666666666667, 0.15714285714285725))	False
APOLD1	EED;ENHA_AR	9.54409317297192	1.69429607941172e-66	False	(array([-0.25993776, -0.92127818]), (1.1, -1.1))	False
APOLD1	EED;ENHA_NR2C2	9.95054146344627	5.90626163746385e-66	False	(array([-0.25993776, -0.92127818]), (1.1666666666666667, 0.15714285714285725))	False
APOLD1	EED;ENHA_TFAP2A	6.86178756382632	3.97421235453278e-48	False	(array([-0.25993776, -0.92127818]), (1.1333333333333335, 0.7640394088669953))	False
APOLD1	EED;ENHA_TFAP2A	6.86178756382632	3.97421235453278e-48	False	(array([-0.25993776, -0.92127818]), (1.1333333333333335, 0.7640394088669953))	False
APOLD1	EED;ENHA_YY1	4.40728834670162	9.356844374550919e-22	False	(array([-0.25993776, -0.92127818]), (1.1666666666666667, 0.9374384236453204))	False
APOLD1	EED;ENHA_TFAP2A	6.86178756382632	3.97421235453278e-48	False	(array([-0.25993776, -0.92127818]), (1.1333333333333335, 0.7640394088669953))	False
APOLD1	EED;ENHA_TFAP2A	6.86178756382632	3.97421235453278e-48	False	(array([-0.25993776, -0.92127818]), (1.1333333333333335, 0.7640394088669953))	False
APOLD1	EED;ENHA_TFAP2A	6.86178756382632	3.97421235453278e-48	False	(array([-0.25993776, -0.92127818]), (1.1333333333333335, 0.7640394088669953))	False
APOLD1	EED;ENHA_TFAP2A	6.86178756382632	3.97421235453278e-48	False	(array([-0.25993776, -0.92127818]), (1.1333333333333335, 0.7640394088669953))	False
APOLD1	EED;ENHA_AR	9.54409317297192	1.69429607941172e-66	False	(array([-0.25993776, -0.92127818]), (1.1, -1.1))	False
APOLD1	EED;ENHA_YY1	4.40728834670162	9.356844374550919e-22	False	(array([-0.25993776, -0.92127818]), (1.1666666666666667, 0.9374384236453204))	False
APOLD1	EED;ENHA_YY1	4.40728834670162	9.356844374550919e-22	False	(array([-0.25993776, -0.92127818]), (1.1666666666666667, 0.9374384236453204))	False
APOLD1	EED;ENHA_NR2C2	9.95054146344627	5.90626163746385e-66	False	(array([-0.25993776, -0.92127818]), (1.1666666666666667, 0.15714285714285725))	False
APOLD1	EED;ENHA_TFAP2A	6.86178756382632	3.97421235453278e-48	False	(array([-0.25993776, -0.92127818]), (1.1333333333333335, 0.7640394088669953))	False
APOLD1	EED;ENHA_AR	9.54409317297192	1.69429607941172e-66	False	(array([-0.25993776, -0.92127818]), (1.1, -1.1))	False
APOLD1	EED;ENHA_TFAP2A	6.86178756382632	3.97421235453278e-48	False	(array([-0.25993776, -0.92127818]), (1.1333333333333335, 0.7640394088669953))	False
APOLD1	EED;ENHA_TFAP2A	6.86178756382632	3.97421235453278e-48	False	(array([-0.25993776, -0.92127818]), (1.1333333333333335, 0.7640394088669953))	False
APOLD1	EED;ENHA_TFAP2A	6.86178756382632	3.97421235453278e-48	False	(array([-0.25993776, -0.92127818]), (1.1333333333333335, 0.7640394088669953))	False
APOLD1	EED;ENHA_NR2C2	9.95054146344627	5.90626163746385e-66	False	(array([-0.25993776, -0.92127818]), (1.1666666666666667, 0.15714285714285725))	False
APOLD1	EED;ENHA_AR	9.54409317297192	1.69429607941172e-66	False	(array([-0.25993776, -0.92127818]), (1.1, -1.1))	False
APOLD1	EED;ENHA_TFAP2A	6.86178756382632	3.97421235453278e-48	False	(array([-0.25993776, -0.92127818]), (1.1333333333333335, 0.7640394088669953))	False
APOLD1	EED;ENHA_AR	9.54409317297192	1.69429607941172e-66	False	(array([-0.25993776, -0.92127818]), (1.1, -1.1))	False
APOLD1	ENHA_JUNB;SET	10.5749398749729	5.65065239774462e-71	False	((1.1, -0.31970443349753697), array([0.99109413, 0.03719778]))	False
APOLD1	ENHA_FOS;SET	11.1638365579866	5.1318500128963405e-75	False	((1.1, -0.7098522167487685), array([0.99109413, 0.03719778]))	False
APOLD1	ENHA_JUNB;SET	10.5749398749729	5.65065239774462e-71	False	((1.1, -0.31970443349753697), array([0.99109413, 0.03719778]))	False
APOLD1	ENHA_TP53;SET	27.6084293403646	5.33718098431147e-106	False	((1.1666666666666667, 0.8724137931034484), array([0.99109413, 0.03719778]))	False
APOLD1	ENHA_TP53;SET	27.6084293403646	5.33718098431147e-106	False	((1.1666666666666667, 0.8724137931034484), array([0.99109413, 0.03719778]))	False
APOLD1	ENHA_NR3C1;SET	13.0377335281375	2.37511646197332e-82	False	((1.1666666666666667, 0.18965517241379315), array([0.99109413, 0.03719778]))	False
APOLD1	ENHA_JUNB;SET	10.5749398749729	5.65065239774462e-71	False	((1.1, -0.31970443349753697), array([0.99109413, 0.03719778]))	False
APOLD1	ENHA_FOS;SET	11.1638365579866	5.1318500128963405e-75	False	((1.1, -0.7098522167487685), array([0.99109413, 0.03719778]))	False
APOLD1	ENHA_NR3C1;SET	13.0377335281375	2.37511646197332e-82	False	((1.1666666666666667, 0.18965517241379315), array([0.99109413, 0.03719778]))	False
APOLD1	ENHA_KLF5;SET	10.369460380281	2.95217259401784e-68	False	((1.1, -0.22216748768472905), array([0.99109413, 0.03719778]))	False
APOLD1	ENHA_TP53;SET	27.6084293403646	5.33718098431147e-106	False	((1.1666666666666667, 0.8724137931034484), array([0.99109413, 0.03719778]))	False
APOLD1	ENHA_TP53;SET	27.6084293403646	5.33718098431147e-106	False	((1.1666666666666667, 0.8724137931034484), array([0.99109413, 0.03719778]))	False
APOLD1	ENHA_TP53;SET	27.6084293403646	5.33718098431147e-106	False	((1.1666666666666667, 0.8724137931034484), array([0.99109413, 0.03719778]))	False
APOLD1	ENHA_TP53;SET	27.6084293403646	5.33718098431147e-106	False	((1.1666666666666667, 0.8724137931034484), array([0.99109413, 0.03719778]))	False
APOLD1	ENHA_ELF4;SET	6.79026880182087	2.39377950804851e-39	False	((1.1333333333333335, -0.7965517241379311), array([0.99109413, 0.03719778]))	False
APOLD1	ENHA_NR3C1;SET	13.0377335281375	2.37511646197332e-82	False	((1.1666666666666667, 0.18965517241379315), array([0.99109413, 0.03719778]))	False
APOLD1	ENHA_JUNB;SET	10.5749398749729	5.65065239774462e-71	False	((1.1, -0.31970443349753697), array([0.99109413, 0.03719778]))	False
APOLD1	ENHA_FOS;SET	11.1638365579866	5.1318500128963405e-75	False	((1.1, -0.7098522167487685), array([0.99109413, 0.03719778]))	False
APOLD1	ENHA_TP53;SET	27.6084293403646	5.33718098431147e-106	False	((1.1666666666666667, 0.8724137931034484), array([0.99109413, 0.03719778]))	False
APOLD1	ENHA_NR3C1;SET	13.0377335281375	2.37511646197332e-82	False	((1.1666666666666667, 0.18965517241379315), array([0.99109413, 0.03719778]))	False
APOLD1	ENHA_KLF5;SET	10.369460380281	2.95217259401784e-68	False	((1.1, -0.22216748768472905), array([0.99109413, 0.03719778]))	False
APOLD1	ENHA_ELF4;SET	6.79026880182087	2.39377950804851e-39	False	((1.1333333333333335, -0.7965517241379311), array([0.99109413, 0.03719778]))	False
APOLD1	ENHA_NR3C1;SET	13.0377335281375	2.37511646197332e-82	False	((1.1666666666666667, 0.18965517241379315), array([0.99109413, 0.03719778]))	False
APOLD1	BAP1;ENHA_YY1	11.3259247945656	7.52035623013615e-75	False	(array([ 0.0514821 , -0.95572708]), (1.1666666666666667, 0.9374384236453204))	False
APOLD1	BAP1;ENHA_FOXK1	8.6002822871485	2.91410881948778e-57	False	(array([ 0.0514821 , -0.95572708]), (1.1333333333333335, -0.6665024630541873))	False
APOLD1	BAP1;ENHA_KLF5	6.07835248979699	6.43321661352633e-41	False	(array([ 0.0514821 , -0.95572708]), (1.1, -0.22216748768472905))	False
APOLD1	BAP1;ENHA_FOXK2	9.0485302037174	2.11878270142719e-62	False	(array([ 0.0514821 , -0.95572708]), (1.1666666666666667, -0.6556650246305419))	False
APOLD1	BAP1;ENHA_FOXK1	8.6002822871485	2.91410881948778e-57	False	(array([ 0.0514821 , -0.95572708]), (1.1333333333333335, -0.6665024630541873))	False
APOLD1	BAP1;ENHA_FOXK1	8.6002822871485	2.91410881948778e-57	False	(array([ 0.0514821 , -0.95572708]), (1.1333333333333335, -0.6665024630541873))	False
APOLD1	BAP1;ENHA_FOXK2	9.0485302037174	2.11878270142719e-62	False	(array([ 0.0514821 , -0.95572708]), (1.1666666666666667, -0.6556650246305419))	False
APOLD1	BAP1;ENHA_FOXK1	8.6002822871485	2.91410881948778e-57	False	(array([ 0.0514821 , -0.95572708]), (1.1333333333333335, -0.6665024630541873))	False
APOLD1	BAP1;ENHA_FOXK2	9.0485302037174	2.11878270142719e-62	False	(array([ 0.0514821 , -0.95572708]), (1.1666666666666667, -0.6556650246305419))	False
APOLD1	BAP1;ENHA_YY1	11.3259247945656	7.52035623013615e-75	False	(array([ 0.0514821 , -0.95572708]), (1.1666666666666667, 0.9374384236453204))	False
APOLD1	BAP1;ENHA_YY1	11.3259247945656	7.52035623013615e-75	False	(array([ 0.0514821 , -0.95572708]), (1.1666666666666667, 0.9374384236453204))	False
APOLD1	BAP1;ENHA_FOXK1	8.6002822871485	2.91410881948778e-57	False	(array([ 0.0514821 , -0.95572708]), (1.1333333333333335, -0.6665024630541873))	False
APOLD1	BAP1;ENHA_KLF5	6.07835248979699	6.43321661352633e-41	False	(array([ 0.0514821 , -0.95572708]), (1.1, -0.22216748768472905))	False
APOLD1	BAP1;ENHA_YY1	11.3259247945656	7.52035623013615e-75	False	(array([ 0.0514821 , -0.95572708]), (1.1666666666666667, 0.9374384236453204))	False
APOLD1	BAP1;ENHA_FOXK1	8.6002822871485	2.91410881948778e-57	False	(array([ 0.0514821 , -0.95572708]), (1.1333333333333335, -0.6665024630541873))	False
APOLD1	BAP1;ENHA_FOXK2	9.0485302037174	2.11878270142719e-62	False	(array([ 0.0514821 , -0.95572708]), (1.1666666666666667, -0.6556650246305419))	False
APOLD1	ENHA_SP1;NCOR1	inf	2.2311426980582601e-35	False	((1.1666666666666667, 0.5798029556650248), array([-0.58269156,  0.29500801]))	False
APOLD1	ENHA_REST;NCOR1	20.9835581973874	3.22688831124756e-54	False	((1.1666666666666667, 0.384729064039409), array([-0.58269156,  0.29500801]))	False
APOLD1	ENHA_BCL6;NCOR1	8.5047136412149	3.68047493156319e-57	False	((1.1666666666666667, -1.0133004926108375), array([-0.58269156,  0.29500801]))	False
APOLD1	ENHA_KLF5;NCOR1	40.3055106461076	1.58407894012085e-62	False	((1.1, -0.22216748768472905), array([-0.58269156,  0.29500801]))	False
APOLD1	ENHA_SP1;NCOR1	inf	2.2311426980582601e-35	False	((1.1666666666666667, 0.5798029556650248), array([-0.58269156,  0.29500801]))	False
APOLD1	ENHA_FOXK1;NCOR1	6.58244950726493	2.9282868398534404e-47	False	((1.1333333333333335, -0.6665024630541873), array([-0.58269156,  0.29500801]))	False
APOLD1	ENHA_KLF5;NCOR1	40.3055106461076	1.58407894012085e-62	False	((1.1, -0.22216748768472905), array([-0.58269156,  0.29500801]))	False
APOLD1	ENHA_FOXK2;NCOR1	6.92783610771654	1.35840162783029e-50	False	((1.1666666666666667, -0.6556650246305419), array([-0.58269156,  0.29500801]))	False
APOLD1	ENHA_SP1;NCOR1	inf	2.2311426980582601e-35	False	((1.1666666666666667, 0.5798029556650248), array([-0.58269156,  0.29500801]))	False
APOLD1	ENHA_SP1;NCOR1	inf	2.2311426980582601e-35	False	((1.1666666666666667, 0.5798029556650248), array([-0.58269156,  0.29500801]))	False
APOLD1	ENHA_FOXK1;NCOR1	6.58244950726493	2.9282868398534404e-47	False	((1.1333333333333335, -0.6665024630541873), array([-0.58269156,  0.29500801]))	False
APOLD1	ENHA_FOXK1;NCOR1	6.58244950726493	2.9282868398534404e-47	False	((1.1333333333333335, -0.6665024630541873), array([-0.58269156,  0.29500801]))	False
APOLD1	ENHA_FOXK2;NCOR1	6.92783610771654	1.35840162783029e-50	False	((1.1666666666666667, -0.6556650246305419), array([-0.58269156,  0.29500801]))	False
APOLD1	ENHA_SP1;NCOR1	inf	2.2311426980582601e-35	False	((1.1666666666666667, 0.5798029556650248), array([-0.58269156,  0.29500801]))	False
APOLD1	ENHA_TP53;NCOR1	31.3908348369037	1.48803436173926e-98	False	((1.1666666666666667, 0.8724137931034484), array([-0.58269156,  0.29500801]))	False
APOLD1	ENHA_TP53;NCOR1	31.3908348369037	1.48803436173926e-98	False	((1.1666666666666667, 0.8724137931034484), array([-0.58269156,  0.29500801]))	False
APOLD1	ENHA_KLF5;NCOR1	40.3055106461076	1.58407894012085e-62	False	((1.1, -0.22216748768472905), array([-0.58269156,  0.29500801]))	False
APOLD1	ENHA_SP1;NCOR1	inf	2.2311426980582601e-35	False	((1.1666666666666667, 0.5798029556650248), array([-0.58269156,  0.29500801]))	False
APOLD1	ENHA_FOXK1;NCOR1	6.58244950726493	2.9282868398534404e-47	False	((1.1333333333333335, -0.6665024630541873), array([-0.58269156,  0.29500801]))	False
APOLD1	ENHA_NR3C1;NCOR1	11.3837752578608	3.3630180170154996e-70	False	((1.1666666666666667, 0.18965517241379315), array([-0.58269156,  0.29500801]))	False
APOLD1	ENHA_AR;NCOR1	10.9810549424302	2.20740361689258e-72	False	((1.1, -1.1), array([-0.58269156,  0.29500801]))	False
APOLD1	ENHA_FOXK2;NCOR1	6.92783610771654	1.35840162783029e-50	False	((1.1666666666666667, -0.6556650246305419), array([-0.58269156,  0.29500801]))	False
APOLD1	ENHA_REST;NCOR1	20.9835581973874	3.22688831124756e-54	False	((1.1666666666666667, 0.384729064039409), array([-0.58269156,  0.29500801]))	False
APOLD1	ENHA_KLF5;NCOR1	40.3055106461076	1.58407894012085e-62	False	((1.1, -0.22216748768472905), array([-0.58269156,  0.29500801]))	False
APOLD1	ENHA_VDR;NCOR1	9.36726935215376	6.88174963920304e-63	False	((1.1, 0.9157635467980296), array([-0.58269156,  0.29500801]))	False
APOLD1	ENHA_SP1;NCOR1	inf	2.2311426980582601e-35	False	((1.1666666666666667, 0.5798029556650248), array([-0.58269156,  0.29500801]))	False
APOLD1	ENHA_REST;NCOR1	20.9835581973874	3.22688831124756e-54	False	((1.1666666666666667, 0.384729064039409), array([-0.58269156,  0.29500801]))	False
APOLD1	ENHA_VDR;NCOR1	9.36726935215376	6.88174963920304e-63	False	((1.1, 0.9157635467980296), array([-0.58269156,  0.29500801]))	False
APOLD1	ENHA_SP1;NCOR1	inf	2.2311426980582601e-35	False	((1.1666666666666667, 0.5798029556650248), array([-0.58269156,  0.29500801]))	False
APOLD1	ENHA_KLF5;NCOR1	40.3055106461076	1.58407894012085e-62	False	((1.1, -0.22216748768472905), array([-0.58269156,  0.29500801]))	False
APOLD1	ENHA_AR;NCOR1	10.9810549424302	2.20740361689258e-72	False	((1.1, -1.1), array([-0.58269156,  0.29500801]))	False
APOLD1	ENHA_SP1;NCOR1	inf	2.2311426980582601e-35	False	((1.1666666666666667, 0.5798029556650248), array([-0.58269156,  0.29500801]))	False
APOLD1	ENHA_AR;NCOR1	10.9810549424302	2.20740361689258e-72	False	((1.1, -1.1), array([-0.58269156,  0.29500801]))	False
APOLD1	ENHA_NR3C1;NCOR1	11.3837752578608	3.3630180170154996e-70	False	((1.1666666666666667, 0.18965517241379315), array([-0.58269156,  0.29500801]))	False
APOLD1	ENHA_KLF5;NCOR1	40.3055106461076	1.58407894012085e-62	False	((1.1, -0.22216748768472905), array([-0.58269156,  0.29500801]))	False
APOLD1	ENHA_VDR;NCOR1	9.36726935215376	6.88174963920304e-63	False	((1.1, 0.9157635467980296), array([-0.58269156,  0.29500801]))	False
APOLD1	ENHA_REST;NCOR1	20.9835581973874	3.22688831124756e-54	False	((1.1666666666666667, 0.384729064039409), array([-0.58269156,  0.29500801]))	False
APOLD1	ENHA_SP1;NCOR1	inf	2.2311426980582601e-35	False	((1.1666666666666667, 0.5798029556650248), array([-0.58269156,  0.29500801]))	False
APOLD1	ENHA_KLF5;NCOR1	40.3055106461076	1.58407894012085e-62	False	((1.1, -0.22216748768472905), array([-0.58269156,  0.29500801]))	False
APOLD1	ENHA_REST;NCOR1	20.9835581973874	3.22688831124756e-54	False	((1.1666666666666667, 0.384729064039409), array([-0.58269156,  0.29500801]))	False
APOLD1	ENHA_SP1;NCOR1	inf	2.2311426980582601e-35	False	((1.1666666666666667, 0.5798029556650248), array([-0.58269156,  0.29500801]))	False
APOLD1	ENHA_TP53;NCOR1	31.3908348369037	1.48803436173926e-98	False	((1.1666666666666667, 0.8724137931034484), array([-0.58269156,  0.29500801]))	False
APOLD1	ENHA_TP53;NCOR1	31.3908348369037	1.48803436173926e-98	False	((1.1666666666666667, 0.8724137931034484), array([-0.58269156,  0.29500801]))	False
APOLD1	ENHA_MYB;NCOR1	5.52971631518004	3.2329620268057403e-38	False	((1.1333333333333335, -0.01625615763546784), array([-0.58269156,  0.29500801]))	False
APOLD1	ENHA_KLF5;NCOR1	40.3055106461076	1.58407894012085e-62	False	((1.1, -0.22216748768472905), array([-0.58269156,  0.29500801]))	False
APOLD1	ENHA_SP1;NCOR1	inf	2.2311426980582601e-35	False	((1.1666666666666667, 0.5798029556650248), array([-0.58269156,  0.29500801]))	False
APOLD1	ENHA_BCL6;NCOR1	8.5047136412149	3.68047493156319e-57	False	((1.1666666666666667, -1.0133004926108375), array([-0.58269156,  0.29500801]))	False
APOLD1	ENHA_TP53;NCOR1	31.3908348369037	1.48803436173926e-98	False	((1.1666666666666667, 0.8724137931034484), array([-0.58269156,  0.29500801]))	False
APOLD1	ENHA_AR;NCOR1	10.9810549424302	2.20740361689258e-72	False	((1.1, -1.1), array([-0.58269156,  0.29500801]))	False
APOLD1	ENHA_TP53;NCOR1	31.3908348369037	1.48803436173926e-98	False	((1.1666666666666667, 0.8724137931034484), array([-0.58269156,  0.29500801]))	False
APOLD1	ENHA_VDR;NCOR1	9.36726935215376	6.88174963920304e-63	False	((1.1, 0.9157635467980296), array([-0.58269156,  0.29500801]))	False
APOLD1	ENHA_ETV6;NCOR1	6.011327904731	8.77456710711007e-39	False	((1.1666666666666667, -0.7206896551724138), array([-0.58269156,  0.29500801]))	False
APOLD1	ENHA_REST;NCOR1	20.9835581973874	3.22688831124756e-54	False	((1.1666666666666667, 0.384729064039409), array([-0.58269156,  0.29500801]))	False
APOLD1	ENHA_FOXK1;NCOR1	6.58244950726493	2.9282868398534404e-47	False	((1.1333333333333335, -0.6665024630541873), array([-0.58269156,  0.29500801]))	False
APOLD1	ENHA_KLF5;NCOR1	40.3055106461076	1.58407894012085e-62	False	((1.1, -0.22216748768472905), array([-0.58269156,  0.29500801]))	False
APOLD1	ENHA_THRB;NCOR1	7.94927398235065	2.87083838427147e-57	False	((1.1333333333333335, 0.8615763546798032), array([-0.58269156,  0.29500801]))	False
APOLD1	ENHA_KLF5;NCOR1	40.3055106461076	1.58407894012085e-62	False	((1.1, -0.22216748768472905), array([-0.58269156,  0.29500801]))	False
APOLD1	ENHA_PPARD;NCOR1	8.47618969966374	1.82827368170948e-60	False	((1.1333333333333335, 0.3088669950738918), array([-0.58269156,  0.29500801]))	False
APOLD1	ENHA_NR3C1;NCOR1	11.3837752578608	3.3630180170154996e-70	False	((1.1666666666666667, 0.18965517241379315), array([-0.58269156,  0.29500801]))	False
APOLD1	ENHA_AR;NCOR1	10.9810549424302	2.20740361689258e-72	False	((1.1, -1.1), array([-0.58269156,  0.29500801]))	False
APOLD1	ENHA_SP1;NCOR1	inf	2.2311426980582601e-35	False	((1.1666666666666667, 0.5798029556650248), array([-0.58269156,  0.29500801]))	False
APOLD1	ENHA_MYB;NCOR1	5.52971631518004	3.2329620268057403e-38	False	((1.1333333333333335, -0.01625615763546784), array([-0.58269156,  0.29500801]))	False
APOLD1	ENHA_SP1;NCOR1	inf	2.2311426980582601e-35	False	((1.1666666666666667, 0.5798029556650248), array([-0.58269156,  0.29500801]))	False
APOLD1	ENHA_TP53;NCOR1	31.3908348369037	1.48803436173926e-98	False	((1.1666666666666667, 0.8724137931034484), array([-0.58269156,  0.29500801]))	False
APOLD1	ENHA_THRB;NCOR1	7.94927398235065	2.87083838427147e-57	False	((1.1333333333333335, 0.8615763546798032), array([-0.58269156,  0.29500801]))	False
APOLD1	ENHA_NR3C1;NCOR1	11.3837752578608	3.3630180170154996e-70	False	((1.1666666666666667, 0.18965517241379315), array([-0.58269156,  0.29500801]))	False
APOLD1	ENHA_KLF5;NCOR1	40.3055106461076	1.58407894012085e-62	False	((1.1, -0.22216748768472905), array([-0.58269156,  0.29500801]))	False
APOLD1	ENHA_AR;NCOR1	10.9810549424302	2.20740361689258e-72	False	((1.1, -1.1), array([-0.58269156,  0.29500801]))	False
APOLD1	ENHA_SP1;NCOR1	inf	2.2311426980582601e-35	False	((1.1666666666666667, 0.5798029556650248), array([-0.58269156,  0.29500801]))	False
APOLD1	ENHA_KLF5;NCOR1	40.3055106461076	1.58407894012085e-62	False	((1.1, -0.22216748768472905), array([-0.58269156,  0.29500801]))	False
APOLD1	ENHA_SP1;NCOR1	inf	2.2311426980582601e-35	False	((1.1666666666666667, 0.5798029556650248), array([-0.58269156,  0.29500801]))	False
APOLD1	ENHA_REST;NCOR1	20.9835581973874	3.22688831124756e-54	False	((1.1666666666666667, 0.384729064039409), array([-0.58269156,  0.29500801]))	False
APOLD1	ENHA_ETV6;NCOR1	6.011327904731	8.77456710711007e-39	False	((1.1666666666666667, -0.7206896551724138), array([-0.58269156,  0.29500801]))	False
APOLD1	ENHA_FOXK1;NCOR1	6.58244950726493	2.9282868398534404e-47	False	((1.1333333333333335, -0.6665024630541873), array([-0.58269156,  0.29500801]))	False
APOLD1	ENHA_NR3C1;NCOR1	11.3837752578608	3.3630180170154996e-70	False	((1.1666666666666667, 0.18965517241379315), array([-0.58269156,  0.29500801]))	False
APOLD1	ENHA_AR;NCOR1	10.9810549424302	2.20740361689258e-72	False	((1.1, -1.1), array([-0.58269156,  0.29500801]))	False
APOLD1	ENHA_FOXK2;NCOR1	6.92783610771654	1.35840162783029e-50	False	((1.1666666666666667, -0.6556650246305419), array([-0.58269156,  0.29500801]))	False
APOLD1	ENHA_SP1;NCOR1	inf	2.2311426980582601e-35	False	((1.1666666666666667, 0.5798029556650248), array([-0.58269156,  0.29500801]))	False
APOLD1	CEP70;ENHA_ZNF136	8.62038183160487	3.21448984574062e-60	False	(array([ 0.91479786, -0.44684724]), (1.1333333333333335, 1.024137931034483))	False
APOLD1	CEP70;ENHA_ZNF136	8.62038183160487	3.21448984574062e-60	False	(array([ 0.91479786, -0.44684724]), (1.1333333333333335, 1.024137931034483))	False
APOLD1	CEP70;ENHA_ZNF410	6.00441105733542	5.56420104580457e-38	False	(array([ 0.91479786, -0.44684724]), (1.1, 1.0783251231527093))	False
APOLD1	CEP70;ENHA_ZNF136	8.62038183160487	3.21448984574062e-60	False	(array([ 0.91479786, -0.44684724]), (1.1333333333333335, 1.024137931034483))	False
APOLD1	CEP70;ENHA_ZNF136	8.62038183160487	3.21448984574062e-60	False	(array([ 0.91479786, -0.44684724]), (1.1333333333333335, 1.024137931034483))	False
APOLD1	CEP70;ENHA_ZNF136	8.62038183160487	3.21448984574062e-60	False	(array([ 0.91479786, -0.44684724]), (1.1333333333333335, 1.024137931034483))	False
APOLD1	CEP70;ENHA_ZNF410	6.00441105733542	5.56420104580457e-38	False	(array([ 0.91479786, -0.44684724]), (1.1, 1.0783251231527093))	False
APOLD1	DRAP1;ENHA_FOXK2	3.2909062512328	1.03372678543996e-07	False	(array([-0.97999293,  0.01226705]), (1.1666666666666667, -0.6556650246305419))	False
APOLD1	DRAP1;ENHA_FOXK2	3.2909062512328	1.03372678543996e-07	False	(array([-0.97999293,  0.01226705]), (1.1666666666666667, -0.6556650246305419))	False
APOLD1	DRAP1;ENHA_FOXK2	3.2909062512328	1.03372678543996e-07	False	(array([-0.97999293,  0.01226705]), (1.1666666666666667, -0.6556650246305419))	False
APOLD1	DRAP1;ENHA_FOXK2	3.2909062512328	1.03372678543996e-07	False	(array([-0.97999293,  0.01226705]), (1.1666666666666667, -0.6556650246305419))	False
APOLD1	ENHA_SP1;NFYC	5.74499969194602	5.53298529959245e-42	False	((1.1666666666666667, 0.5798029556650248), array([-0.67082362,  0.59519198]))	False
APOLD1	ENHA_SP1;NFYC	5.74499969194602	5.53298529959245e-42	False	((1.1666666666666667, 0.5798029556650248), array([-0.67082362,  0.59519198]))	False
APOLD1	ENHA_FOXK2;NFYC	7.00633074041853	2.29077537395821e-50	False	((1.1666666666666667, -0.6556650246305419), array([-0.67082362,  0.59519198]))	False
APOLD1	ENHA_SP1;NFYC	5.74499969194602	5.53298529959245e-42	False	((1.1666666666666667, 0.5798029556650248), array([-0.67082362,  0.59519198]))	False
APOLD1	ENHA_NFYB;NFYC	9.44863747155275	4.89202078295358e-66	False	((1.1333333333333335, 0.11379310344827598), array([-0.67082362,  0.59519198]))	False
APOLD1	ENHA_SP1;NFYC	5.74499969194602	5.53298529959245e-42	False	((1.1666666666666667, 0.5798029556650248), array([-0.67082362,  0.59519198]))	False
APOLD1	ENHA_FOXK2;NFYC	7.00633074041853	2.29077537395821e-50	False	((1.1666666666666667, -0.6556650246305419), array([-0.67082362,  0.59519198]))	False
APOLD1	ENHA_SP1;NFYC	5.74499969194602	5.53298529959245e-42	False	((1.1666666666666667, 0.5798029556650248), array([-0.67082362,  0.59519198]))	False
APOLD1	ENHA_SP1;NFYC	5.74499969194602	5.53298529959245e-42	False	((1.1666666666666667, 0.5798029556650248), array([-0.67082362,  0.59519198]))	False
APOLD1	ENHA_SREBF2;NFYC	5.94363287494405	8.95143603464475e-29	False	((1.1666666666666667, 0.6448275862068966), array([-0.67082362,  0.59519198]))	False
APOLD1	ENHA_FOXK2;NFYC	7.00633074041853	2.29077537395821e-50	False	((1.1666666666666667, -0.6556650246305419), array([-0.67082362,  0.59519198]))	False
APOLD1	ENHA_SP1;NFYC	5.74499969194602	5.53298529959245e-42	False	((1.1666666666666667, 0.5798029556650248), array([-0.67082362,  0.59519198]))	False
APOLD1	ENHA_SP1;NFYC	5.74499969194602	5.53298529959245e-42	False	((1.1666666666666667, 0.5798029556650248), array([-0.67082362,  0.59519198]))	False
APOLD1	ENHA_NFYB;NFYC	9.44863747155275	4.89202078295358e-66	False	((1.1333333333333335, 0.11379310344827598), array([-0.67082362,  0.59519198]))	False
APOLD1	ENHA_SP1;NFYC	5.74499969194602	5.53298529959245e-42	False	((1.1666666666666667, 0.5798029556650248), array([-0.67082362,  0.59519198]))	False
APOLD1	ENHA_NFYB;NFYC	9.44863747155275	4.89202078295358e-66	False	((1.1333333333333335, 0.11379310344827598), array([-0.67082362,  0.59519198]))	False
APOLD1	ENHA_SP1;NFYC	5.74499969194602	5.53298529959245e-42	False	((1.1666666666666667, 0.5798029556650248), array([-0.67082362,  0.59519198]))	False
APOLD1	ENHA_SP1;NFYC	5.74499969194602	5.53298529959245e-42	False	((1.1666666666666667, 0.5798029556650248), array([-0.67082362,  0.59519198]))	False
APOLD1	ENHA_SREBF2;NFYC	5.94363287494405	8.95143603464475e-29	False	((1.1666666666666667, 0.6448275862068966), array([-0.67082362,  0.59519198]))	False
APOLD1	ENHA_SP1;NFYC	5.74499969194602	5.53298529959245e-42	False	((1.1666666666666667, 0.5798029556650248), array([-0.67082362,  0.59519198]))	False
APOLD1	ENHA_SREBF2;NFYC	5.94363287494405	8.95143603464475e-29	False	((1.1666666666666667, 0.6448275862068966), array([-0.67082362,  0.59519198]))	False
APOLD1	ENHA_NFYB;NFYC	9.44863747155275	4.89202078295358e-66	False	((1.1333333333333335, 0.11379310344827598), array([-0.67082362,  0.59519198]))	False
APOLD1	ENHA_SP1;NFYC	5.74499969194602	5.53298529959245e-42	False	((1.1666666666666667, 0.5798029556650248), array([-0.67082362,  0.59519198]))	False
APOLD1	ENHA_SP1;NFYC	5.74499969194602	5.53298529959245e-42	False	((1.1666666666666667, 0.5798029556650248), array([-0.67082362,  0.59519198]))	False
APOLD1	ENHA_SP1;NFYC	5.74499969194602	5.53298529959245e-42	False	((1.1666666666666667, 0.5798029556650248), array([-0.67082362,  0.59519198]))	False
APOLD1	ENHA_SREBF2;NFYC	5.94363287494405	8.95143603464475e-29	False	((1.1666666666666667, 0.6448275862068966), array([-0.67082362,  0.59519198]))	False
APOLD1	ENHA_NFYB;NFYC	9.44863747155275	4.89202078295358e-66	False	((1.1333333333333335, 0.11379310344827598), array([-0.67082362,  0.59519198]))	False
APOLD1	ENHA_FOXK2;NFYC	7.00633074041853	2.29077537395821e-50	False	((1.1666666666666667, -0.6556650246305419), array([-0.67082362,  0.59519198]))	False
APOLD1	ENHA_SP1;NFYC	5.74499969194602	5.53298529959245e-42	False	((1.1666666666666667, 0.5798029556650248), array([-0.67082362,  0.59519198]))	False
APOLD1	BPTF;ENHA_FOXK2	8.95900426538095	4.5512689596908805e-61	False	(array([0.32219756, 0.87639762]), (1.1666666666666667, -0.6556650246305419))	False
APOLD1	BPTF;ENHA_MAZ	4.77932695280407	2.83856478902029e-13	False	(array([0.32219756, 0.87639762]), (1.1666666666666667, -0.1354679802955665))	False
APOLD1	BPTF;ENHA_FOXK2	8.95900426538095	4.5512689596908805e-61	False	(array([0.32219756, 0.87639762]), (1.1666666666666667, -0.6556650246305419))	False
APOLD1	BPTF;ENHA_FOXK2	8.95900426538095	4.5512689596908805e-61	False	(array([0.32219756, 0.87639762]), (1.1666666666666667, -0.6556650246305419))	False
APOLD1	BPTF;ENHA_FOXK2	8.95900426538095	4.5512689596908805e-61	False	(array([0.32219756, 0.87639762]), (1.1666666666666667, -0.6556650246305419))	False
APOLD1	ENHA_STAT3;KHDRBS1	7.59025018676249	4.3735335858208e-52	False	((1.1666666666666667, 0.6773399014778327), array([0.05003449, 0.81790295]))	False
APOLD1	ENHA_STAT3;KHDRBS1	7.59025018676249	4.3735335858208e-52	False	((1.1666666666666667, 0.6773399014778327), array([0.05003449, 0.81790295]))	False
APOLD1	ENHA_STAT3;KHDRBS1	7.59025018676249	4.3735335858208e-52	False	((1.1666666666666667, 0.6773399014778327), array([0.05003449, 0.81790295]))	False
APOLD1	ENHA_STAT3;KHDRBS1	7.59025018676249	4.3735335858208e-52	False	((1.1666666666666667, 0.6773399014778327), array([0.05003449, 0.81790295]))	False
APOLD1	ENHA_ZBTB7A;KHDRBS1	5.070461830614	1.2984617378714599e-18	False	((1.1, 0.9807881773399019), array([0.05003449, 0.81790295]))	False
APOLD1	ENHA_STAT3;KHDRBS1	7.59025018676249	4.3735335858208e-52	False	((1.1666666666666667, 0.6773399014778327), array([0.05003449, 0.81790295]))	False
APOLD1	ENHA_STAT3;KHDRBS1	7.59025018676249	4.3735335858208e-52	False	((1.1666666666666667, 0.6773399014778327), array([0.05003449, 0.81790295]))	False
APOLD1	CCND1;ENHA_STAT3	10.2717132568009	1.96303787172976e-70	False	(array([0.90102026, 0.4479082 ]), (1.1666666666666667, 0.6773399014778327))	False
APOLD1	CCND1;ENHA_STAT3	10.2717132568009	1.96303787172976e-70	False	(array([0.90102026, 0.4479082 ]), (1.1666666666666667, 0.6773399014778327))	False
APOLD1	CCND1;ENHA_AR	9.77032043703289	3.50692765997857e-67	False	(array([0.90102026, 0.4479082 ]), (1.1, -1.1))	False
APOLD1	CCND1;ENHA_AR	9.77032043703289	3.50692765997857e-67	False	(array([0.90102026, 0.4479082 ]), (1.1, -1.1))	False
APOLD1	CCND1;ENHA_AR	9.77032043703289	3.50692765997857e-67	False	(array([0.90102026, 0.4479082 ]), (1.1, -1.1))	False
APOLD1	CCND1;ENHA_STAT3	10.2717132568009	1.96303787172976e-70	False	(array([0.90102026, 0.4479082 ]), (1.1666666666666667, 0.6773399014778327))	False
APOLD1	CCND1;ENHA_STAT3	10.2717132568009	1.96303787172976e-70	False	(array([0.90102026, 0.4479082 ]), (1.1666666666666667, 0.6773399014778327))	False
APOLD1	CCND1;ENHA_AR	9.77032043703289	3.50692765997857e-67	False	(array([0.90102026, 0.4479082 ]), (1.1, -1.1))	False
APOLD1	CCND1;ENHA_THRB	8.31282677697277	1.6059450502796799e-56	False	(array([0.90102026, 0.4479082 ]), (1.1333333333333335, 0.8615763546798032))	False
APOLD1	CCND1;ENHA_AR	9.77032043703289	3.50692765997857e-67	False	(array([0.90102026, 0.4479082 ]), (1.1, -1.1))	False
APOLD1	CCND1;ENHA_THRB	8.31282677697277	1.6059450502796799e-56	False	(array([0.90102026, 0.4479082 ]), (1.1333333333333335, 0.8615763546798032))	False
APOLD1	CCND1;ENHA_AR	9.77032043703289	3.50692765997857e-67	False	(array([0.90102026, 0.4479082 ]), (1.1, -1.1))	False
APOLD1	CCND1;ENHA_STAT3	10.2717132568009	1.96303787172976e-70	False	(array([0.90102026, 0.4479082 ]), (1.1666666666666667, 0.6773399014778327))	False
APOLD1	CCND1;ENHA_AR	9.77032043703289	3.50692765997857e-67	False	(array([0.90102026, 0.4479082 ]), (1.1, -1.1))	False
APOLD1	CCND1;ENHA_STAT3	10.2717132568009	1.96303787172976e-70	False	(array([0.90102026, 0.4479082 ]), (1.1666666666666667, 0.6773399014778327))	False
APOLD1	ENHA_JDP2;PGR	7.58021279729922	8.30560419992579e-55	False	((1.1333333333333335, -0.3413793103448276), array([-0.01466984,  0.97207393]))	False
APOLD1	ENHA_SP1;PGR	inf	9.61662944848815e-53	False	((1.1666666666666667, 0.5798029556650248), array([-0.01466984,  0.97207393]))	False
APOLD1	ENHA_STAT3;PGR	11.6351645460775	4.4322055829532795e-77	False	((1.1666666666666667, 0.6773399014778327), array([-0.01466984,  0.97207393]))	False
APOLD1	ENHA_SP1;PGR	inf	9.61662944848815e-53	False	((1.1666666666666667, 0.5798029556650248), array([-0.01466984,  0.97207393]))	False
APOLD1	ENHA_SP1;PGR	inf	9.61662944848815e-53	False	((1.1666666666666667, 0.5798029556650248), array([-0.01466984,  0.97207393]))	False
APOLD1	ENHA_KLF9;PGR	36.196301926546	4.97679309368354e-57	False	((1.1666666666666667, -0.2004926108374384), array([-0.01466984,  0.97207393]))	False
APOLD1	ENHA_SP1;PGR	inf	9.61662944848815e-53	False	((1.1666666666666667, 0.5798029556650248), array([-0.01466984,  0.97207393]))	False
APOLD1	ENHA_SP1;PGR	inf	9.61662944848815e-53	False	((1.1666666666666667, 0.5798029556650248), array([-0.01466984,  0.97207393]))	False
APOLD1	ENHA_STAT3;PGR	11.6351645460775	4.4322055829532795e-77	False	((1.1666666666666667, 0.6773399014778327), array([-0.01466984,  0.97207393]))	False
APOLD1	ENHA_KLF9;PGR	36.196301926546	4.97679309368354e-57	False	((1.1666666666666667, -0.2004926108374384), array([-0.01466984,  0.97207393]))	False
APOLD1	ENHA_SP1;PGR	inf	9.61662944848815e-53	False	((1.1666666666666667, 0.5798029556650248), array([-0.01466984,  0.97207393]))	False
APOLD1	ENHA_SP1;PGR	inf	9.61662944848815e-53	False	((1.1666666666666667, 0.5798029556650248), array([-0.01466984,  0.97207393]))	False
APOLD1	ENHA_JDP2;PGR	7.58021279729922	8.30560419992579e-55	False	((1.1333333333333335, -0.3413793103448276), array([-0.01466984,  0.97207393]))	False
APOLD1	ENHA_SP1;PGR	inf	9.61662944848815e-53	False	((1.1666666666666667, 0.5798029556650248), array([-0.01466984,  0.97207393]))	False
APOLD1	ENHA_KLF9;PGR	36.196301926546	4.97679309368354e-57	False	((1.1666666666666667, -0.2004926108374384), array([-0.01466984,  0.97207393]))	False
APOLD1	ENHA_SP1;PGR	inf	9.61662944848815e-53	False	((1.1666666666666667, 0.5798029556650248), array([-0.01466984,  0.97207393]))	False
APOLD1	ENHA_STAT3;PGR	11.6351645460775	4.4322055829532795e-77	False	((1.1666666666666667, 0.6773399014778327), array([-0.01466984,  0.97207393]))	False
APOLD1	ENHA_STAT3;PGR	11.6351645460775	4.4322055829532795e-77	False	((1.1666666666666667, 0.6773399014778327), array([-0.01466984,  0.97207393]))	False
APOLD1	ENHA_KLF9;PGR	36.196301926546	4.97679309368354e-57	False	((1.1666666666666667, -0.2004926108374384), array([-0.01466984,  0.97207393]))	False
APOLD1	ENHA_SP1;PGR	inf	9.61662944848815e-53	False	((1.1666666666666667, 0.5798029556650248), array([-0.01466984,  0.97207393]))	False
APOLD1	ENHA_SP1;PGR	inf	9.61662944848815e-53	False	((1.1666666666666667, 0.5798029556650248), array([-0.01466984,  0.97207393]))	False
APOLD1	ENHA_KLF9;PGR	36.196301926546	4.97679309368354e-57	False	((1.1666666666666667, -0.2004926108374384), array([-0.01466984,  0.97207393]))	False
APOLD1	ENHA_SP1;PGR	inf	9.61662944848815e-53	False	((1.1666666666666667, 0.5798029556650248), array([-0.01466984,  0.97207393]))	False
APOLD1	ENHA_KLF9;PGR	36.196301926546	4.97679309368354e-57	False	((1.1666666666666667, -0.2004926108374384), array([-0.01466984,  0.97207393]))	False
APOLD1	ENHA_KLF9;PGR	36.196301926546	4.97679309368354e-57	False	((1.1666666666666667, -0.2004926108374384), array([-0.01466984,  0.97207393]))	False
APOLD1	ENHA_KLF9;PGR	36.196301926546	4.97679309368354e-57	False	((1.1666666666666667, -0.2004926108374384), array([-0.01466984,  0.97207393]))	False
APOLD1	ENHA_JDP2;PGR	7.58021279729922	8.30560419992579e-55	False	((1.1333333333333335, -0.3413793103448276), array([-0.01466984,  0.97207393]))	False
APOLD1	ENHA_SP1;PGR	inf	9.61662944848815e-53	False	((1.1666666666666667, 0.5798029556650248), array([-0.01466984,  0.97207393]))	False
APOLD1	ENHA_JDP2;PGR	7.58021279729922	8.30560419992579e-55	False	((1.1333333333333335, -0.3413793103448276), array([-0.01466984,  0.97207393]))	False
APOLD1	ENHA_SP1;PGR	inf	9.61662944848815e-53	False	((1.1666666666666667, 0.5798029556650248), array([-0.01466984,  0.97207393]))	False
APOLD1	ENHA_KLF9;PGR	36.196301926546	4.97679309368354e-57	False	((1.1666666666666667, -0.2004926108374384), array([-0.01466984,  0.97207393]))	False
APOLD1	ENHA_SP1;PGR	inf	9.61662944848815e-53	False	((1.1666666666666667, 0.5798029556650248), array([-0.01466984,  0.97207393]))	False
APOLD1	ENHA_KLF9;PGR	36.196301926546	4.97679309368354e-57	False	((1.1666666666666667, -0.2004926108374384), array([-0.01466984,  0.97207393]))	False
APOLD1	ENHA_SP1;PGR	inf	9.61662944848815e-53	False	((1.1666666666666667, 0.5798029556650248), array([-0.01466984,  0.97207393]))	False
APOLD1	ENHA_KLF9;PGR	36.196301926546	4.97679309368354e-57	False	((1.1666666666666667, -0.2004926108374384), array([-0.01466984,  0.97207393]))	False
APOLD1	ENHA_STAT3;PGR	11.6351645460775	4.4322055829532795e-77	False	((1.1666666666666667, 0.6773399014778327), array([-0.01466984,  0.97207393]))	False
APOLD1	ENHA_SP1;PGR	inf	9.61662944848815e-53	False	((1.1666666666666667, 0.5798029556650248), array([-0.01466984,  0.97207393]))	False
APOLD1	ENHA_STAT3;PGR	11.6351645460775	4.4322055829532795e-77	False	((1.1666666666666667, 0.6773399014778327), array([-0.01466984,  0.97207393]))	False
APOLD1	PGR;PROM_KLF9	4.78044754381494	1.54165250990073e-27	False	(array([-0.01466984,  0.97207393]), (-1.1333333333333335, -0.4304347826086957))	False
APOLD1	ENHA_ATF2;TLE1	8.04882609163169	1.25566812585509e-52	False	((1.1666666666666667, -1.0783251231527093), array([-0.95006903,  0.13985069]))	False
APOLD1	ENHA_TCF4;TLE1	4.94540922101347	1.39866082502355e-35	False	((1.1666666666666667, 0.7098522167487686), array([-0.95006903,  0.13985069]))	False
APOLD1	ENHA_ATF2;TLE1	8.04882609163169	1.25566812585509e-52	False	((1.1666666666666667, -1.0783251231527093), array([-0.95006903,  0.13985069]))	False
APOLD1	ENHA_TCF4;TLE1	4.94540922101347	1.39866082502355e-35	False	((1.1666666666666667, 0.7098522167487686), array([-0.95006903,  0.13985069]))	False
APOLD1	ENHA_LEF1;TLE1	5.79743594380712	8.58780792420307e-37	False	((1.1, -0.18965517241379304), array([-0.95006903,  0.13985069]))	False
APOLD1	ENHA_LEF1;TLE1	5.79743594380712	8.58780792420307e-37	False	((1.1, -0.18965517241379304), array([-0.95006903,  0.13985069]))	False
APOLD1	ENHA_TCF4;TLE1	4.94540922101347	1.39866082502355e-35	False	((1.1666666666666667, 0.7098522167487686), array([-0.95006903,  0.13985069]))	False
APOLD1	ENHA_ATF2;TLE1	8.04882609163169	1.25566812585509e-52	False	((1.1666666666666667, -1.0783251231527093), array([-0.95006903,  0.13985069]))	False
APOLD1	ENHA_HES1;TLE1	6.82924585557993	7.258575845883699e-35	False	((1.1, -0.5472906403940887), array([-0.95006903,  0.13985069]))	False
APOLD1	ENHA_TCF4;TLE1	4.94540922101347	1.39866082502355e-35	False	((1.1666666666666667, 0.7098522167487686), array([-0.95006903,  0.13985069]))	False
APOLD1	ENHA_ATF2;TLE1	8.04882609163169	1.25566812585509e-52	False	((1.1666666666666667, -1.0783251231527093), array([-0.95006903,  0.13985069]))	False
APOLD1	ENHA_SIX2;TLE1	6.66928965268794	6.99019134169959e-43	False	((1.1333333333333335, 0.5039408866995074), array([-0.95006903,  0.13985069]))	False
APOLD1	ENHA_TCF4;TLE1	4.94540922101347	1.39866082502355e-35	False	((1.1666666666666667, 0.7098522167487686), array([-0.95006903,  0.13985069]))	False
APOLD1	ENHA_TCF4;TLE1	4.94540922101347	1.39866082502355e-35	False	((1.1666666666666667, 0.7098522167487686), array([-0.95006903,  0.13985069]))	False
APOLD1	ENHA_TCF4;TLE1	4.94540922101347	1.39866082502355e-35	False	((1.1666666666666667, 0.7098522167487686), array([-0.95006903,  0.13985069]))	False
APOLD1	ENHA_LEF1;TLE1	5.79743594380712	8.58780792420307e-37	False	((1.1, -0.18965517241379304), array([-0.95006903,  0.13985069]))	False
APOLD1	ENHA_TCF4;TLE1	4.94540922101347	1.39866082502355e-35	False	((1.1666666666666667, 0.7098522167487686), array([-0.95006903,  0.13985069]))	False
APOLD1	ENHA_LEF1;TLE1	5.79743594380712	8.58780792420307e-37	False	((1.1, -0.18965517241379304), array([-0.95006903,  0.13985069]))	False
APOLD1	ENHA_TCF4;TLE1	4.94540922101347	1.39866082502355e-35	False	((1.1666666666666667, 0.7098522167487686), array([-0.95006903,  0.13985069]))	False
APOLD1	ENHA_LEF1;TLE1	5.79743594380712	8.58780792420307e-37	False	((1.1, -0.18965517241379304), array([-0.95006903,  0.13985069]))	False
APOLD1	ENHA_ATF2;TLE1	8.04882609163169	1.25566812585509e-52	False	((1.1666666666666667, -1.0783251231527093), array([-0.95006903,  0.13985069]))	False
APOLD1	ENHA_HES1;TLE1	6.82924585557993	7.258575845883699e-35	False	((1.1, -0.5472906403940887), array([-0.95006903,  0.13985069]))	False
APOLD1	ENHA_LEF1;TLE1	5.79743594380712	8.58780792420307e-37	False	((1.1, -0.18965517241379304), array([-0.95006903,  0.13985069]))	False
APOLD1	ENHA_TCF4;TLE1	4.94540922101347	1.39866082502355e-35	False	((1.1666666666666667, 0.7098522167487686), array([-0.95006903,  0.13985069]))	False
APOLD1	ENHA_TCF4;TLE1	4.94540922101347	1.39866082502355e-35	False	((1.1666666666666667, 0.7098522167487686), array([-0.95006903,  0.13985069]))	False
APOLD1	ENHA_TCF4;TLE1	4.94540922101347	1.39866082502355e-35	False	((1.1666666666666667, 0.7098522167487686), array([-0.95006903,  0.13985069]))	False
APOLD1	ENHA_TCF4;TLE1	4.94540922101347	1.39866082502355e-35	False	((1.1666666666666667, 0.7098522167487686), array([-0.95006903,  0.13985069]))	False
APOLD1	ENHA_LEF1;TLE1	5.79743594380712	8.58780792420307e-37	False	((1.1, -0.18965517241379304), array([-0.95006903,  0.13985069]))	False
APOLD1	ENHA_TCF7L2;FOXM1	9.44121782712171	4.79401496994613e-66	False	((1.1, 0.720689655172414), array([0.89190772, 0.30439816]))	False
APOLD1	ENHA_TCF7L2;FOXM1	9.44121782712171	4.79401496994613e-66	False	((1.1, 0.720689655172414), array([0.89190772, 0.30439816]))	False
APOLD1	ENHA_SP1;FOXM1	6.50392338040519	9.72035271583861e-37	False	((1.1666666666666667, 0.5798029556650248), array([0.89190772, 0.30439816]))	False
APOLD1	ENHA_TCF7L2;FOXM1	9.44121782712171	4.79401496994613e-66	False	((1.1, 0.720689655172414), array([0.89190772, 0.30439816]))	False
APOLD1	ENHA_TCF7L2;FOXM1	9.44121782712171	4.79401496994613e-66	False	((1.1, 0.720689655172414), array([0.89190772, 0.30439816]))	False
APOLD1	ENHA_TCF7L2;FOXM1	9.44121782712171	4.79401496994613e-66	False	((1.1, 0.720689655172414), array([0.89190772, 0.30439816]))	False
APOLD1	ENHA_TCF7L2;FOXM1	9.44121782712171	4.79401496994613e-66	False	((1.1, 0.720689655172414), array([0.89190772, 0.30439816]))	False
APOLD1	ENHA_TCF7L2;FOXM1	9.44121782712171	4.79401496994613e-66	False	((1.1, 0.720689655172414), array([0.89190772, 0.30439816]))	False
APOLD1	CTNNB1;ENHA_NFKB1	164.945591675454	2.7065037306656803e-52	False	(array([-0.41256221, -0.53127757]), (1.1333333333333335, 0.08128078817733986))	False
APOLD1	CTNNB1;ENHA_ATF2	11.0212252114349	3.83236125902161e-73	False	(array([-0.41256221, -0.53127757]), (1.1666666666666667, -1.0783251231527093))	False
APOLD1	CTNNB1;ENHA_FOS	9.14607350822606	1.07107771104781e-63	False	(array([-0.41256221, -0.53127757]), (1.1, -0.7098522167487685))	False
APOLD1	CTNNB1;ENHA_TCF7L2	8.64299318315361	1.80674760296951e-61	False	(array([-0.41256221, -0.53127757]), (1.1, 0.720689655172414))	False
APOLD1	CTNNB1;ENHA_NFKB1	164.945591675454	2.7065037306656803e-52	False	(array([-0.41256221, -0.53127757]), (1.1333333333333335, 0.08128078817733986))	False
APOLD1	CTNNB1;ENHA_TCF4	37.8536120030023	4.4205860792311605e-52	False	(array([-0.41256221, -0.53127757]), (1.1666666666666667, 0.7098522167487686))	False
APOLD1	CTNNB1;ENHA_EGR1	44.1239475585737	2.79012210975006e-59	False	(array([-0.41256221, -0.53127757]), (1.1, -0.8399014778325123))	False
APOLD1	CTNNB1;ENHA_ATF2	11.0212252114349	3.83236125902161e-73	False	(array([-0.41256221, -0.53127757]), (1.1666666666666667, -1.0783251231527093))	False
APOLD1	CTNNB1;ENHA_JUN	8.12052565535089	4.6372915640783e-58	False	(array([-0.41256221, -0.53127757]), (1.1666666666666667, -0.33054187192118223))	False
APOLD1	CTNNB1;ENHA_NFKB1	164.945591675454	2.7065037306656803e-52	False	(array([-0.41256221, -0.53127757]), (1.1333333333333335, 0.08128078817733986))	False
APOLD1	CTNNB1;ENHA_TCF4	37.8536120030023	4.4205860792311605e-52	False	(array([-0.41256221, -0.53127757]), (1.1666666666666667, 0.7098522167487686))	False
APOLD1	CTNNB1;ENHA_TGIF1	7.57308015017004	7.876754113235839e-55	False	(array([-0.41256221, -0.53127757]), (1.1333333333333335, 0.8290640394088671))	False
APOLD1	CTNNB1;ENHA_NFKB1	164.945591675454	2.7065037306656803e-52	False	(array([-0.41256221, -0.53127757]), (1.1333333333333335, 0.08128078817733986))	False
APOLD1	CTNNB1;ENHA_PPARG	7.68570676119743	1.2486276532089198e-55	False	(array([-0.41256221, -0.53127757]), (1.1666666666666667, 0.31970443349753697))	False
APOLD1	CTNNB1;ENHA_EGR1	44.1239475585737	2.79012210975006e-59	False	(array([-0.41256221, -0.53127757]), (1.1, -0.8399014778325123))	False
APOLD1	CTNNB1;ENHA_LEF1	6.60943896546053	2.0364200109816898e-48	False	(array([-0.41256221, -0.53127757]), (1.1, -0.18965517241379304))	False
APOLD1	CTNNB1;ENHA_TCF7L2	8.64299318315361	1.80674760296951e-61	False	(array([-0.41256221, -0.53127757]), (1.1, 0.720689655172414))	False
APOLD1	CTNNB1;ENHA_NFKB1	164.945591675454	2.7065037306656803e-52	False	(array([-0.41256221, -0.53127757]), (1.1333333333333335, 0.08128078817733986))	False
APOLD1	CTNNB1;ENHA_LEF1	6.60943896546053	2.0364200109816898e-48	False	(array([-0.41256221, -0.53127757]), (1.1, -0.18965517241379304))	False
APOLD1	CTNNB1;ENHA_AR	10.6301474966785	6.598130485201089e-70	False	(array([-0.41256221, -0.53127757]), (1.1, -1.1))	False
APOLD1	CTNNB1;ENHA_NFKB1	164.945591675454	2.7065037306656803e-52	False	(array([-0.41256221, -0.53127757]), (1.1333333333333335, 0.08128078817733986))	False
APOLD1	CTNNB1;ENHA_TCF4	37.8536120030023	4.4205860792311605e-52	False	(array([-0.41256221, -0.53127757]), (1.1666666666666667, 0.7098522167487686))	False
APOLD1	CTNNB1;ENHA_ATF2	11.0212252114349	3.83236125902161e-73	False	(array([-0.41256221, -0.53127757]), (1.1666666666666667, -1.0783251231527093))	False
APOLD1	CTNNB1;ENHA_JUN	8.12052565535089	4.6372915640783e-58	False	(array([-0.41256221, -0.53127757]), (1.1666666666666667, -0.33054187192118223))	False
APOLD1	CTNNB1;ENHA_TCF4	37.8536120030023	4.4205860792311605e-52	False	(array([-0.41256221, -0.53127757]), (1.1666666666666667, 0.7098522167487686))	False
APOLD1	CTNNB1;ENHA_FOS	9.14607350822606	1.07107771104781e-63	False	(array([-0.41256221, -0.53127757]), (1.1, -0.7098522167487685))	False
APOLD1	CTNNB1;ENHA_TCF7L2	8.64299318315361	1.80674760296951e-61	False	(array([-0.41256221, -0.53127757]), (1.1, 0.720689655172414))	False
APOLD1	CTNNB1;ENHA_TGIF1	7.57308015017004	7.876754113235839e-55	False	(array([-0.41256221, -0.53127757]), (1.1333333333333335, 0.8290640394088671))	False
APOLD1	CTNNB1;ENHA_HIF1A	6.47247605849207	1.09529918962928e-39	False	(array([-0.41256221, -0.53127757]), (1.1, -0.5147783251231527))	False
APOLD1	CTNNB1;ENHA_MYC	8.00895988329229	1.31113223501888e-57	False	(array([-0.41256221, -0.53127757]), (1.1666666666666667, -0.005418719211822687))	False
APOLD1	CTNNB1;ENHA_EGR1	44.1239475585737	2.79012210975006e-59	False	(array([-0.41256221, -0.53127757]), (1.1, -0.8399014778325123))	False
APOLD1	CTNNB1;ENHA_ATF2	11.0212252114349	3.83236125902161e-73	False	(array([-0.41256221, -0.53127757]), (1.1666666666666667, -1.0783251231527093))	False
APOLD1	CTNNB1;ENHA_AR	10.6301474966785	6.598130485201089e-70	False	(array([-0.41256221, -0.53127757]), (1.1, -1.1))	False
APOLD1	CTNNB1;ENHA_TCF4	37.8536120030023	4.4205860792311605e-52	False	(array([-0.41256221, -0.53127757]), (1.1666666666666667, 0.7098522167487686))	False
APOLD1	CTNNB1;ENHA_AR	10.6301474966785	6.598130485201089e-70	False	(array([-0.41256221, -0.53127757]), (1.1, -1.1))	False
APOLD1	CTNNB1;ENHA_EGR1	44.1239475585737	2.79012210975006e-59	False	(array([-0.41256221, -0.53127757]), (1.1, -0.8399014778325123))	False
APOLD1	CTNNB1;ENHA_NFKB1	164.945591675454	2.7065037306656803e-52	False	(array([-0.41256221, -0.53127757]), (1.1333333333333335, 0.08128078817733986))	False
APOLD1	CTNNB1;ENHA_GLIS2	6.6007533487639	4.1097277087867297e-48	False	(array([-0.41256221, -0.53127757]), (1.1666666666666667, -0.558128078817734))	False
APOLD1	CTNNB1;ENHA_HIF1A	6.47247605849207	1.09529918962928e-39	False	(array([-0.41256221, -0.53127757]), (1.1, -0.5147783251231527))	False
APOLD1	CTNNB1;ENHA_NFKB1	164.945591675454	2.7065037306656803e-52	False	(array([-0.41256221, -0.53127757]), (1.1333333333333335, 0.08128078817733986))	False
APOLD1	CTNNB1;ENHA_MYC	8.00895988329229	1.31113223501888e-57	False	(array([-0.41256221, -0.53127757]), (1.1666666666666667, -0.005418719211822687))	False
APOLD1	CTNNB1;ENHA_EGR1	44.1239475585737	2.79012210975006e-59	False	(array([-0.41256221, -0.53127757]), (1.1, -0.8399014778325123))	False
APOLD1	CTNNB1;ENHA_NFKB1	164.945591675454	2.7065037306656803e-52	False	(array([-0.41256221, -0.53127757]), (1.1333333333333335, 0.08128078817733986))	False
APOLD1	CTNNB1;ENHA_TCF4	37.8536120030023	4.4205860792311605e-52	False	(array([-0.41256221, -0.53127757]), (1.1666666666666667, 0.7098522167487686))	False
APOLD1	CTNNB1;ENHA_AR	10.6301474966785	6.598130485201089e-70	False	(array([-0.41256221, -0.53127757]), (1.1, -1.1))	False
APOLD1	CTNNB1;ENHA_EGR1	44.1239475585737	2.79012210975006e-59	False	(array([-0.41256221, -0.53127757]), (1.1, -0.8399014778325123))	False
APOLD1	CTNNB1;ENHA_NFKB1	164.945591675454	2.7065037306656803e-52	False	(array([-0.41256221, -0.53127757]), (1.1333333333333335, 0.08128078817733986))	False
APOLD1	CTNNB1;ENHA_TCF4	37.8536120030023	4.4205860792311605e-52	False	(array([-0.41256221, -0.53127757]), (1.1666666666666667, 0.7098522167487686))	False
APOLD1	CTNNB1;ENHA_LEF1	6.60943896546053	2.0364200109816898e-48	False	(array([-0.41256221, -0.53127757]), (1.1, -0.18965517241379304))	False
APOLD1	CTNNB1;ENHA_TCF4	37.8536120030023	4.4205860792311605e-52	False	(array([-0.41256221, -0.53127757]), (1.1666666666666667, 0.7098522167487686))	False
APOLD1	CTNNB1;ENHA_EGR1	44.1239475585737	2.79012210975006e-59	False	(array([-0.41256221, -0.53127757]), (1.1, -0.8399014778325123))	False
APOLD1	CTNNB1;ENHA_NFKB1	164.945591675454	2.7065037306656803e-52	False	(array([-0.41256221, -0.53127757]), (1.1333333333333335, 0.08128078817733986))	False
APOLD1	CTNNB1;ENHA_LEF1	6.60943896546053	2.0364200109816898e-48	False	(array([-0.41256221, -0.53127757]), (1.1, -0.18965517241379304))	False
APOLD1	CTNNB1;ENHA_TCF7L2	8.64299318315361	1.80674760296951e-61	False	(array([-0.41256221, -0.53127757]), (1.1, 0.720689655172414))	False
APOLD1	CTNNB1;ENHA_NFKB1	164.945591675454	2.7065037306656803e-52	False	(array([-0.41256221, -0.53127757]), (1.1333333333333335, 0.08128078817733986))	False
APOLD1	CTNNB1;ENHA_MYC	8.00895988329229	1.31113223501888e-57	False	(array([-0.41256221, -0.53127757]), (1.1666666666666667, -0.005418719211822687))	False
APOLD1	CTNNB1;ENHA_TCF4	37.8536120030023	4.4205860792311605e-52	False	(array([-0.41256221, -0.53127757]), (1.1666666666666667, 0.7098522167487686))	False
APOLD1	CTNNB1;ENHA_LEF1	6.60943896546053	2.0364200109816898e-48	False	(array([-0.41256221, -0.53127757]), (1.1, -0.18965517241379304))	False
APOLD1	CTNNB1;ENHA_TCF7L2	8.64299318315361	1.80674760296951e-61	False	(array([-0.41256221, -0.53127757]), (1.1, 0.720689655172414))	False
APOLD1	CTNNB1;ENHA_EGR1	44.1239475585737	2.79012210975006e-59	False	(array([-0.41256221, -0.53127757]), (1.1, -0.8399014778325123))	False
APOLD1	CTNNB1;ENHA_ATF2	11.0212252114349	3.83236125902161e-73	False	(array([-0.41256221, -0.53127757]), (1.1666666666666667, -1.0783251231527093))	False
APOLD1	CTNNB1;ENHA_JUN	8.12052565535089	4.6372915640783e-58	False	(array([-0.41256221, -0.53127757]), (1.1666666666666667, -0.33054187192118223))	False
APOLD1	CTNNB1;ENHA_LEF1	6.60943896546053	2.0364200109816898e-48	False	(array([-0.41256221, -0.53127757]), (1.1, -0.18965517241379304))	False
APOLD1	CTNNB1;ENHA_HIF1A	6.47247605849207	1.09529918962928e-39	False	(array([-0.41256221, -0.53127757]), (1.1, -0.5147783251231527))	False
APOLD1	CTNNB1;ENHA_TCF7L2	8.64299318315361	1.80674760296951e-61	False	(array([-0.41256221, -0.53127757]), (1.1, 0.720689655172414))	False
APOLD1	CTNNB1;ENHA_MYC	8.00895988329229	1.31113223501888e-57	False	(array([-0.41256221, -0.53127757]), (1.1666666666666667, -0.005418719211822687))	False
APOLD1	CTNNB1;ENHA_AR	10.6301474966785	6.598130485201089e-70	False	(array([-0.41256221, -0.53127757]), (1.1, -1.1))	False
APOLD1	CTNNB1;ENHA_TCF4	37.8536120030023	4.4205860792311605e-52	False	(array([-0.41256221, -0.53127757]), (1.1666666666666667, 0.7098522167487686))	False
APOLD1	CTNNB1;ENHA_TCF4	37.8536120030023	4.4205860792311605e-52	False	(array([-0.41256221, -0.53127757]), (1.1666666666666667, 0.7098522167487686))	False
APOLD1	CTNNB1;ENHA_FOS	9.14607350822606	1.07107771104781e-63	False	(array([-0.41256221, -0.53127757]), (1.1, -0.7098522167487685))	False
APOLD1	CTNNB1;ENHA_EGR1	44.1239475585737	2.79012210975006e-59	False	(array([-0.41256221, -0.53127757]), (1.1, -0.8399014778325123))	False
APOLD1	CTNNB1;ENHA_TCF4	37.8536120030023	4.4205860792311605e-52	False	(array([-0.41256221, -0.53127757]), (1.1666666666666667, 0.7098522167487686))	False
APOLD1	CTNNB1;ENHA_EGR1	44.1239475585737	2.79012210975006e-59	False	(array([-0.41256221, -0.53127757]), (1.1, -0.8399014778325123))	False
APOLD1	CTNNB1;ENHA_TGIF1	7.57308015017004	7.876754113235839e-55	False	(array([-0.41256221, -0.53127757]), (1.1333333333333335, 0.8290640394088671))	False
APOLD1	CTNNB1;ENHA_AR	10.6301474966785	6.598130485201089e-70	False	(array([-0.41256221, -0.53127757]), (1.1, -1.1))	False
APOLD1	CTNNB1;ENHA_EGR1	44.1239475585737	2.79012210975006e-59	False	(array([-0.41256221, -0.53127757]), (1.1, -0.8399014778325123))	False
APOLD1	CTNNB1;ENHA_PPARG	7.68570676119743	1.2486276532089198e-55	False	(array([-0.41256221, -0.53127757]), (1.1666666666666667, 0.31970443349753697))	False
APOLD1	CTNNB1;ENHA_NFKB1	164.945591675454	2.7065037306656803e-52	False	(array([-0.41256221, -0.53127757]), (1.1333333333333335, 0.08128078817733986))	False
APOLD1	CTNNB1;ENHA_GLIS2	6.6007533487639	4.1097277087867297e-48	False	(array([-0.41256221, -0.53127757]), (1.1666666666666667, -0.558128078817734))	False
APOLD1	CTNNB1;ENHA_EGR1	44.1239475585737	2.79012210975006e-59	False	(array([-0.41256221, -0.53127757]), (1.1, -0.8399014778325123))	False
APOLD1	CTNNB1;ENHA_NFKB1	164.945591675454	2.7065037306656803e-52	False	(array([-0.41256221, -0.53127757]), (1.1333333333333335, 0.08128078817733986))	False
APOLD1	CTNNB1;ENHA_TCF4	37.8536120030023	4.4205860792311605e-52	False	(array([-0.41256221, -0.53127757]), (1.1666666666666667, 0.7098522167487686))	False
APOLD1	CTNNB1;ENHA_NFKB1	164.945591675454	2.7065037306656803e-52	False	(array([-0.41256221, -0.53127757]), (1.1333333333333335, 0.08128078817733986))	False
APOLD1	CTNNB1;ENHA_AR	10.6301474966785	6.598130485201089e-70	False	(array([-0.41256221, -0.53127757]), (1.1, -1.1))	False
APOLD1	CTNNB1;ENHA_LEF1	6.60943896546053	2.0364200109816898e-48	False	(array([-0.41256221, -0.53127757]), (1.1, -0.18965517241379304))	False
APOLD1	CTNNB1;ENHA_TCF7L2	8.64299318315361	1.80674760296951e-61	False	(array([-0.41256221, -0.53127757]), (1.1, 0.720689655172414))	False
APOLD1	CTNNB1;PROM_TCF7	1.12360708870475	0.803466265083679	False	(array([-0.41256221, -0.53127757]), (-1.1, 0.6217391304347826))	False
APOLD1	ENHA_TWIST1;MAX	5.09233005206224	9.417828575555849e-36	False	((1.1333333333333335, 0.8940886699507391), array([ 0.22106521, -0.36423198]))	False
APOLD1	ENHA_FOXK1;MAX	4.97555010819659	2.02438757269471e-31	False	((1.1333333333333335, -0.6665024630541873), array([ 0.22106521, -0.36423198]))	False
APOLD1	ENHA_FOXK2;MAX	4.81042723741684	7.38447911357981e-32	False	((1.1666666666666667, -0.6556650246305419), array([ 0.22106521, -0.36423198]))	False
APOLD1	ENHA_MGA;MAX	5.50937645884471	1.01443373274296e-39	False	((1.1, -0.09211822660098523), array([ 0.22106521, -0.36423198]))	False
APOLD1	ENHA_TFAP2A;MAX	4.39108512320527	3.42745313212864e-26	False	((1.1333333333333335, 0.7640394088669953), array([ 0.22106521, -0.36423198]))	False
APOLD1	ENHA_MXI1;MAX	6.00257615526825	1.74962115770833e-43	False	((1.1, -0.027093596059113212), array([ 0.22106521, -0.36423198]))	False
APOLD1	ENHA_TWIST1;MAX	5.09233005206224	9.417828575555849e-36	False	((1.1333333333333335, 0.8940886699507391), array([ 0.22106521, -0.36423198]))	False
APOLD1	ENHA_FOXK1;MAX	4.97555010819659	2.02438757269471e-31	False	((1.1333333333333335, -0.6665024630541873), array([ 0.22106521, -0.36423198]))	False
APOLD1	ENHA_FOXK1;MAX	4.97555010819659	2.02438757269471e-31	False	((1.1333333333333335, -0.6665024630541873), array([ 0.22106521, -0.36423198]))	False
APOLD1	ENHA_TFAP2A;MAX	4.39108512320527	3.42745313212864e-26	False	((1.1333333333333335, 0.7640394088669953), array([ 0.22106521, -0.36423198]))	False
APOLD1	ENHA_FOXK2;MAX	4.81042723741684	7.38447911357981e-32	False	((1.1666666666666667, -0.6556650246305419), array([ 0.22106521, -0.36423198]))	False
APOLD1	ENHA_TEAD1;MAX	6.27152497747024	1.41657580049976e-45	False	((1.1333333333333335, 0.7315270935960592), array([ 0.22106521, -0.36423198]))	False
APOLD1	ENHA_MXI1;MAX	6.00257615526825	1.74962115770833e-43	False	((1.1, -0.027093596059113212), array([ 0.22106521, -0.36423198]))	False
APOLD1	ENHA_FOXK1;MAX	4.97555010819659	2.02438757269471e-31	False	((1.1333333333333335, -0.6665024630541873), array([ 0.22106521, -0.36423198]))	False
APOLD1	ENHA_FOXK2;MAX	4.81042723741684	7.38447911357981e-32	False	((1.1666666666666667, -0.6556650246305419), array([ 0.22106521, -0.36423198]))	False
APOLD1	ENHA_TWIST1;MAX	5.09233005206224	9.417828575555849e-36	False	((1.1333333333333335, 0.8940886699507391), array([ 0.22106521, -0.36423198]))	False
APOLD1	ENHA_TEAD1;MAX	6.27152497747024	1.41657580049976e-45	False	((1.1333333333333335, 0.7315270935960592), array([ 0.22106521, -0.36423198]))	False
APOLD1	ENHA_MGA;MAX	5.50937645884471	1.01443373274296e-39	False	((1.1, -0.09211822660098523), array([ 0.22106521, -0.36423198]))	False
APOLD1	ENHA_TFAP2A;MAX	4.39108512320527	3.42745313212864e-26	False	((1.1333333333333335, 0.7640394088669953), array([ 0.22106521, -0.36423198]))	False
APOLD1	ENHA_E2F6;MAX	5.81691104815881	1.5184679785654298e-40	False	((1.1333333333333335, -0.861576354679803), array([ 0.22106521, -0.36423198]))	False
APOLD1	ENHA_E2F6;MAX	5.81691104815881	1.5184679785654298e-40	False	((1.1333333333333335, -0.861576354679803), array([ 0.22106521, -0.36423198]))	False
APOLD1	ENHA_TWIST1;MAX	5.09233005206224	9.417828575555849e-36	False	((1.1333333333333335, 0.8940886699507391), array([ 0.22106521, -0.36423198]))	False
APOLD1	ENHA_TEAD1;MAX	6.27152497747024	1.41657580049976e-45	False	((1.1333333333333335, 0.7315270935960592), array([ 0.22106521, -0.36423198]))	False
APOLD1	ENHA_CEBPA;MAX	6.71254230393405	6.99338923410802e-49	False	((1.1666666666666667, -0.9807881773399015), array([ 0.22106521, -0.36423198]))	False
APOLD1	ENHA_TFAP2A;MAX	4.39108512320527	3.42745313212864e-26	False	((1.1333333333333335, 0.7640394088669953), array([ 0.22106521, -0.36423198]))	False
APOLD1	ENHA_CUX1;MAX	7.36294321825388	1.0828405234399299e-22	False	((1.1333333333333335, -0.894088669950739), array([ 0.22106521, -0.36423198]))	False
APOLD1	ENHA_TEAD1;MAX	6.27152497747024	1.41657580049976e-45	False	((1.1333333333333335, 0.7315270935960592), array([ 0.22106521, -0.36423198]))	False
APOLD1	ENHA_MXI1;MAX	6.00257615526825	1.74962115770833e-43	False	((1.1, -0.027093596059113212), array([ 0.22106521, -0.36423198]))	False
APOLD1	ENHA_FOXK1;MAX	4.97555010819659	2.02438757269471e-31	False	((1.1333333333333335, -0.6665024630541873), array([ 0.22106521, -0.36423198]))	False
APOLD1	ENHA_TEAD1;MAX	6.27152497747024	1.41657580049976e-45	False	((1.1333333333333335, 0.7315270935960592), array([ 0.22106521, -0.36423198]))	False
APOLD1	ENHA_CEBPA;MAX	6.71254230393405	6.99338923410802e-49	False	((1.1666666666666667, -0.9807881773399015), array([ 0.22106521, -0.36423198]))	False
APOLD1	ENHA_E2F6;MAX	5.81691104815881	1.5184679785654298e-40	False	((1.1333333333333335, -0.861576354679803), array([ 0.22106521, -0.36423198]))	False
APOLD1	ENHA_TFAP2A;MAX	4.39108512320527	3.42745313212864e-26	False	((1.1333333333333335, 0.7640394088669953), array([ 0.22106521, -0.36423198]))	False
APOLD1	ENHA_E2F6;MAX	5.81691104815881	1.5184679785654298e-40	False	((1.1333333333333335, -0.861576354679803), array([ 0.22106521, -0.36423198]))	False
APOLD1	ENHA_TWIST1;MAX	5.09233005206224	9.417828575555849e-36	False	((1.1333333333333335, 0.8940886699507391), array([ 0.22106521, -0.36423198]))	False
APOLD1	ENHA_TFDP1;MAX	4.41435961303588	2.09472640747991e-21	False	((1.1666666666666667, 0.8073891625615766), array([ 0.22106521, -0.36423198]))	False
APOLD1	ENHA_TEAD1;MAX	6.27152497747024	1.41657580049976e-45	False	((1.1333333333333335, 0.7315270935960592), array([ 0.22106521, -0.36423198]))	False
APOLD1	ENHA_FOXK1;MAX	4.97555010819659	2.02438757269471e-31	False	((1.1333333333333335, -0.6665024630541873), array([ 0.22106521, -0.36423198]))	False
APOLD1	ENHA_FOXK2;MAX	4.81042723741684	7.38447911357981e-32	False	((1.1666666666666667, -0.6556650246305419), array([ 0.22106521, -0.36423198]))	False
APOLD1	ENHA_MXI1;MAX	6.00257615526825	1.74962115770833e-43	False	((1.1, -0.027093596059113212), array([ 0.22106521, -0.36423198]))	False
APOLD1	ENHA_BCL6;SIAH1	9.85650437067589	5.732649805809371e-63	False	((1.1666666666666667, -1.0133004926108375), array([0.78906913, 0.6523588 ]))	False
APOLD1	ENHA_ZNF148;SIAH1	14.7682857051295	4.4814272688362797e-69	False	((1.1, 1.0458128078817737), array([0.78906913, 0.6523588 ]))	False
APOLD1	ENHA_STAT3;SIAH1	15.5657423128346	5.46223985933399e-86	False	((1.1666666666666667, 0.6773399014778327), array([0.78906913, 0.6523588 ]))	False
APOLD1	ENHA_STAT3;SIAH1	15.5657423128346	5.46223985933399e-86	False	((1.1666666666666667, 0.6773399014778327), array([0.78906913, 0.6523588 ]))	False
APOLD1	ENHA_KLF10;SIAH1	16.4891343406327	5.16673924160824e-79	False	((1.1666666666666667, -0.29802955665024633), array([0.78906913, 0.6523588 ]))	False
APOLD1	ENHA_RXRB;SIAH1	7.64513451827844	7.51455525283419e-54	False	((1.1666666666666667, 0.4822660098522169), array([0.78906913, 0.6523588 ]))	False
APOLD1	ENHA_STAT3;SIAH1	15.5657423128346	5.46223985933399e-86	False	((1.1666666666666667, 0.6773399014778327), array([0.78906913, 0.6523588 ]))	False
APOLD1	ENHA_STAT3;SIAH1	15.5657423128346	5.46223985933399e-86	False	((1.1666666666666667, 0.6773399014778327), array([0.78906913, 0.6523588 ]))	False
APOLD1	ENHA_KLF10;SIAH1	16.4891343406327	5.16673924160824e-79	False	((1.1666666666666667, -0.29802955665024633), array([0.78906913, 0.6523588 ]))	False
APOLD1	ENHA_BCL6;SIAH1	9.85650437067589	5.732649805809371e-63	False	((1.1666666666666667, -1.0133004926108375), array([0.78906913, 0.6523588 ]))	False
APOLD1	ENHA_RXRB;SIAH1	7.64513451827844	7.51455525283419e-54	False	((1.1666666666666667, 0.4822660098522169), array([0.78906913, 0.6523588 ]))	False
APOLD1	ENHA_KLF10;SIAH1	16.4891343406327	5.16673924160824e-79	False	((1.1666666666666667, -0.29802955665024633), array([0.78906913, 0.6523588 ]))	False
APOLD1	ENHA_ZNF148;SIAH1	14.7682857051295	4.4814272688362797e-69	False	((1.1, 1.0458128078817737), array([0.78906913, 0.6523588 ]))	False
APOLD1	ENHA_KLF10;SIAH1	16.4891343406327	5.16673924160824e-79	False	((1.1666666666666667, -0.29802955665024633), array([0.78906913, 0.6523588 ]))	False
APOLD1	ENHA_ZNF148;SIAH1	14.7682857051295	4.4814272688362797e-69	False	((1.1, 1.0458128078817737), array([0.78906913, 0.6523588 ]))	False
APOLD1	ENHA_STAT3;SIAH1	15.5657423128346	5.46223985933399e-86	False	((1.1666666666666667, 0.6773399014778327), array([0.78906913, 0.6523588 ]))	False
APOLD1	ENHA_STAT3;SIAH1	15.5657423128346	5.46223985933399e-86	False	((1.1666666666666667, 0.6773399014778327), array([0.78906913, 0.6523588 ]))	False
APOLD1	ENHA_IRF1;KEAP1	10.2737297765676	1.44329371853565e-45	False	((1.1333333333333335, -0.4064039408866995), array([-0.84569454,  0.12657069]))	False
APOLD1	ENHA_MAZ;KEAP1	9.94051866973136	2.16524649909056e-66	False	((1.1666666666666667, -0.1354679802955665), array([-0.84569454,  0.12657069]))	False
APOLD1	ENHA_MAZ;KEAP1	9.94051866973136	2.16524649909056e-66	False	((1.1666666666666667, -0.1354679802955665), array([-0.84569454,  0.12657069]))	False
APOLD1	ENHA_IRF1;KEAP1	10.2737297765676	1.44329371853565e-45	False	((1.1333333333333335, -0.4064039408866995), array([-0.84569454,  0.12657069]))	False
APOLD1	ENHA_MAZ;KEAP1	9.94051866973136	2.16524649909056e-66	False	((1.1666666666666667, -0.1354679802955665), array([-0.84569454,  0.12657069]))	False
APOLD1	ENHA_MAZ;KEAP1	9.94051866973136	2.16524649909056e-66	False	((1.1666666666666667, -0.1354679802955665), array([-0.84569454,  0.12657069]))	False
APOLD1	ENHA_IRF1;KEAP1	10.2737297765676	1.44329371853565e-45	False	((1.1333333333333335, -0.4064039408866995), array([-0.84569454,  0.12657069]))	False
APOLD1	ENHA_IRF1;KEAP1	10.2737297765676	1.44329371853565e-45	False	((1.1333333333333335, -0.4064039408866995), array([-0.84569454,  0.12657069]))	False
APOLD1	ENHA_IRF1;KEAP1	10.2737297765676	1.44329371853565e-45	False	((1.1333333333333335, -0.4064039408866995), array([-0.84569454,  0.12657069]))	False
APOLD1	ENHA_IRF1;KEAP1	10.2737297765676	1.44329371853565e-45	False	((1.1333333333333335, -0.4064039408866995), array([-0.84569454,  0.12657069]))	False
APOLD1	ENHA_IRF1;KEAP1	10.2737297765676	1.44329371853565e-45	False	((1.1333333333333335, -0.4064039408866995), array([-0.84569454,  0.12657069]))	False
APOLD1	ENHA_IRF1;KEAP1	10.2737297765676	1.44329371853565e-45	False	((1.1333333333333335, -0.4064039408866995), array([-0.84569454,  0.12657069]))	False
APOLD1	ENHA_IRF1;KEAP1	10.2737297765676	1.44329371853565e-45	False	((1.1333333333333335, -0.4064039408866995), array([-0.84569454,  0.12657069]))	False
APOLD1	ENHA_IRF1;KEAP1	10.2737297765676	1.44329371853565e-45	False	((1.1333333333333335, -0.4064039408866995), array([-0.84569454,  0.12657069]))	False
APOLD1	ENHA_IRF1;KEAP1	10.2737297765676	1.44329371853565e-45	False	((1.1333333333333335, -0.4064039408866995), array([-0.84569454,  0.12657069]))	False
APOLD1	ENHA_IRF1;KEAP1	10.2737297765676	1.44329371853565e-45	False	((1.1333333333333335, -0.4064039408866995), array([-0.84569454,  0.12657069]))	False
APOLD1	ENHA_IRF1;KEAP1	10.2737297765676	1.44329371853565e-45	False	((1.1333333333333335, -0.4064039408866995), array([-0.84569454,  0.12657069]))	False
APOLD1	ENHA_IRF1;KEAP1	10.2737297765676	1.44329371853565e-45	False	((1.1333333333333335, -0.4064039408866995), array([-0.84569454,  0.12657069]))	False
APOLD1	ENHA_IRF1;KEAP1	10.2737297765676	1.44329371853565e-45	False	((1.1333333333333335, -0.4064039408866995), array([-0.84569454,  0.12657069]))	False
APOLD1	ENHA_NFE2L2;KEAP1	8.83253920365291	1.39610525552986e-62	False	((1.1666666666666667, 0.027093596059113434), array([-0.84569454,  0.12657069]))	False
APOLD1	ENHA_IRF1;KEAP1	10.2737297765676	1.44329371853565e-45	False	((1.1333333333333335, -0.4064039408866995), array([-0.84569454,  0.12657069]))	False
APOLD1	ENHA_IRF1;KEAP1	10.2737297765676	1.44329371853565e-45	False	((1.1333333333333335, -0.4064039408866995), array([-0.84569454,  0.12657069]))	False
APOLD1	ENHA_MAZ;KEAP1	9.94051866973136	2.16524649909056e-66	False	((1.1666666666666667, -0.1354679802955665), array([-0.84569454,  0.12657069]))	False
APOLD1	ENHA_IRF1;KEAP1	10.2737297765676	1.44329371853565e-45	False	((1.1333333333333335, -0.4064039408866995), array([-0.84569454,  0.12657069]))	False
APOLD1	ENHA_IRF1;KEAP1	10.2737297765676	1.44329371853565e-45	False	((1.1333333333333335, -0.4064039408866995), array([-0.84569454,  0.12657069]))	False
APOLD1	ENHA_IRF1;KEAP1	10.2737297765676	1.44329371853565e-45	False	((1.1333333333333335, -0.4064039408866995), array([-0.84569454,  0.12657069]))	False
APOLD1	ENHA_IRF1;KEAP1	10.2737297765676	1.44329371853565e-45	False	((1.1333333333333335, -0.4064039408866995), array([-0.84569454,  0.12657069]))	False
APOLD1	ENHA_MAZ;KEAP1	9.94051866973136	2.16524649909056e-66	False	((1.1666666666666667, -0.1354679802955665), array([-0.84569454,  0.12657069]))	False
APOLD1	ENHA_NFE2L2;KEAP1	8.83253920365291	1.39610525552986e-62	False	((1.1666666666666667, 0.027093596059113434), array([-0.84569454,  0.12657069]))	False
APOLD1	ENHA_IRF1;KEAP1	10.2737297765676	1.44329371853565e-45	False	((1.1333333333333335, -0.4064039408866995), array([-0.84569454,  0.12657069]))	False
APOLD1	ENHA_IRF1;KEAP1	10.2737297765676	1.44329371853565e-45	False	((1.1333333333333335, -0.4064039408866995), array([-0.84569454,  0.12657069]))	False
APOLD1	ENHA_IRF1;KEAP1	10.2737297765676	1.44329371853565e-45	False	((1.1333333333333335, -0.4064039408866995), array([-0.84569454,  0.12657069]))	False
APOLD1	ENHA_IRF1;KEAP1	10.2737297765676	1.44329371853565e-45	False	((1.1333333333333335, -0.4064039408866995), array([-0.84569454,  0.12657069]))	False
APOLD1	ENHA_IRF1;KEAP1	10.2737297765676	1.44329371853565e-45	False	((1.1333333333333335, -0.4064039408866995), array([-0.84569454,  0.12657069]))	False
APOLD1	ENHA_MAZ;KEAP1	9.94051866973136	2.16524649909056e-66	False	((1.1666666666666667, -0.1354679802955665), array([-0.84569454,  0.12657069]))	False
APOLD1	ENHA_IRF1;KEAP1	10.2737297765676	1.44329371853565e-45	False	((1.1333333333333335, -0.4064039408866995), array([-0.84569454,  0.12657069]))	False
APOLD1	ENHA_IRF1;KEAP1	10.2737297765676	1.44329371853565e-45	False	((1.1333333333333335, -0.4064039408866995), array([-0.84569454,  0.12657069]))	False
APOLD1	ENHA_MAZ;KEAP1	9.94051866973136	2.16524649909056e-66	False	((1.1666666666666667, -0.1354679802955665), array([-0.84569454,  0.12657069]))	False
APOLD1	ENHA_THAP11;HCFC1	9.42219441317542	4.5333180236699194e-55	False	((1.1, 0.8507389162561578), array([0.08312908, 0.1237711 ]))	False
APOLD1	ENHA_YY1;HCFC1	6.46404000992857	3.5590375568660503e-47	False	((1.1666666666666667, 0.9374384236453204), array([0.08312908, 0.1237711 ]))	False
APOLD1	ENHA_SP1;HCFC1	108.037552903313	8.30001750818935e-37	False	((1.1666666666666667, 0.5798029556650248), array([0.08312908, 0.1237711 ]))	False
APOLD1	ENHA_IRF1;HCFC1	62.7956653116216	4.73769863123692e-40	False	((1.1333333333333335, -0.4064039408866995), array([0.08312908, 0.1237711 ]))	False
APOLD1	ENHA_SP1;HCFC1	108.037552903313	8.30001750818935e-37	False	((1.1666666666666667, 0.5798029556650248), array([0.08312908, 0.1237711 ]))	False
APOLD1	ENHA_E2F3;HCFC1	4.81207730686059	5.5837646105248e-19	False	((1.1666666666666667, -0.8832512315270937), array([0.08312908, 0.1237711 ]))	False
APOLD1	ENHA_GABPA;HCFC1	8.97663590869573	2.5461206543481e-55	False	((1.1666666666666667, -0.6231527093596059), array([0.08312908, 0.1237711 ]))	False
APOLD1	ENHA_IRF1;HCFC1	62.7956653116216	4.73769863123692e-40	False	((1.1333333333333335, -0.4064039408866995), array([0.08312908, 0.1237711 ]))	False
APOLD1	ENHA_FOXK2;HCFC1	6.69662755847478	5.0826959558543195e-49	False	((1.1666666666666667, -0.6556650246305419), array([0.08312908, 0.1237711 ]))	False
APOLD1	ENHA_SP1;HCFC1	108.037552903313	8.30001750818935e-37	False	((1.1666666666666667, 0.5798029556650248), array([0.08312908, 0.1237711 ]))	False
APOLD1	ENHA_IRF2;HCFC1	7.58336770826806	5.8092925391240094e-55	False	((1.1666666666666667, -0.39556650246305414), array([0.08312908, 0.1237711 ]))	False
APOLD1	ENHA_GABPA;HCFC1	8.97663590869573	2.5461206543481e-55	False	((1.1666666666666667, -0.6231527093596059), array([0.08312908, 0.1237711 ]))	False
APOLD1	ENHA_POU2F1;HCFC1	4.59416307414841	2.8874700795456e-31	False	((1.1666666666666667, 0.28719211822660107), array([0.08312908, 0.1237711 ]))	False
APOLD1	ENHA_IRF1;HCFC1	62.7956653116216	4.73769863123692e-40	False	((1.1333333333333335, -0.4064039408866995), array([0.08312908, 0.1237711 ]))	False
APOLD1	ENHA_IRF1;HCFC1	62.7956653116216	4.73769863123692e-40	False	((1.1333333333333335, -0.4064039408866995), array([0.08312908, 0.1237711 ]))	False
APOLD1	ENHA_SP1;HCFC1	108.037552903313	8.30001750818935e-37	False	((1.1666666666666667, 0.5798029556650248), array([0.08312908, 0.1237711 ]))	False
APOLD1	ENHA_THAP11;HCFC1	9.42219441317542	4.5333180236699194e-55	False	((1.1, 0.8507389162561578), array([0.08312908, 0.1237711 ]))	False
APOLD1	ENHA_POU2F1;HCFC1	4.59416307414841	2.8874700795456e-31	False	((1.1666666666666667, 0.28719211822660107), array([0.08312908, 0.1237711 ]))	False
APOLD1	ENHA_IRF1;HCFC1	62.7956653116216	4.73769863123692e-40	False	((1.1333333333333335, -0.4064039408866995), array([0.08312908, 0.1237711 ]))	False
APOLD1	ENHA_FOXK2;HCFC1	6.69662755847478	5.0826959558543195e-49	False	((1.1666666666666667, -0.6556650246305419), array([0.08312908, 0.1237711 ]))	False
APOLD1	ENHA_SP1;HCFC1	108.037552903313	8.30001750818935e-37	False	((1.1666666666666667, 0.5798029556650248), array([0.08312908, 0.1237711 ]))	False
APOLD1	ENHA_THAP1;HCFC1	7.64457888656724	8.2460761091509e-55	False	((1.1666666666666667, 0.8399014778325125), array([0.08312908, 0.1237711 ]))	False
APOLD1	ENHA_E2F3;HCFC1	4.81207730686059	5.5837646105248e-19	False	((1.1666666666666667, -0.8832512315270937), array([0.08312908, 0.1237711 ]))	False
APOLD1	ENHA_GABPA;HCFC1	8.97663590869573	2.5461206543481e-55	False	((1.1666666666666667, -0.6231527093596059), array([0.08312908, 0.1237711 ]))	False
APOLD1	ENHA_IRF1;HCFC1	62.7956653116216	4.73769863123692e-40	False	((1.1333333333333335, -0.4064039408866995), array([0.08312908, 0.1237711 ]))	False
APOLD1	ENHA_SP1;HCFC1	108.037552903313	8.30001750818935e-37	False	((1.1666666666666667, 0.5798029556650248), array([0.08312908, 0.1237711 ]))	False
APOLD1	ENHA_IRF1;HCFC1	62.7956653116216	4.73769863123692e-40	False	((1.1333333333333335, -0.4064039408866995), array([0.08312908, 0.1237711 ]))	False
APOLD1	ENHA_FOXK2;HCFC1	6.69662755847478	5.0826959558543195e-49	False	((1.1666666666666667, -0.6556650246305419), array([0.08312908, 0.1237711 ]))	False
APOLD1	ENHA_POU2F1;HCFC1	4.59416307414841	2.8874700795456e-31	False	((1.1666666666666667, 0.28719211822660107), array([0.08312908, 0.1237711 ]))	False
APOLD1	ENHA_THAP1;HCFC1	7.64457888656724	8.2460761091509e-55	False	((1.1666666666666667, 0.8399014778325125), array([0.08312908, 0.1237711 ]))	False
APOLD1	ENHA_IRF1;HCFC1	62.7956653116216	4.73769863123692e-40	False	((1.1333333333333335, -0.4064039408866995), array([0.08312908, 0.1237711 ]))	False
APOLD1	ENHA_SP1;HCFC1	108.037552903313	8.30001750818935e-37	False	((1.1666666666666667, 0.5798029556650248), array([0.08312908, 0.1237711 ]))	False
APOLD1	ENHA_IRF1;HCFC1	62.7956653116216	4.73769863123692e-40	False	((1.1333333333333335, -0.4064039408866995), array([0.08312908, 0.1237711 ]))	False
APOLD1	ENHA_SP1;HCFC1	108.037552903313	8.30001750818935e-37	False	((1.1666666666666667, 0.5798029556650248), array([0.08312908, 0.1237711 ]))	False
APOLD1	ENHA_IRF1;HCFC1	62.7956653116216	4.73769863123692e-40	False	((1.1333333333333335, -0.4064039408866995), array([0.08312908, 0.1237711 ]))	False
APOLD1	ENHA_IRF1;HCFC1	62.7956653116216	4.73769863123692e-40	False	((1.1333333333333335, -0.4064039408866995), array([0.08312908, 0.1237711 ]))	False
APOLD1	ENHA_IRF1;HCFC1	62.7956653116216	4.73769863123692e-40	False	((1.1333333333333335, -0.4064039408866995), array([0.08312908, 0.1237711 ]))	False
APOLD1	ENHA_SP1;HCFC1	108.037552903313	8.30001750818935e-37	False	((1.1666666666666667, 0.5798029556650248), array([0.08312908, 0.1237711 ]))	False
APOLD1	ENHA_THAP11;HCFC1	9.42219441317542	4.5333180236699194e-55	False	((1.1, 0.8507389162561578), array([0.08312908, 0.1237711 ]))	False
APOLD1	ENHA_GABPA;HCFC1	8.97663590869573	2.5461206543481e-55	False	((1.1666666666666667, -0.6231527093596059), array([0.08312908, 0.1237711 ]))	False
APOLD1	ENHA_THAP1;HCFC1	7.64457888656724	8.2460761091509e-55	False	((1.1666666666666667, 0.8399014778325125), array([0.08312908, 0.1237711 ]))	False
APOLD1	ENHA_IRF1;HCFC1	62.7956653116216	4.73769863123692e-40	False	((1.1333333333333335, -0.4064039408866995), array([0.08312908, 0.1237711 ]))	False
APOLD1	ENHA_IRF1;HCFC1	62.7956653116216	4.73769863123692e-40	False	((1.1333333333333335, -0.4064039408866995), array([0.08312908, 0.1237711 ]))	False
APOLD1	ENHA_GABPA;HCFC1	8.97663590869573	2.5461206543481e-55	False	((1.1666666666666667, -0.6231527093596059), array([0.08312908, 0.1237711 ]))	False
APOLD1	ENHA_IRF1;HCFC1	62.7956653116216	4.73769863123692e-40	False	((1.1333333333333335, -0.4064039408866995), array([0.08312908, 0.1237711 ]))	False
APOLD1	ENHA_THAP11;HCFC1	9.42219441317542	4.5333180236699194e-55	False	((1.1, 0.8507389162561578), array([0.08312908, 0.1237711 ]))	False
APOLD1	ENHA_E2F4;HCFC1	4.85498340106049	1.6884529671561399e-34	False	((1.1, -0.8724137931034484), array([0.08312908, 0.1237711 ]))	False
APOLD1	ENHA_YY1;HCFC1	6.46404000992857	3.5590375568660503e-47	False	((1.1666666666666667, 0.9374384236453204), array([0.08312908, 0.1237711 ]))	False
APOLD1	ENHA_IRF1;HCFC1	62.7956653116216	4.73769863123692e-40	False	((1.1333333333333335, -0.4064039408866995), array([0.08312908, 0.1237711 ]))	False
APOLD1	ENHA_SP1;HCFC1	108.037552903313	8.30001750818935e-37	False	((1.1666666666666667, 0.5798029556650248), array([0.08312908, 0.1237711 ]))	False
APOLD1	ENHA_THAP1;HCFC1	7.64457888656724	8.2460761091509e-55	False	((1.1666666666666667, 0.8399014778325125), array([0.08312908, 0.1237711 ]))	False
APOLD1	ENHA_THAP11;HCFC1	9.42219441317542	4.5333180236699194e-55	False	((1.1, 0.8507389162561578), array([0.08312908, 0.1237711 ]))	False
APOLD1	ENHA_IRF1;HCFC1	62.7956653116216	4.73769863123692e-40	False	((1.1333333333333335, -0.4064039408866995), array([0.08312908, 0.1237711 ]))	False
APOLD1	ENHA_SP1;HCFC1	108.037552903313	8.30001750818935e-37	False	((1.1666666666666667, 0.5798029556650248), array([0.08312908, 0.1237711 ]))	False
APOLD1	ENHA_IRF1;HCFC1	62.7956653116216	4.73769863123692e-40	False	((1.1333333333333335, -0.4064039408866995), array([0.08312908, 0.1237711 ]))	False
APOLD1	ENHA_THAP11;HCFC1	9.42219441317542	4.5333180236699194e-55	False	((1.1, 0.8507389162561578), array([0.08312908, 0.1237711 ]))	False
APOLD1	ENHA_SP1;HCFC1	108.037552903313	8.30001750818935e-37	False	((1.1666666666666667, 0.5798029556650248), array([0.08312908, 0.1237711 ]))	False
APOLD1	ENHA_IRF1;HCFC1	62.7956653116216	4.73769863123692e-40	False	((1.1333333333333335, -0.4064039408866995), array([0.08312908, 0.1237711 ]))	False
APOLD1	ENHA_IRF1;HCFC1	62.7956653116216	4.73769863123692e-40	False	((1.1333333333333335, -0.4064039408866995), array([0.08312908, 0.1237711 ]))	False
APOLD1	ENHA_THAP11;HCFC1	9.42219441317542	4.5333180236699194e-55	False	((1.1, 0.8507389162561578), array([0.08312908, 0.1237711 ]))	False
APOLD1	ENHA_IRF1;HCFC1	62.7956653116216	4.73769863123692e-40	False	((1.1333333333333335, -0.4064039408866995), array([0.08312908, 0.1237711 ]))	False
APOLD1	ENHA_YY1;HCFC1	6.46404000992857	3.5590375568660503e-47	False	((1.1666666666666667, 0.9374384236453204), array([0.08312908, 0.1237711 ]))	False
APOLD1	ENHA_YY1;HCFC1	6.46404000992857	3.5590375568660503e-47	False	((1.1666666666666667, 0.9374384236453204), array([0.08312908, 0.1237711 ]))	False
APOLD1	ENHA_IRF1;HCFC1	62.7956653116216	4.73769863123692e-40	False	((1.1333333333333335, -0.4064039408866995), array([0.08312908, 0.1237711 ]))	False
APOLD1	ENHA_IRF2;HCFC1	7.58336770826806	5.8092925391240094e-55	False	((1.1666666666666667, -0.39556650246305414), array([0.08312908, 0.1237711 ]))	False
APOLD1	ENHA_IRF1;HCFC1	62.7956653116216	4.73769863123692e-40	False	((1.1333333333333335, -0.4064039408866995), array([0.08312908, 0.1237711 ]))	False
APOLD1	ENHA_SP1;HCFC1	108.037552903313	8.30001750818935e-37	False	((1.1666666666666667, 0.5798029556650248), array([0.08312908, 0.1237711 ]))	False
APOLD1	ENHA_THAP11;HCFC1	9.42219441317542	4.5333180236699194e-55	False	((1.1, 0.8507389162561578), array([0.08312908, 0.1237711 ]))	False
APOLD1	ENHA_IRF1;HCFC1	62.7956653116216	4.73769863123692e-40	False	((1.1333333333333335, -0.4064039408866995), array([0.08312908, 0.1237711 ]))	False
APOLD1	ENHA_THAP11;HCFC1	9.42219441317542	4.5333180236699194e-55	False	((1.1, 0.8507389162561578), array([0.08312908, 0.1237711 ]))	False
APOLD1	ENHA_IRF2;HCFC1	7.58336770826806	5.8092925391240094e-55	False	((1.1666666666666667, -0.39556650246305414), array([0.08312908, 0.1237711 ]))	False
APOLD1	ENHA_IRF1;HCFC1	62.7956653116216	4.73769863123692e-40	False	((1.1333333333333335, -0.4064039408866995), array([0.08312908, 0.1237711 ]))	False
APOLD1	ENHA_SP1;HCFC1	108.037552903313	8.30001750818935e-37	False	((1.1666666666666667, 0.5798029556650248), array([0.08312908, 0.1237711 ]))	False
APOLD1	ENHA_E2F3;HCFC1	4.81207730686059	5.5837646105248e-19	False	((1.1666666666666667, -0.8832512315270937), array([0.08312908, 0.1237711 ]))	False
APOLD1	ENHA_E2F4;HCFC1	4.85498340106049	1.6884529671561399e-34	False	((1.1, -0.8724137931034484), array([0.08312908, 0.1237711 ]))	False
APOLD1	ENHA_SP1;HCFC1	108.037552903313	8.30001750818935e-37	False	((1.1666666666666667, 0.5798029556650248), array([0.08312908, 0.1237711 ]))	False
APOLD1	ENHA_E2F3;HCFC1	4.81207730686059	5.5837646105248e-19	False	((1.1666666666666667, -0.8832512315270937), array([0.08312908, 0.1237711 ]))	False
APOLD1	ENHA_CREB3;HCFC1	5.42837215278531	5.828053640332849e-22	False	((1.1333333333333335, -0.926600985221675), array([0.08312908, 0.1237711 ]))	False
APOLD1	ENHA_IRF1;HCFC1	62.7956653116216	4.73769863123692e-40	False	((1.1333333333333335, -0.4064039408866995), array([0.08312908, 0.1237711 ]))	False
APOLD1	ENHA_SP1;HCFC1	108.037552903313	8.30001750818935e-37	False	((1.1666666666666667, 0.5798029556650248), array([0.08312908, 0.1237711 ]))	False
APOLD1	ENHA_IRF1;HCFC1	62.7956653116216	4.73769863123692e-40	False	((1.1333333333333335, -0.4064039408866995), array([0.08312908, 0.1237711 ]))	False
APOLD1	ENHA_IRF1;HCFC1	62.7956653116216	4.73769863123692e-40	False	((1.1333333333333335, -0.4064039408866995), array([0.08312908, 0.1237711 ]))	False
APOLD1	ENHA_FOXK2;HCFC1	6.69662755847478	5.0826959558543195e-49	False	((1.1666666666666667, -0.6556650246305419), array([0.08312908, 0.1237711 ]))	False
APOLD1	ENHA_SP1;HCFC1	108.037552903313	8.30001750818935e-37	False	((1.1666666666666667, 0.5798029556650248), array([0.08312908, 0.1237711 ]))	False
APOLD1	ENHA_GABPA;HCFC1	8.97663590869573	2.5461206543481e-55	False	((1.1666666666666667, -0.6231527093596059), array([0.08312908, 0.1237711 ]))	False
APOLD1	ENHA_IRF1;STUB1	2.32829027685379	1.9856907954250897e-11	False	((1.1333333333333335, -0.4064039408866995), array([-0.17302772, -0.47721547]))	False
APOLD1	ENHA_RUNX2;STUB1	4.0156420240794	1.31399041533761e-26	False	((1.1333333333333335, 0.47142857142857153), array([-0.17302772, -0.47721547]))	False
APOLD1	ENHA_HSF1;STUB1	4.50529265468446	1.0778312700824e-28	False	((1.1666666666666667, -0.42807881773399015), array([-0.17302772, -0.47721547]))	False
APOLD1	ENHA_MITF;STUB1	4.8418995821672	1.60796003170306e-27	False	((1.1333333333333335, -0.08128078817733986), array([-0.17302772, -0.47721547]))	False
APOLD1	ENHA_IRF1;STUB1	2.32829027685379	1.9856907954250897e-11	False	((1.1333333333333335, -0.4064039408866995), array([-0.17302772, -0.47721547]))	False
APOLD1	ENHA_TP53;STUB1	3.13232221936338	6.64140963372861e-16	False	((1.1666666666666667, 0.8724137931034484), array([-0.17302772, -0.47721547]))	False
APOLD1	ENHA_HSF1;STUB1	4.50529265468446	1.0778312700824e-28	False	((1.1666666666666667, -0.42807881773399015), array([-0.17302772, -0.47721547]))	False
APOLD1	ENHA_RUNX2;STUB1	4.0156420240794	1.31399041533761e-26	False	((1.1333333333333335, 0.47142857142857153), array([-0.17302772, -0.47721547]))	False
APOLD1	ENHA_MITF;STUB1	4.8418995821672	1.60796003170306e-27	False	((1.1333333333333335, -0.08128078817733986), array([-0.17302772, -0.47721547]))	False
APOLD1	ENHA_HSF1;STUB1	4.50529265468446	1.0778312700824e-28	False	((1.1666666666666667, -0.42807881773399015), array([-0.17302772, -0.47721547]))	False
APOLD1	ENHA_TP53;STUB1	3.13232221936338	6.64140963372861e-16	False	((1.1666666666666667, 0.8724137931034484), array([-0.17302772, -0.47721547]))	False
APOLD1	ENHA_NR3C1;STUB1	4.04975885406066	7.93697339251566e-24	False	((1.1666666666666667, 0.18965517241379315), array([-0.17302772, -0.47721547]))	False
APOLD1	ENHA_IRF1;STUB1	2.32829027685379	1.9856907954250897e-11	False	((1.1333333333333335, -0.4064039408866995), array([-0.17302772, -0.47721547]))	False
APOLD1	ENHA_AR;STUB1	4.82026073436847	1.78007349725133e-29	False	((1.1, -1.1), array([-0.17302772, -0.47721547]))	False
APOLD1	ENHA_IRF1;STUB1	2.32829027685379	1.9856907954250897e-11	False	((1.1333333333333335, -0.4064039408866995), array([-0.17302772, -0.47721547]))	False
APOLD1	ENHA_RUNX2;STUB1	4.0156420240794	1.31399041533761e-26	False	((1.1333333333333335, 0.47142857142857153), array([-0.17302772, -0.47721547]))	False
APOLD1	ENHA_IRF1;STUB1	2.32829027685379	1.9856907954250897e-11	False	((1.1333333333333335, -0.4064039408866995), array([-0.17302772, -0.47721547]))	False
APOLD1	ENHA_RUNX2;STUB1	4.0156420240794	1.31399041533761e-26	False	((1.1333333333333335, 0.47142857142857153), array([-0.17302772, -0.47721547]))	False
APOLD1	ENHA_HIF1A;STUB1	5.20075546230106	9.17911627419051e-19	False	((1.1, -0.5147783251231527), array([-0.17302772, -0.47721547]))	False
APOLD1	ENHA_IRF1;STUB1	2.32829027685379	1.9856907954250897e-11	False	((1.1333333333333335, -0.4064039408866995), array([-0.17302772, -0.47721547]))	False
APOLD1	ENHA_MYC;STUB1	4.44986859390807	6.35110174298427e-23	False	((1.1666666666666667, -0.005418719211822687), array([-0.17302772, -0.47721547]))	False
APOLD1	ENHA_MITF;STUB1	4.8418995821672	1.60796003170306e-27	False	((1.1333333333333335, -0.08128078817733986), array([-0.17302772, -0.47721547]))	False
APOLD1	ENHA_IRF1;STUB1	2.32829027685379	1.9856907954250897e-11	False	((1.1333333333333335, -0.4064039408866995), array([-0.17302772, -0.47721547]))	False
APOLD1	ENHA_AR;STUB1	4.82026073436847	1.78007349725133e-29	False	((1.1, -1.1), array([-0.17302772, -0.47721547]))	False
APOLD1	ENHA_RUNX2;STUB1	4.0156420240794	1.31399041533761e-26	False	((1.1333333333333335, 0.47142857142857153), array([-0.17302772, -0.47721547]))	False
APOLD1	ENHA_AR;STUB1	4.82026073436847	1.78007349725133e-29	False	((1.1, -1.1), array([-0.17302772, -0.47721547]))	False
APOLD1	ENHA_RUNX2;STUB1	4.0156420240794	1.31399041533761e-26	False	((1.1333333333333335, 0.47142857142857153), array([-0.17302772, -0.47721547]))	False
APOLD1	ENHA_HSF1;STUB1	4.50529265468446	1.0778312700824e-28	False	((1.1666666666666667, -0.42807881773399015), array([-0.17302772, -0.47721547]))	False
APOLD1	ENHA_IRF1;STUB1	2.32829027685379	1.9856907954250897e-11	False	((1.1333333333333335, -0.4064039408866995), array([-0.17302772, -0.47721547]))	False
APOLD1	ENHA_NR3C1;STUB1	4.04975885406066	7.93697339251566e-24	False	((1.1666666666666667, 0.18965517241379315), array([-0.17302772, -0.47721547]))	False
APOLD1	ENHA_IRF1;STUB1	2.32829027685379	1.9856907954250897e-11	False	((1.1333333333333335, -0.4064039408866995), array([-0.17302772, -0.47721547]))	False
APOLD1	ENHA_TEAD3;STUB1	4.50806114138917	1.44729926491983e-25	False	((1.1, 0.7532019704433499), array([-0.17302772, -0.47721547]))	False
APOLD1	ENHA_HIF1A;STUB1	5.20075546230106	9.17911627419051e-19	False	((1.1, -0.5147783251231527), array([-0.17302772, -0.47721547]))	False
APOLD1	ENHA_IRF1;STUB1	2.32829027685379	1.9856907954250897e-11	False	((1.1333333333333335, -0.4064039408866995), array([-0.17302772, -0.47721547]))	False
APOLD1	ENHA_MYC;STUB1	4.44986859390807	6.35110174298427e-23	False	((1.1666666666666667, -0.005418719211822687), array([-0.17302772, -0.47721547]))	False
APOLD1	ENHA_IRF1;STUB1	2.32829027685379	1.9856907954250897e-11	False	((1.1333333333333335, -0.4064039408866995), array([-0.17302772, -0.47721547]))	False
APOLD1	ENHA_TP53;STUB1	3.13232221936338	6.64140963372861e-16	False	((1.1666666666666667, 0.8724137931034484), array([-0.17302772, -0.47721547]))	False
APOLD1	ENHA_IRF1;STUB1	2.32829027685379	1.9856907954250897e-11	False	((1.1333333333333335, -0.4064039408866995), array([-0.17302772, -0.47721547]))	False
APOLD1	ENHA_TP53;STUB1	3.13232221936338	6.64140963372861e-16	False	((1.1666666666666667, 0.8724137931034484), array([-0.17302772, -0.47721547]))	False
APOLD1	ENHA_TP53;STUB1	3.13232221936338	6.64140963372861e-16	False	((1.1666666666666667, 0.8724137931034484), array([-0.17302772, -0.47721547]))	False
APOLD1	ENHA_AR;STUB1	4.82026073436847	1.78007349725133e-29	False	((1.1, -1.1), array([-0.17302772, -0.47721547]))	False
APOLD1	ENHA_TP53;STUB1	3.13232221936338	6.64140963372861e-16	False	((1.1666666666666667, 0.8724137931034484), array([-0.17302772, -0.47721547]))	False
APOLD1	ENHA_TEAD3;STUB1	4.50806114138917	1.44729926491983e-25	False	((1.1, 0.7532019704433499), array([-0.17302772, -0.47721547]))	False
APOLD1	ENHA_IRF1;STUB1	2.32829027685379	1.9856907954250897e-11	False	((1.1333333333333335, -0.4064039408866995), array([-0.17302772, -0.47721547]))	False
APOLD1	ENHA_MITF;STUB1	4.8418995821672	1.60796003170306e-27	False	((1.1333333333333335, -0.08128078817733986), array([-0.17302772, -0.47721547]))	False
APOLD1	ENHA_MYC;STUB1	4.44986859390807	6.35110174298427e-23	False	((1.1666666666666667, -0.005418719211822687), array([-0.17302772, -0.47721547]))	False
APOLD1	ENHA_HIF1A;STUB1	5.20075546230106	9.17911627419051e-19	False	((1.1, -0.5147783251231527), array([-0.17302772, -0.47721547]))	False
APOLD1	ENHA_IRF1;STUB1	2.32829027685379	1.9856907954250897e-11	False	((1.1333333333333335, -0.4064039408866995), array([-0.17302772, -0.47721547]))	False
APOLD1	ENHA_RUNX2;STUB1	4.0156420240794	1.31399041533761e-26	False	((1.1333333333333335, 0.47142857142857153), array([-0.17302772, -0.47721547]))	False
APOLD1	ENHA_MYC;STUB1	4.44986859390807	6.35110174298427e-23	False	((1.1666666666666667, -0.005418719211822687), array([-0.17302772, -0.47721547]))	False
APOLD1	ENHA_NR3C1;STUB1	4.04975885406066	7.93697339251566e-24	False	((1.1666666666666667, 0.18965517241379315), array([-0.17302772, -0.47721547]))	False
APOLD1	ENHA_AR;STUB1	4.82026073436847	1.78007349725133e-29	False	((1.1, -1.1), array([-0.17302772, -0.47721547]))	False
APOLD1	ENHA_HSF1;STUB1	4.50529265468446	1.0778312700824e-28	False	((1.1666666666666667, -0.42807881773399015), array([-0.17302772, -0.47721547]))	False
APOLD1	ENHA_IRF1;STUB1	2.32829027685379	1.9856907954250897e-11	False	((1.1333333333333335, -0.4064039408866995), array([-0.17302772, -0.47721547]))	False
APOLD1	ENHA_TP53;STUB1	3.13232221936338	6.64140963372861e-16	False	((1.1666666666666667, 0.8724137931034484), array([-0.17302772, -0.47721547]))	False
APOLD1	ENHA_NR3C1;STUB1	4.04975885406066	7.93697339251566e-24	False	((1.1666666666666667, 0.18965517241379315), array([-0.17302772, -0.47721547]))	False
APOLD1	ENHA_AR;STUB1	4.82026073436847	1.78007349725133e-29	False	((1.1, -1.1), array([-0.17302772, -0.47721547]))	False
APOLD1	ENHA_HSF1;STUB1	4.50529265468446	1.0778312700824e-28	False	((1.1666666666666667, -0.42807881773399015), array([-0.17302772, -0.47721547]))	False
APOLD1	ENHA_IRF1;STUB1	2.32829027685379	1.9856907954250897e-11	False	((1.1333333333333335, -0.4064039408866995), array([-0.17302772, -0.47721547]))	False
APOLD1	ENHA_NR3C1;STUB1	4.04975885406066	7.93697339251566e-24	False	((1.1666666666666667, 0.18965517241379315), array([-0.17302772, -0.47721547]))	False
APOLD1	ENHA_IRF1;STUB1	2.32829027685379	1.9856907954250897e-11	False	((1.1333333333333335, -0.4064039408866995), array([-0.17302772, -0.47721547]))	False
APOLD1	ENHA_AR;STUB1	4.82026073436847	1.78007349725133e-29	False	((1.1, -1.1), array([-0.17302772, -0.47721547]))	False
APOLD1	ENHA_HSF1;STUB1	4.50529265468446	1.0778312700824e-28	False	((1.1666666666666667, -0.42807881773399015), array([-0.17302772, -0.47721547]))	False
APOLD1	ENHA_RUNX2;STUB1	4.0156420240794	1.31399041533761e-26	False	((1.1333333333333335, 0.47142857142857153), array([-0.17302772, -0.47721547]))	False
APOLD1	ENHA_FOXA1;NFIC	3.47333017278537	5.807394118306e-19	False	((1.1666666666666667, -0.6881773399014779), array([-0.74758162, -0.24953407]))	False
APOLD1	ENHA_CREB1;NFIC	5.28023165002829	1.1329383147233599e-33	False	((1.1, -0.9374384236453203), array([-0.74758162, -0.24953407]))	False
APOLD1	ENHA_FOXA1;NFIC	3.47333017278537	5.807394118306e-19	False	((1.1666666666666667, -0.6881773399014779), array([-0.74758162, -0.24953407]))	False
APOLD1	ENHA_FOXA1;NFIC	3.47333017278537	5.807394118306e-19	False	((1.1666666666666667, -0.6881773399014779), array([-0.74758162, -0.24953407]))	False
APOLD1	ENHA_FOXA1;NFIC	3.47333017278537	5.807394118306e-19	False	((1.1666666666666667, -0.6881773399014779), array([-0.74758162, -0.24953407]))	False
APOLD1	ENHA_FOXA1;NFIC	3.47333017278537	5.807394118306e-19	False	((1.1666666666666667, -0.6881773399014779), array([-0.74758162, -0.24953407]))	False
APOLD1	ENHA_FOXA1;NFIC	3.47333017278537	5.807394118306e-19	False	((1.1666666666666667, -0.6881773399014779), array([-0.74758162, -0.24953407]))	False
APOLD1	ENHA_FOXA1;NFIC	3.47333017278537	5.807394118306e-19	False	((1.1666666666666667, -0.6881773399014779), array([-0.74758162, -0.24953407]))	False
APOLD1	ENHA_RBPJ;NFIC	5.31273477522109	3.33409468348488e-34	False	((1.1, 0.36305418719211824), array([-0.74758162, -0.24953407]))	False
APOLD1	ENHA_FOXA1;NFIC	3.47333017278537	5.807394118306e-19	False	((1.1666666666666667, -0.6881773399014779), array([-0.74758162, -0.24953407]))	False
APOLD1	ENHA_FOXA1;NFIC	3.47333017278537	5.807394118306e-19	False	((1.1666666666666667, -0.6881773399014779), array([-0.74758162, -0.24953407]))	False
APOLD1	ENHA_RBPJ;NFIC	5.31273477522109	3.33409468348488e-34	False	((1.1, 0.36305418719211824), array([-0.74758162, -0.24953407]))	False
APOLD1	ENHA_RBPJ;NFIC	5.31273477522109	3.33409468348488e-34	False	((1.1, 0.36305418719211824), array([-0.74758162, -0.24953407]))	False
APOLD1	ENHA_FOXA1;NFIC	3.47333017278537	5.807394118306e-19	False	((1.1666666666666667, -0.6881773399014779), array([-0.74758162, -0.24953407]))	False
APOLD1	ENHA_RBPJ;NFIC	5.31273477522109	3.33409468348488e-34	False	((1.1, 0.36305418719211824), array([-0.74758162, -0.24953407]))	False
APOLD1	ENHA_CREB1;NFIC	5.28023165002829	1.1329383147233599e-33	False	((1.1, -0.9374384236453203), array([-0.74758162, -0.24953407]))	False
APOLD1	ENHA_CREB1;NFIC	5.28023165002829	1.1329383147233599e-33	False	((1.1, -0.9374384236453203), array([-0.74758162, -0.24953407]))	False
APOLD1	ENHA_RBPJ;NFIC	5.31273477522109	3.33409468348488e-34	False	((1.1, 0.36305418719211824), array([-0.74758162, -0.24953407]))	False
APOLD1	ENHA_RBPJ;NFIC	5.31273477522109	3.33409468348488e-34	False	((1.1, 0.36305418719211824), array([-0.74758162, -0.24953407]))	False
APOLD1	ENHA_FOXA1;NFIC	3.47333017278537	5.807394118306e-19	False	((1.1666666666666667, -0.6881773399014779), array([-0.74758162, -0.24953407]))	False
APOLD1	ENHA_RBPJ;NFIC	5.31273477522109	3.33409468348488e-34	False	((1.1, 0.36305418719211824), array([-0.74758162, -0.24953407]))	False
APOLD1	ENHA_FOXA1;NFIC	3.47333017278537	5.807394118306e-19	False	((1.1666666666666667, -0.6881773399014779), array([-0.74758162, -0.24953407]))	False
APOLD1	ENHA_FOXA1;NFIC	3.47333017278537	5.807394118306e-19	False	((1.1666666666666667, -0.6881773399014779), array([-0.74758162, -0.24953407]))	False
APOLD1	ENHA_FOXA1;NFIX	3.24536706933972	2.7878385576367e-18	False	((1.1666666666666667, -0.6881773399014779), array([ 0.74082976, -0.73585639]))	False
APOLD1	ENHA_CREB1;NFIX	5.0711221447174	5.90961161631438e-33	False	((1.1, -0.9374384236453203), array([ 0.74082976, -0.73585639]))	False
APOLD1	ENHA_FOS;NFIX	5.59060796705417	2.8601969196008697e-33	False	((1.1, -0.7098522167487685), array([ 0.74082976, -0.73585639]))	False
APOLD1	ENHA_FOXA1;NFIX	3.24536706933972	2.7878385576367e-18	False	((1.1666666666666667, -0.6881773399014779), array([ 0.74082976, -0.73585639]))	False
APOLD1	ENHA_FOXA1;NFIX	3.24536706933972	2.7878385576367e-18	False	((1.1666666666666667, -0.6881773399014779), array([ 0.74082976, -0.73585639]))	False
APOLD1	ENHA_FOXA1;NFIX	3.24536706933972	2.7878385576367e-18	False	((1.1666666666666667, -0.6881773399014779), array([ 0.74082976, -0.73585639]))	False
APOLD1	ENHA_JUN;NFIX	4.73648363690465	1.45964427757237e-20	False	((1.1666666666666667, -0.33054187192118223), array([ 0.74082976, -0.73585639]))	False
APOLD1	ENHA_FOXA1;NFIX	3.24536706933972	2.7878385576367e-18	False	((1.1666666666666667, -0.6881773399014779), array([ 0.74082976, -0.73585639]))	False
APOLD1	ENHA_FOXA1;NFIX	3.24536706933972	2.7878385576367e-18	False	((1.1666666666666667, -0.6881773399014779), array([ 0.74082976, -0.73585639]))	False
APOLD1	ENHA_FOXA1;NFIX	3.24536706933972	2.7878385576367e-18	False	((1.1666666666666667, -0.6881773399014779), array([ 0.74082976, -0.73585639]))	False
APOLD1	ENHA_RBPJ;NFIX	5.1348080772339	8.20007986859677e-34	False	((1.1, 0.36305418719211824), array([ 0.74082976, -0.73585639]))	False
APOLD1	ENHA_JUN;NFIX	4.73648363690465	1.45964427757237e-20	False	((1.1666666666666667, -0.33054187192118223), array([ 0.74082976, -0.73585639]))	False
APOLD1	ENHA_FOXA1;NFIX	3.24536706933972	2.7878385576367e-18	False	((1.1666666666666667, -0.6881773399014779), array([ 0.74082976, -0.73585639]))	False
APOLD1	ENHA_FOS;NFIX	5.59060796705417	2.8601969196008697e-33	False	((1.1, -0.7098522167487685), array([ 0.74082976, -0.73585639]))	False
APOLD1	ENHA_FOXA1;NFIX	3.24536706933972	2.7878385576367e-18	False	((1.1666666666666667, -0.6881773399014779), array([ 0.74082976, -0.73585639]))	False
APOLD1	ENHA_RBPJ;NFIX	5.1348080772339	8.20007986859677e-34	False	((1.1, 0.36305418719211824), array([ 0.74082976, -0.73585639]))	False
APOLD1	ENHA_RBPJ;NFIX	5.1348080772339	8.20007986859677e-34	False	((1.1, 0.36305418719211824), array([ 0.74082976, -0.73585639]))	False
APOLD1	ENHA_FOXA1;NFIX	3.24536706933972	2.7878385576367e-18	False	((1.1666666666666667, -0.6881773399014779), array([ 0.74082976, -0.73585639]))	False
APOLD1	ENHA_RBPJ;NFIX	5.1348080772339	8.20007986859677e-34	False	((1.1, 0.36305418719211824), array([ 0.74082976, -0.73585639]))	False
APOLD1	ENHA_CREB1;NFIX	5.0711221447174	5.90961161631438e-33	False	((1.1, -0.9374384236453203), array([ 0.74082976, -0.73585639]))	False
APOLD1	ENHA_JUN;NFIX	4.73648363690465	1.45964427757237e-20	False	((1.1666666666666667, -0.33054187192118223), array([ 0.74082976, -0.73585639]))	False
APOLD1	ENHA_CREB1;NFIX	5.0711221447174	5.90961161631438e-33	False	((1.1, -0.9374384236453203), array([ 0.74082976, -0.73585639]))	False
APOLD1	ENHA_RBPJ;NFIX	5.1348080772339	8.20007986859677e-34	False	((1.1, 0.36305418719211824), array([ 0.74082976, -0.73585639]))	False
APOLD1	ENHA_FOS;NFIX	5.59060796705417	2.8601969196008697e-33	False	((1.1, -0.7098522167487685), array([ 0.74082976, -0.73585639]))	False
APOLD1	ENHA_FOXA1;NFIX	3.24536706933972	2.7878385576367e-18	False	((1.1666666666666667, -0.6881773399014779), array([ 0.74082976, -0.73585639]))	False
APOLD1	ENHA_RBPJ;NFIX	5.1348080772339	8.20007986859677e-34	False	((1.1, 0.36305418719211824), array([ 0.74082976, -0.73585639]))	False
APOLD1	ENHA_FOXA1;NFIX	3.24536706933972	2.7878385576367e-18	False	((1.1666666666666667, -0.6881773399014779), array([ 0.74082976, -0.73585639]))	False
APOLD1	ENHA_FOXA1;NFIX	3.24536706933972	2.7878385576367e-18	False	((1.1666666666666667, -0.6881773399014779), array([ 0.74082976, -0.73585639]))	False
APOLD1	ENHA_SREBF1;MAPK3	5.31286131766931	2.57325167249167e-38	False	((1.1333333333333335, 0.6339901477832512), array([0.24484598, 0.82394628]))	False
APOLD1	ENHA_ATF2;MAPK3	6.19340674218872	8.7504522037897e-42	False	((1.1666666666666667, -1.0783251231527093), array([0.24484598, 0.82394628]))	False
APOLD1	ENHA_SPIB;MAPK3	4.15455597677355	5.34115817394246e-29	False	((1.1, 0.6231527093596061), array([0.24484598, 0.82394628]))	False
APOLD1	ENHA_ELK4;MAPK3	5.73608734223184	1.74984694858185e-35	False	((1.1666666666666667, -0.7857142857142858), array([0.24484598, 0.82394628]))	False
APOLD1	ENHA_ATF2;MAPK3	6.19340674218872	8.7504522037897e-42	False	((1.1666666666666667, -1.0783251231527093), array([0.24484598, 0.82394628]))	False
APOLD1	ENHA_JUN;MAPK3	4.55047003479085	1.39215073021584e-24	False	((1.1666666666666667, -0.33054187192118223), array([0.24484598, 0.82394628]))	True
APOLD1	ENHA_TBX3;MAPK3	5.72797153072639	3.72949797582905e-41	False	((1.1, 0.6881773399014779), array([0.24484598, 0.82394628]))	False
APOLD1	ENHA_HSF1;MAPK3	5.36654616163811	4.90660176246131e-38	False	((1.1666666666666667, -0.42807881773399015), array([0.24484598, 0.82394628]))	False
APOLD1	ENHA_TP53;MAPK3	4.49986414195156	5.29756724332531e-31	False	((1.1666666666666667, 0.8724137931034484), array([0.24484598, 0.82394628]))	False
APOLD1	ENHA_SPIB;MAPK3	4.15455597677355	5.34115817394246e-29	False	((1.1, 0.6231527093596061), array([0.24484598, 0.82394628]))	False
APOLD1	ENHA_HSF1;MAPK3	5.36654616163811	4.90660176246131e-38	False	((1.1666666666666667, -0.42807881773399015), array([0.24484598, 0.82394628]))	False
APOLD1	ENHA_HSF1;MAPK3	5.36654616163811	4.90660176246131e-38	False	((1.1666666666666667, -0.42807881773399015), array([0.24484598, 0.82394628]))	False
APOLD1	ENHA_TP53;MAPK3	4.49986414195156	5.29756724332531e-31	False	((1.1666666666666667, 0.8724137931034484), array([0.24484598, 0.82394628]))	False
APOLD1	ENHA_SREBF2;MAPK3	5.28228571638901	3.7880321631232595e-36	False	((1.1666666666666667, 0.6448275862068966), array([0.24484598, 0.82394628]))	False
APOLD1	ENHA_SREBF1;MAPK3	5.31286131766931	2.57325167249167e-38	False	((1.1333333333333335, 0.6339901477832512), array([0.24484598, 0.82394628]))	False
APOLD1	ENHA_SREBF1;MAPK3	5.31286131766931	2.57325167249167e-38	False	((1.1333333333333335, 0.6339901477832512), array([0.24484598, 0.82394628]))	False
APOLD1	ENHA_ATF2;MAPK3	6.19340674218872	8.7504522037897e-42	False	((1.1666666666666667, -1.0783251231527093), array([0.24484598, 0.82394628]))	False
APOLD1	ENHA_JUN;MAPK3	4.55047003479085	1.39215073021584e-24	False	((1.1666666666666667, -0.33054187192118223), array([0.24484598, 0.82394628]))	True
APOLD1	ENHA_TBX3;MAPK3	5.72797153072639	3.72949797582905e-41	False	((1.1, 0.6881773399014779), array([0.24484598, 0.82394628]))	False
APOLD1	ENHA_MYC;MAPK3	5.24527931543325	9.355505656404761e-31	False	((1.1666666666666667, -0.005418719211822687), array([0.24484598, 0.82394628]))	False
APOLD1	ENHA_ATF2;MAPK3	6.19340674218872	8.7504522037897e-42	False	((1.1666666666666667, -1.0783251231527093), array([0.24484598, 0.82394628]))	False
APOLD1	ENHA_TBX3;MAPK3	5.72797153072639	3.72949797582905e-41	False	((1.1, 0.6881773399014779), array([0.24484598, 0.82394628]))	False
APOLD1	ENHA_HSF1;MAPK3	5.36654616163811	4.90660176246131e-38	False	((1.1666666666666667, -0.42807881773399015), array([0.24484598, 0.82394628]))	False
APOLD1	ENHA_TBX3;MAPK3	5.72797153072639	3.72949797582905e-41	False	((1.1, 0.6881773399014779), array([0.24484598, 0.82394628]))	False
APOLD1	ENHA_MYC;MAPK3	5.24527931543325	9.355505656404761e-31	False	((1.1666666666666667, -0.005418719211822687), array([0.24484598, 0.82394628]))	False
APOLD1	ENHA_TP53;MAPK3	4.49986414195156	5.29756724332531e-31	False	((1.1666666666666667, 0.8724137931034484), array([0.24484598, 0.82394628]))	False
APOLD1	ENHA_SREBF2;MAPK3	5.28228571638901	3.7880321631232595e-36	False	((1.1666666666666667, 0.6448275862068966), array([0.24484598, 0.82394628]))	False
APOLD1	ENHA_TP53;MAPK3	4.49986414195156	5.29756724332531e-31	False	((1.1666666666666667, 0.8724137931034484), array([0.24484598, 0.82394628]))	False
APOLD1	ENHA_TP53;MAPK3	4.49986414195156	5.29756724332531e-31	False	((1.1666666666666667, 0.8724137931034484), array([0.24484598, 0.82394628]))	False
APOLD1	ENHA_TP53;MAPK3	4.49986414195156	5.29756724332531e-31	False	((1.1666666666666667, 0.8724137931034484), array([0.24484598, 0.82394628]))	False
APOLD1	ENHA_SREBF2;MAPK3	5.28228571638901	3.7880321631232595e-36	False	((1.1666666666666667, 0.6448275862068966), array([0.24484598, 0.82394628]))	False
APOLD1	ENHA_MYC;MAPK3	5.24527931543325	9.355505656404761e-31	False	((1.1666666666666667, -0.005418719211822687), array([0.24484598, 0.82394628]))	False
APOLD1	ENHA_SREBF1;MAPK3	5.31286131766931	2.57325167249167e-38	False	((1.1333333333333335, 0.6339901477832512), array([0.24484598, 0.82394628]))	False
APOLD1	ENHA_ATF2;MAPK3	6.19340674218872	8.7504522037897e-42	False	((1.1666666666666667, -1.0783251231527093), array([0.24484598, 0.82394628]))	False
APOLD1	ENHA_JUN;MAPK3	4.55047003479085	1.39215073021584e-24	False	((1.1666666666666667, -0.33054187192118223), array([0.24484598, 0.82394628]))	True
APOLD1	ENHA_MYC;MAPK3	5.24527931543325	9.355505656404761e-31	False	((1.1666666666666667, -0.005418719211822687), array([0.24484598, 0.82394628]))	False
APOLD1	ENHA_HSF1;MAPK3	5.36654616163811	4.90660176246131e-38	False	((1.1666666666666667, -0.42807881773399015), array([0.24484598, 0.82394628]))	False
APOLD1	ENHA_SREBF1;MAPK3	5.31286131766931	2.57325167249167e-38	False	((1.1333333333333335, 0.6339901477832512), array([0.24484598, 0.82394628]))	False
APOLD1	ENHA_TP53;MAPK3	4.49986414195156	5.29756724332531e-31	False	((1.1666666666666667, 0.8724137931034484), array([0.24484598, 0.82394628]))	False
APOLD1	ENHA_SPIB;MAPK3	4.15455597677355	5.34115817394246e-29	False	((1.1, 0.6231527093596061), array([0.24484598, 0.82394628]))	False
APOLD1	ENHA_HSF1;MAPK3	5.36654616163811	4.90660176246131e-38	False	((1.1666666666666667, -0.42807881773399015), array([0.24484598, 0.82394628]))	False
APOLD1	ENHA_SREBF2;MAPK3	5.28228571638901	3.7880321631232595e-36	False	((1.1666666666666667, 0.6448275862068966), array([0.24484598, 0.82394628]))	False
APOLD1	ENHA_HSF1;MAPK3	5.36654616163811	4.90660176246131e-38	False	((1.1666666666666667, -0.42807881773399015), array([0.24484598, 0.82394628]))	False
APOLD1	MAPK3;PROM_SPIB	1.28852924227162	0.160444866042809	False	(array([0.24484598, 0.82394628]), (-1.1666666666666667, 0.526086956521739))	False
APOLD1	ENHA_FOXA1;NACC1	7.08187863083847	1.85410326721116e-50	False	((1.1666666666666667, -0.6881773399014779), array([-0.23945359,  0.74349303]))	False
APOLD1	ENHA_FOXA1;NACC1	7.08187863083847	1.85410326721116e-50	False	((1.1666666666666667, -0.6881773399014779), array([-0.23945359,  0.74349303]))	False
APOLD1	ENHA_BCL6;NACC1	10.414112047267	6.52619494029695e-59	False	((1.1666666666666667, -1.0133004926108375), array([-0.23945359,  0.74349303]))	False
APOLD1	ENHA_FOXA1;NACC1	7.08187863083847	1.85410326721116e-50	False	((1.1666666666666667, -0.6881773399014779), array([-0.23945359,  0.74349303]))	False
APOLD1	ENHA_FOXA1;NACC1	7.08187863083847	1.85410326721116e-50	False	((1.1666666666666667, -0.6881773399014779), array([-0.23945359,  0.74349303]))	False
APOLD1	ENHA_FOXA1;NACC1	7.08187863083847	1.85410326721116e-50	False	((1.1666666666666667, -0.6881773399014779), array([-0.23945359,  0.74349303]))	False
APOLD1	ENHA_FOXA1;NACC1	7.08187863083847	1.85410326721116e-50	False	((1.1666666666666667, -0.6881773399014779), array([-0.23945359,  0.74349303]))	False
APOLD1	ENHA_FOXA1;NACC1	7.08187863083847	1.85410326721116e-50	False	((1.1666666666666667, -0.6881773399014779), array([-0.23945359,  0.74349303]))	False
APOLD1	ENHA_FOXA1;NACC1	7.08187863083847	1.85410326721116e-50	False	((1.1666666666666667, -0.6881773399014779), array([-0.23945359,  0.74349303]))	False
APOLD1	ENHA_RBPJ;NACC1	10.4887296872461	1.34819100659357e-71	False	((1.1, 0.36305418719211824), array([-0.23945359,  0.74349303]))	False
APOLD1	ENHA_FOXA1;NACC1	7.08187863083847	1.85410326721116e-50	False	((1.1666666666666667, -0.6881773399014779), array([-0.23945359,  0.74349303]))	False
APOLD1	ENHA_FOXA1;NACC1	7.08187863083847	1.85410326721116e-50	False	((1.1666666666666667, -0.6881773399014779), array([-0.23945359,  0.74349303]))	False
APOLD1	ENHA_RBPJ;NACC1	10.4887296872461	1.34819100659357e-71	False	((1.1, 0.36305418719211824), array([-0.23945359,  0.74349303]))	False
APOLD1	ENHA_RBPJ;NACC1	10.4887296872461	1.34819100659357e-71	False	((1.1, 0.36305418719211824), array([-0.23945359,  0.74349303]))	False
APOLD1	ENHA_BCL6;NACC1	10.414112047267	6.52619494029695e-59	False	((1.1666666666666667, -1.0133004926108375), array([-0.23945359,  0.74349303]))	False
APOLD1	ENHA_FOXA1;NACC1	7.08187863083847	1.85410326721116e-50	False	((1.1666666666666667, -0.6881773399014779), array([-0.23945359,  0.74349303]))	False
APOLD1	ENHA_RBPJ;NACC1	10.4887296872461	1.34819100659357e-71	False	((1.1, 0.36305418719211824), array([-0.23945359,  0.74349303]))	False
APOLD1	ENHA_RBPJ;NACC1	10.4887296872461	1.34819100659357e-71	False	((1.1, 0.36305418719211824), array([-0.23945359,  0.74349303]))	False
APOLD1	ENHA_RBPJ;NACC1	10.4887296872461	1.34819100659357e-71	False	((1.1, 0.36305418719211824), array([-0.23945359,  0.74349303]))	False
APOLD1	ENHA_FOXA1;NACC1	7.08187863083847	1.85410326721116e-50	False	((1.1666666666666667, -0.6881773399014779), array([-0.23945359,  0.74349303]))	False
APOLD1	ENHA_RBPJ;NACC1	10.4887296872461	1.34819100659357e-71	False	((1.1, 0.36305418719211824), array([-0.23945359,  0.74349303]))	False
APOLD1	ENHA_FOXA1;NACC1	7.08187863083847	1.85410326721116e-50	False	((1.1666666666666667, -0.6881773399014779), array([-0.23945359,  0.74349303]))	False
APOLD1	ENHA_FOXA1;NACC1	7.08187863083847	1.85410326721116e-50	False	((1.1666666666666667, -0.6881773399014779), array([-0.23945359,  0.74349303]))	False
APOLD1	EIF1AD;ENHA_STAT1	8.77974644567287	1.74049299764295e-60	False	(array([-0.2304707, -0.9839183]), (1.1333333333333335, 0.6665024630541874))	False
APOLD1	EIF1AD;ENHA_STAT1	8.77974644567287	1.74049299764295e-60	False	(array([-0.2304707, -0.9839183]), (1.1333333333333335, 0.6665024630541874))	False
APOLD1	EIF1AD;ENHA_STAT1	8.77974644567287	1.74049299764295e-60	False	(array([-0.2304707, -0.9839183]), (1.1333333333333335, 0.6665024630541874))	False
APOLD1	EIF1AD;ENHA_STAT1	8.77974644567287	1.74049299764295e-60	False	(array([-0.2304707, -0.9839183]), (1.1333333333333335, 0.6665024630541874))	False
APOLD1	EIF1AD;ENHA_STAT1	8.77974644567287	1.74049299764295e-60	False	(array([-0.2304707, -0.9839183]), (1.1333333333333335, 0.6665024630541874))	False
APOLD1	EIF1AD;ENHA_STAT1	8.77974644567287	1.74049299764295e-60	False	(array([-0.2304707, -0.9839183]), (1.1333333333333335, 0.6665024630541874))	False
APOLD1	EIF1AD;ENHA_STAT1	8.77974644567287	1.74049299764295e-60	False	(array([-0.2304707, -0.9839183]), (1.1333333333333335, 0.6665024630541874))	False
APOLD1	EIF1AD;ENHA_STAT1	8.77974644567287	1.74049299764295e-60	False	(array([-0.2304707, -0.9839183]), (1.1333333333333335, 0.6665024630541874))	False
APOLD1	EIF1AD;ENHA_STAT1	8.77974644567287	1.74049299764295e-60	False	(array([-0.2304707, -0.9839183]), (1.1333333333333335, 0.6665024630541874))	False
APOLD1	EIF1AD;ENHA_STAT1	8.77974644567287	1.74049299764295e-60	False	(array([-0.2304707, -0.9839183]), (1.1333333333333335, 0.6665024630541874))	False
APOLD1	EIF1AD;ENHA_STAT1	8.77974644567287	1.74049299764295e-60	False	(array([-0.2304707, -0.9839183]), (1.1333333333333335, 0.6665024630541874))	False
APOLD1	EIF1AD;ENHA_STAT1	8.77974644567287	1.74049299764295e-60	False	(array([-0.2304707, -0.9839183]), (1.1333333333333335, 0.6665024630541874))	False
APOLD1	ENHA_BCL6;PIN1	9.17797665704628	9.63000801243572e-58	False	((1.1666666666666667, -1.0133004926108375), array([0.11941353, 0.54737666]))	False
APOLD1	ENHA_RUNX2;PIN1	10.2137136504408	9.689295199697521e-63	False	((1.1333333333333335, 0.47142857142857153), array([0.11941353, 0.54737666]))	False
APOLD1	ENHA_TCF4;PIN1	9.05893296458124	2.1701985913149503e-46	False	((1.1666666666666667, 0.7098522167487686), array([0.11941353, 0.54737666]))	False
APOLD1	ENHA_JUN;PIN1	8.70114834680391	5.1622608347769e-60	False	((1.1666666666666667, -0.33054187192118223), array([0.11941353, 0.54737666]))	False
APOLD1	ENHA_TCF4;PIN1	9.05893296458124	2.1701985913149503e-46	False	((1.1666666666666667, 0.7098522167487686), array([0.11941353, 0.54737666]))	False
APOLD1	ENHA_TP73;PIN1	10.125302808742	1.0574420583261399e-69	False	((1.1, 0.8832512315270937), array([0.11941353, 0.54737666]))	False
APOLD1	ENHA_TP53;PIN1	12.9334288734724	4.14100893291486e-78	False	((1.1666666666666667, 0.8724137931034484), array([0.11941353, 0.54737666]))	False
APOLD1	ENHA_PPARG;PIN1	7.49833748546498	3.29750919293873e-53	False	((1.1666666666666667, 0.31970443349753697), array([0.11941353, 0.54737666]))	False
APOLD1	ENHA_RUNX2;PIN1	10.2137136504408	9.689295199697521e-63	False	((1.1333333333333335, 0.47142857142857153), array([0.11941353, 0.54737666]))	False
APOLD1	ENHA_TP53;PIN1	12.9334288734724	4.14100893291486e-78	False	((1.1666666666666667, 0.8724137931034484), array([0.11941353, 0.54737666]))	False
APOLD1	ENHA_TCF4;PIN1	9.05893296458124	2.1701985913149503e-46	False	((1.1666666666666667, 0.7098522167487686), array([0.11941353, 0.54737666]))	False
APOLD1	ENHA_RUNX2;PIN1	10.2137136504408	9.689295199697521e-63	False	((1.1333333333333335, 0.47142857142857153), array([0.11941353, 0.54737666]))	False
APOLD1	ENHA_JUN;PIN1	8.70114834680391	5.1622608347769e-60	False	((1.1666666666666667, -0.33054187192118223), array([0.11941353, 0.54737666]))	False
APOLD1	ENHA_TCF4;PIN1	9.05893296458124	2.1701985913149503e-46	False	((1.1666666666666667, 0.7098522167487686), array([0.11941353, 0.54737666]))	False
APOLD1	ENHA_RUNX2;PIN1	10.2137136504408	9.689295199697521e-63	False	((1.1333333333333335, 0.47142857142857153), array([0.11941353, 0.54737666]))	False
APOLD1	ENHA_MYC;PIN1	8.22274271003304	6.97229687357335e-58	False	((1.1666666666666667, -0.005418719211822687), array([0.11941353, 0.54737666]))	False
APOLD1	ENHA_RUNX2;PIN1	10.2137136504408	9.689295199697521e-63	False	((1.1333333333333335, 0.47142857142857153), array([0.11941353, 0.54737666]))	False
APOLD1	ENHA_IRF3;PIN1	9.56952346950041	3.1295308282439003e-66	False	((1.1, -0.3847290640394089), array([0.11941353, 0.54737666]))	False
APOLD1	ENHA_TCF4;PIN1	9.05893296458124	2.1701985913149503e-46	False	((1.1666666666666667, 0.7098522167487686), array([0.11941353, 0.54737666]))	False
APOLD1	ENHA_RUNX2;PIN1	10.2137136504408	9.689295199697521e-63	False	((1.1333333333333335, 0.47142857142857153), array([0.11941353, 0.54737666]))	False
APOLD1	ENHA_MYC;PIN1	8.22274271003304	6.97229687357335e-58	False	((1.1666666666666667, -0.005418719211822687), array([0.11941353, 0.54737666]))	False
APOLD1	ENHA_ZBTB7B;PIN1	6.17045817943447	2.9025378674309e-40	False	((1.1333333333333335, 0.9916256157635468), array([0.11941353, 0.54737666]))	False
APOLD1	ENHA_TP73;PIN1	10.125302808742	1.0574420583261399e-69	False	((1.1, 0.8832512315270937), array([0.11941353, 0.54737666]))	False
APOLD1	ENHA_TP53;PIN1	12.9334288734724	4.14100893291486e-78	False	((1.1666666666666667, 0.8724137931034484), array([0.11941353, 0.54737666]))	False
APOLD1	ENHA_TP73;PIN1	10.125302808742	1.0574420583261399e-69	False	((1.1, 0.8832512315270937), array([0.11941353, 0.54737666]))	False
APOLD1	ENHA_TP53;PIN1	12.9334288734724	4.14100893291486e-78	False	((1.1666666666666667, 0.8724137931034484), array([0.11941353, 0.54737666]))	False
APOLD1	ENHA_ZBTB7B;PIN1	6.17045817943447	2.9025378674309e-40	False	((1.1333333333333335, 0.9916256157635468), array([0.11941353, 0.54737666]))	False
APOLD1	ENHA_TCF4;PIN1	9.05893296458124	2.1701985913149503e-46	False	((1.1666666666666667, 0.7098522167487686), array([0.11941353, 0.54737666]))	False
APOLD1	ENHA_BCL6;PIN1	9.17797665704628	9.63000801243572e-58	False	((1.1666666666666667, -1.0133004926108375), array([0.11941353, 0.54737666]))	False
APOLD1	ENHA_TP53;PIN1	12.9334288734724	4.14100893291486e-78	False	((1.1666666666666667, 0.8724137931034484), array([0.11941353, 0.54737666]))	False
APOLD1	ENHA_TCF4;PIN1	9.05893296458124	2.1701985913149503e-46	False	((1.1666666666666667, 0.7098522167487686), array([0.11941353, 0.54737666]))	False
APOLD1	ENHA_TP53;PIN1	12.9334288734724	4.14100893291486e-78	False	((1.1666666666666667, 0.8724137931034484), array([0.11941353, 0.54737666]))	False
APOLD1	ENHA_TCF4;PIN1	9.05893296458124	2.1701985913149503e-46	False	((1.1666666666666667, 0.7098522167487686), array([0.11941353, 0.54737666]))	False
APOLD1	ENHA_MYC;PIN1	8.22274271003304	6.97229687357335e-58	False	((1.1666666666666667, -0.005418719211822687), array([0.11941353, 0.54737666]))	False
APOLD1	ENHA_TCF4;PIN1	9.05893296458124	2.1701985913149503e-46	False	((1.1666666666666667, 0.7098522167487686), array([0.11941353, 0.54737666]))	False
APOLD1	ENHA_JUN;PIN1	8.70114834680391	5.1622608347769e-60	False	((1.1666666666666667, -0.33054187192118223), array([0.11941353, 0.54737666]))	False
APOLD1	ENHA_RUNX2;PIN1	10.2137136504408	9.689295199697521e-63	False	((1.1333333333333335, 0.47142857142857153), array([0.11941353, 0.54737666]))	False
APOLD1	ENHA_MYC;PIN1	8.22274271003304	6.97229687357335e-58	False	((1.1666666666666667, -0.005418719211822687), array([0.11941353, 0.54737666]))	False
APOLD1	ENHA_TCF4;PIN1	9.05893296458124	2.1701985913149503e-46	False	((1.1666666666666667, 0.7098522167487686), array([0.11941353, 0.54737666]))	False
APOLD1	ENHA_IRF3;PIN1	9.56952346950041	3.1295308282439003e-66	False	((1.1, -0.3847290640394089), array([0.11941353, 0.54737666]))	False
APOLD1	ENHA_TCF4;PIN1	9.05893296458124	2.1701985913149503e-46	False	((1.1666666666666667, 0.7098522167487686), array([0.11941353, 0.54737666]))	False
APOLD1	ENHA_TCF4;PIN1	9.05893296458124	2.1701985913149503e-46	False	((1.1666666666666667, 0.7098522167487686), array([0.11941353, 0.54737666]))	False
APOLD1	ENHA_TP53;PIN1	12.9334288734724	4.14100893291486e-78	False	((1.1666666666666667, 0.8724137931034484), array([0.11941353, 0.54737666]))	False
APOLD1	ENHA_ZBTB7B;PIN1	6.17045817943447	2.9025378674309e-40	False	((1.1333333333333335, 0.9916256157635468), array([0.11941353, 0.54737666]))	False
APOLD1	ENHA_PPARG;PIN1	7.49833748546498	3.29750919293873e-53	False	((1.1666666666666667, 0.31970443349753697), array([0.11941353, 0.54737666]))	False
APOLD1	ENHA_TCF4;PIN1	9.05893296458124	2.1701985913149503e-46	False	((1.1666666666666667, 0.7098522167487686), array([0.11941353, 0.54737666]))	False
APOLD1	ENHA_IRF3;PIN1	9.56952346950041	3.1295308282439003e-66	False	((1.1, -0.3847290640394089), array([0.11941353, 0.54737666]))	False
APOLD1	ENHA_IRF3;PIN1	9.56952346950041	3.1295308282439003e-66	False	((1.1, -0.3847290640394089), array([0.11941353, 0.54737666]))	False
APOLD1	ENHA_RUNX2;PIN1	10.2137136504408	9.689295199697521e-63	False	((1.1333333333333335, 0.47142857142857153), array([0.11941353, 0.54737666]))	False
APOLD1	ENHA_NFKB2;NFKBIB	6.93139305885512	1.14893619254978e-50	False	((1.1666666666666667, 0.09211822660098523), array([0.82786973, 0.56847578]))	False
APOLD1	ENHA_NFKB1;NFKBIB	6.34714231918751	3.63317632468599e-44	False	((1.1333333333333335, 0.08128078817733986), array([0.82786973, 0.56847578]))	False
APOLD1	ENHA_NFKB1;NFKBIB	6.34714231918751	3.63317632468599e-44	False	((1.1333333333333335, 0.08128078817733986), array([0.82786973, 0.56847578]))	False
APOLD1	ENHA_NFKB1;NFKBIB	6.34714231918751	3.63317632468599e-44	False	((1.1333333333333335, 0.08128078817733986), array([0.82786973, 0.56847578]))	False
APOLD1	ENHA_REL;NFKBIB	7.45921496831498	2.38545654297394e-42	False	((1.1333333333333335, 0.3738916256157636), array([0.82786973, 0.56847578]))	False
APOLD1	ENHA_NFKB1;NFKBIB	6.34714231918751	3.63317632468599e-44	False	((1.1333333333333335, 0.08128078817733986), array([0.82786973, 0.56847578]))	False
APOLD1	ENHA_NFKB2;NFKBIB	6.93139305885512	1.14893619254978e-50	False	((1.1666666666666667, 0.09211822660098523), array([0.82786973, 0.56847578]))	False
APOLD1	ENHA_NFKB1;NFKBIB	6.34714231918751	3.63317632468599e-44	False	((1.1333333333333335, 0.08128078817733986), array([0.82786973, 0.56847578]))	False
APOLD1	ENHA_REL;NFKBIB	7.45921496831498	2.38545654297394e-42	False	((1.1333333333333335, 0.3738916256157636), array([0.82786973, 0.56847578]))	False
APOLD1	ENHA_NFKB1;NFKBIB	6.34714231918751	3.63317632468599e-44	False	((1.1333333333333335, 0.08128078817733986), array([0.82786973, 0.56847578]))	False
APOLD1	ENHA_NFKB2;NFKBIB	6.93139305885512	1.14893619254978e-50	False	((1.1666666666666667, 0.09211822660098523), array([0.82786973, 0.56847578]))	False
APOLD1	ENHA_NFKB1;NFKBIB	6.34714231918751	3.63317632468599e-44	False	((1.1333333333333335, 0.08128078817733986), array([0.82786973, 0.56847578]))	False
APOLD1	ENHA_NFKB1;NFKBIB	6.34714231918751	3.63317632468599e-44	False	((1.1333333333333335, 0.08128078817733986), array([0.82786973, 0.56847578]))	False
APOLD1	ENHA_NFKB2;NFKBIB	6.93139305885512	1.14893619254978e-50	False	((1.1666666666666667, 0.09211822660098523), array([0.82786973, 0.56847578]))	False
APOLD1	ENHA_NFKB1;NFKBIB	6.34714231918751	3.63317632468599e-44	False	((1.1333333333333335, 0.08128078817733986), array([0.82786973, 0.56847578]))	False
APOLD1	ENHA_NFKB2;NFKBIB	6.93139305885512	1.14893619254978e-50	False	((1.1666666666666667, 0.09211822660098523), array([0.82786973, 0.56847578]))	False
APOLD1	ENHA_NFKB1;NFKBIB	6.34714231918751	3.63317632468599e-44	False	((1.1333333333333335, 0.08128078817733986), array([0.82786973, 0.56847578]))	False
APOLD1	ENHA_NFKB1;NFKBIB	6.34714231918751	3.63317632468599e-44	False	((1.1333333333333335, 0.08128078817733986), array([0.82786973, 0.56847578]))	False
APOLD1	ENHA_NFKB2;NFKBIB	6.93139305885512	1.14893619254978e-50	False	((1.1666666666666667, 0.09211822660098523), array([0.82786973, 0.56847578]))	False
APOLD1	ENHA_NFKB1;NFKBIB	6.34714231918751	3.63317632468599e-44	False	((1.1333333333333335, 0.08128078817733986), array([0.82786973, 0.56847578]))	False
APOLD1	ENHA_NFKB2;NFKBIB	6.93139305885512	1.14893619254978e-50	False	((1.1666666666666667, 0.09211822660098523), array([0.82786973, 0.56847578]))	False
APOLD1	ENHA_NFKB2;NFKBIB	6.93139305885512	1.14893619254978e-50	False	((1.1666666666666667, 0.09211822660098523), array([0.82786973, 0.56847578]))	False
APOLD1	ENHA_NFKB2;NFKBIB	6.93139305885512	1.14893619254978e-50	False	((1.1666666666666667, 0.09211822660098523), array([0.82786973, 0.56847578]))	False
APOLD1	ENHA_ZBTB7A;NFKBIB	7.17995820135503	8.43392320137604e-52	False	((1.1, 0.9807881773399019), array([0.82786973, 0.56847578]))	False
APOLD1	ENHA_NFKB1;NFKBIB	6.34714231918751	3.63317632468599e-44	False	((1.1333333333333335, 0.08128078817733986), array([0.82786973, 0.56847578]))	False
APOLD1	ENHA_NFKB2;NFKBIB	6.93139305885512	1.14893619254978e-50	False	((1.1666666666666667, 0.09211822660098523), array([0.82786973, 0.56847578]))	False
APOLD1	ENHA_NFKB1;NFKBIB	6.34714231918751	3.63317632468599e-44	False	((1.1333333333333335, 0.08128078817733986), array([0.82786973, 0.56847578]))	False
APOLD1	ENHA_ZBTB7A;NFKBIB	7.17995820135503	8.43392320137604e-52	False	((1.1, 0.9807881773399019), array([0.82786973, 0.56847578]))	False
APOLD1	ENHA_NFKB1;NFKBIB	6.34714231918751	3.63317632468599e-44	False	((1.1333333333333335, 0.08128078817733986), array([0.82786973, 0.56847578]))	False
APOLD1	ENHA_NFKB2;NFKBIB	6.93139305885512	1.14893619254978e-50	False	((1.1666666666666667, 0.09211822660098523), array([0.82786973, 0.56847578]))	False
APOLD1	APP;ENHA_YY1	9.03962716797711	1.41206148493124e-59	False	(array([ 0.64550293, -0.47574581]), (1.1666666666666667, 0.9374384236453204))	False
APOLD1	APP;ENHA_ATF2	11.3145883753577	1.22701354095064e-74	False	(array([ 0.64550293, -0.47574581]), (1.1666666666666667, -1.0783251231527093))	False
APOLD1	APP;ENHA_FOS	9.34057257140441	7.9992153643494e-65	False	(array([ 0.64550293, -0.47574581]), (1.1, -0.7098522167487685))	False
APOLD1	APP;ENHA_ZNF740	17.7531575312765	1.09409240080797e-63	False	(array([ 0.64550293, -0.47574581]), (1.1666666666666667, 1.1))	False
APOLD1	APP;ENHA_SP2	80.8083787521326	1.11059207827767e-49	False	(array([ 0.64550293, -0.47574581]), (1.1, 0.59064039408867))	False
APOLD1	APP;ENHA_GABPA	21.9469042494671	1.7707127162128101e-68	False	(array([ 0.64550293, -0.47574581]), (1.1666666666666667, -0.6231527093596059))	False
APOLD1	APP;ENHA_NFYA	11.8075347986866	3.2405792776912602e-74	False	(array([ 0.64550293, -0.47574581]), (1.1, 0.1029556650246306))	False
APOLD1	APP;ENHA_GABPA	21.9469042494671	1.7707127162128101e-68	False	(array([ 0.64550293, -0.47574581]), (1.1666666666666667, -0.6231527093596059))	False
APOLD1	APP;ENHA_ATF2	11.3145883753577	1.22701354095064e-74	False	(array([ 0.64550293, -0.47574581]), (1.1666666666666667, -1.0783251231527093))	False
APOLD1	APP;ENHA_JUN	8.22357920916631	9.93502912069574e-59	False	(array([ 0.64550293, -0.47574581]), (1.1666666666666667, -0.33054187192118223))	False
APOLD1	APP;ENHA_MXI1	18.9356615994358	3.0405911089514403e-73	False	(array([ 0.64550293, -0.47574581]), (1.1, -0.027093596059113212))	False
APOLD1	APP;ENHA_MLX	5.520731990398	1.21618156866958e-29	False	(array([ 0.64550293, -0.47574581]), (1.1666666666666667, -0.07044334975369448))	False
APOLD1	APP;ENHA_ARNT2	6.50597247794488	9.35776980737981e-43	False	(array([ 0.64550293, -0.47574581]), (1.1333333333333335, -1.0891625615763547))	False
APOLD1	APP;ENHA_ZNF740	17.7531575312765	1.09409240080797e-63	False	(array([ 0.64550293, -0.47574581]), (1.1666666666666667, 1.1))	False
APOLD1	APP;ENHA_SP2	80.8083787521326	1.11059207827767e-49	False	(array([ 0.64550293, -0.47574581]), (1.1, 0.59064039408867))	False
APOLD1	APP;ENHA_MXI1	18.9356615994358	3.0405911089514403e-73	False	(array([ 0.64550293, -0.47574581]), (1.1, -0.027093596059113212))	False
APOLD1	APP;ENHA_GABPA	21.9469042494671	1.7707127162128101e-68	False	(array([ 0.64550293, -0.47574581]), (1.1666666666666667, -0.6231527093596059))	False
APOLD1	APP;ENHA_ZNF740	17.7531575312765	1.09409240080797e-63	False	(array([ 0.64550293, -0.47574581]), (1.1666666666666667, 1.1))	False
APOLD1	APP;ENHA_SP2	80.8083787521326	1.11059207827767e-49	False	(array([ 0.64550293, -0.47574581]), (1.1, 0.59064039408867))	False
APOLD1	APP;ENHA_ZNF410	5.04732857522014	1.19197814638035e-32	False	(array([ 0.64550293, -0.47574581]), (1.1, 1.0783251231527093))	False
APOLD1	APP;ENHA_SP2	80.8083787521326	1.11059207827767e-49	False	(array([ 0.64550293, -0.47574581]), (1.1, 0.59064039408867))	False
APOLD1	APP;ENHA_ATF2	11.3145883753577	1.22701354095064e-74	False	(array([ 0.64550293, -0.47574581]), (1.1666666666666667, -1.0783251231527093))	False
APOLD1	APP;ENHA_JUN	8.22357920916631	9.93502912069574e-59	False	(array([ 0.64550293, -0.47574581]), (1.1666666666666667, -0.33054187192118223))	False
APOLD1	APP;ENHA_FOS	9.34057257140441	7.9992153643494e-65	False	(array([ 0.64550293, -0.47574581]), (1.1, -0.7098522167487685))	False
APOLD1	APP;ENHA_ARNT2	6.50597247794488	9.35776980737981e-43	False	(array([ 0.64550293, -0.47574581]), (1.1333333333333335, -1.0891625615763547))	False
APOLD1	APP;ENHA_MXI1	18.9356615994358	3.0405911089514403e-73	False	(array([ 0.64550293, -0.47574581]), (1.1, -0.027093596059113212))	False
APOLD1	APP;ENHA_ZNF740	17.7531575312765	1.09409240080797e-63	False	(array([ 0.64550293, -0.47574581]), (1.1666666666666667, 1.1))	False
APOLD1	APP;ENHA_SP2	80.8083787521326	1.11059207827767e-49	False	(array([ 0.64550293, -0.47574581]), (1.1, 0.59064039408867))	False
APOLD1	APP;ENHA_MXI1	18.9356615994358	3.0405911089514403e-73	False	(array([ 0.64550293, -0.47574581]), (1.1, -0.027093596059113212))	False
APOLD1	APP;ENHA_ATF2	11.3145883753577	1.22701354095064e-74	False	(array([ 0.64550293, -0.47574581]), (1.1666666666666667, -1.0783251231527093))	False
APOLD1	APP;ENHA_GABPA	21.9469042494671	1.7707127162128101e-68	False	(array([ 0.64550293, -0.47574581]), (1.1666666666666667, -0.6231527093596059))	False
APOLD1	APP;ENHA_GABPA	21.9469042494671	1.7707127162128101e-68	False	(array([ 0.64550293, -0.47574581]), (1.1666666666666667, -0.6231527093596059))	False
APOLD1	APP;ENHA_SP2	80.8083787521326	1.11059207827767e-49	False	(array([ 0.64550293, -0.47574581]), (1.1, 0.59064039408867))	False
APOLD1	APP;ENHA_MXI1	18.9356615994358	3.0405911089514403e-73	False	(array([ 0.64550293, -0.47574581]), (1.1, -0.027093596059113212))	False
APOLD1	APP;ENHA_SP2	80.8083787521326	1.11059207827767e-49	False	(array([ 0.64550293, -0.47574581]), (1.1, 0.59064039408867))	False
APOLD1	APP;ENHA_ARNT2	6.50597247794488	9.35776980737981e-43	False	(array([ 0.64550293, -0.47574581]), (1.1333333333333335, -1.0891625615763547))	False
APOLD1	APP;ENHA_MXI1	18.9356615994358	3.0405911089514403e-73	False	(array([ 0.64550293, -0.47574581]), (1.1, -0.027093596059113212))	False
APOLD1	APP;ENHA_YY1	9.03962716797711	1.41206148493124e-59	False	(array([ 0.64550293, -0.47574581]), (1.1666666666666667, 0.9374384236453204))	False
APOLD1	APP;ENHA_MXI1	18.9356615994358	3.0405911089514403e-73	False	(array([ 0.64550293, -0.47574581]), (1.1, -0.027093596059113212))	False
APOLD1	APP;ENHA_ZNF740	17.7531575312765	1.09409240080797e-63	False	(array([ 0.64550293, -0.47574581]), (1.1666666666666667, 1.1))	False
APOLD1	APP;ENHA_MXI1	18.9356615994358	3.0405911089514403e-73	False	(array([ 0.64550293, -0.47574581]), (1.1, -0.027093596059113212))	False
APOLD1	APP;ENHA_YY1	9.03962716797711	1.41206148493124e-59	False	(array([ 0.64550293, -0.47574581]), (1.1666666666666667, 0.9374384236453204))	False
APOLD1	APP;ENHA_MXI1	18.9356615994358	3.0405911089514403e-73	False	(array([ 0.64550293, -0.47574581]), (1.1, -0.027093596059113212))	False
APOLD1	APP;ENHA_ZNF740	17.7531575312765	1.09409240080797e-63	False	(array([ 0.64550293, -0.47574581]), (1.1666666666666667, 1.1))	False
APOLD1	APP;ENHA_YY1	9.03962716797711	1.41206148493124e-59	False	(array([ 0.64550293, -0.47574581]), (1.1666666666666667, 0.9374384236453204))	False
APOLD1	APP;ENHA_ATF2	11.3145883753577	1.22701354095064e-74	False	(array([ 0.64550293, -0.47574581]), (1.1666666666666667, -1.0783251231527093))	False
APOLD1	APP;ENHA_JUN	8.22357920916631	9.93502912069574e-59	False	(array([ 0.64550293, -0.47574581]), (1.1666666666666667, -0.33054187192118223))	False
APOLD1	APP;ENHA_ZNF740	17.7531575312765	1.09409240080797e-63	False	(array([ 0.64550293, -0.47574581]), (1.1666666666666667, 1.1))	False
APOLD1	APP;ENHA_ARNT2	6.50597247794488	9.35776980737981e-43	False	(array([ 0.64550293, -0.47574581]), (1.1333333333333335, -1.0891625615763547))	False
APOLD1	APP;ENHA_MXI1	18.9356615994358	3.0405911089514403e-73	False	(array([ 0.64550293, -0.47574581]), (1.1, -0.027093596059113212))	False
APOLD1	APP;ENHA_NFYA	11.8075347986866	3.2405792776912602e-74	False	(array([ 0.64550293, -0.47574581]), (1.1, 0.1029556650246306))	False
APOLD1	APP;ENHA_FOS	9.34057257140441	7.9992153643494e-65	False	(array([ 0.64550293, -0.47574581]), (1.1, -0.7098522167487685))	False
APOLD1	APP;ENHA_ZNF740	17.7531575312765	1.09409240080797e-63	False	(array([ 0.64550293, -0.47574581]), (1.1666666666666667, 1.1))	False
APOLD1	APP;ENHA_SP2	80.8083787521326	1.11059207827767e-49	False	(array([ 0.64550293, -0.47574581]), (1.1, 0.59064039408867))	False
APOLD1	APP;ENHA_NFYA	11.8075347986866	3.2405792776912602e-74	False	(array([ 0.64550293, -0.47574581]), (1.1, 0.1029556650246306))	False
APOLD1	APP;ENHA_ZNF740	17.7531575312765	1.09409240080797e-63	False	(array([ 0.64550293, -0.47574581]), (1.1666666666666667, 1.1))	False
APOLD1	APP;ENHA_SP2	80.8083787521326	1.11059207827767e-49	False	(array([ 0.64550293, -0.47574581]), (1.1, 0.59064039408867))	False
APOLD1	APP;ENHA_MXI1	18.9356615994358	3.0405911089514403e-73	False	(array([ 0.64550293, -0.47574581]), (1.1, -0.027093596059113212))	False
APOLD1	APP;ENHA_ZNF410	5.04732857522014	1.19197814638035e-32	False	(array([ 0.64550293, -0.47574581]), (1.1, 1.0783251231527093))	False
APOLD1	APP;ENHA_MXI1	18.9356615994358	3.0405911089514403e-73	False	(array([ 0.64550293, -0.47574581]), (1.1, -0.027093596059113212))	False
APOLD1	APP;ENHA_GABPA	21.9469042494671	1.7707127162128101e-68	False	(array([ 0.64550293, -0.47574581]), (1.1666666666666667, -0.6231527093596059))	False
APOLD1	ENHA_ELF3;NFKB1	2.24504315336552	9.26443769015435e-10	False	((1.1, -0.8073891625615763), array([ 0.62787405, -0.74959861]))	False
APOLD1	ENHA_SP1;NFKB1	2.09612502557087	8.14766990701085e-09	False	((1.1666666666666667, 0.5798029556650248), array([ 0.62787405, -0.74959861]))	False
APOLD1	ENHA_ELF3;NFKB1	2.24504315336552	9.26443769015435e-10	False	((1.1, -0.8073891625615763), array([ 0.62787405, -0.74959861]))	False
APOLD1	ENHA_ELF3;NFKB1	2.24504315336552	9.26443769015435e-10	False	((1.1, -0.8073891625615763), array([ 0.62787405, -0.74959861]))	False
APOLD1	ENHA_NR3C1;NFKB1	2.98260566804475	3.77719874592081e-14	False	((1.1666666666666667, 0.18965517241379315), array([ 0.62787405, -0.74959861]))	False
APOLD1	ENHA_ELF3;NFKB1	2.24504315336552	9.26443769015435e-10	False	((1.1, -0.8073891625615763), array([ 0.62787405, -0.74959861]))	False
APOLD1	ENHA_CEBPB;NFKB1	2.65643860672141	3.14587880066288e-12	False	((1.1, -0.9699507389162563), array([ 0.62787405, -0.74959861]))	False
APOLD1	ENHA_ELF3;NFKB1	2.24504315336552	9.26443769015435e-10	False	((1.1, -0.8073891625615763), array([ 0.62787405, -0.74959861]))	False
APOLD1	ENHA_SP1;NFKB1	2.09612502557087	8.14766990701085e-09	False	((1.1666666666666667, 0.5798029556650248), array([ 0.62787405, -0.74959861]))	False
APOLD1	ENHA_NR3C1;NFKB1	2.98260566804475	3.77719874592081e-14	False	((1.1666666666666667, 0.18965517241379315), array([ 0.62787405, -0.74959861]))	False
APOLD1	ENHA_ELF3;NFKB1	2.24504315336552	9.26443769015435e-10	False	((1.1, -0.8073891625615763), array([ 0.62787405, -0.74959861]))	False
APOLD1	ENHA_CEBPB;NFKB1	2.65643860672141	3.14587880066288e-12	False	((1.1, -0.9699507389162563), array([ 0.62787405, -0.74959861]))	False
APOLD1	ENHA_NFKB2;NFKB1	2.80366358200575	2.11507240767743e-07	False	((1.1666666666666667, 0.09211822660098523), array([ 0.62787405, -0.74959861]))	True
APOLD1	ENHA_NR3C1;NFKB1	2.98260566804475	3.77719874592081e-14	False	((1.1666666666666667, 0.18965517241379315), array([ 0.62787405, -0.74959861]))	False
APOLD1	ENHA_CEBPB;NFKB1	2.65643860672141	3.14587880066288e-12	False	((1.1, -0.9699507389162563), array([ 0.62787405, -0.74959861]))	False
APOLD1	ENHA_SP1;NFKB1	2.09612502557087	8.14766990701085e-09	False	((1.1666666666666667, 0.5798029556650248), array([ 0.62787405, -0.74959861]))	False
APOLD1	ENHA_NFKB2;NFKB1	2.80366358200575	2.11507240767743e-07	False	((1.1666666666666667, 0.09211822660098523), array([ 0.62787405, -0.74959861]))	True
APOLD1	ENHA_NFKB2;NFKB1	2.80366358200575	2.11507240767743e-07	False	((1.1666666666666667, 0.09211822660098523), array([ 0.62787405, -0.74959861]))	True
APOLD1	ENHA_NR3C1;NFKB1	2.98260566804475	3.77719874592081e-14	False	((1.1666666666666667, 0.18965517241379315), array([ 0.62787405, -0.74959861]))	False
APOLD1	ENHA_SP1;NFKB1	2.09612502557087	8.14766990701085e-09	False	((1.1666666666666667, 0.5798029556650248), array([ 0.62787405, -0.74959861]))	False
APOLD1	ENHA_NR3C1;NFKB1	2.98260566804475	3.77719874592081e-14	False	((1.1666666666666667, 0.18965517241379315), array([ 0.62787405, -0.74959861]))	False
APOLD1	ENHA_SP1;NFKB1	2.09612502557087	8.14766990701085e-09	False	((1.1666666666666667, 0.5798029556650248), array([ 0.62787405, -0.74959861]))	False
APOLD1	ENHA_NFKB2;NFKB1	2.80366358200575	2.11507240767743e-07	False	((1.1666666666666667, 0.09211822660098523), array([ 0.62787405, -0.74959861]))	True
APOLD1	DDX3X;ENHA_NFKB2	19.2631980191911	3.0039135669032596e-70	False	(array([ 0.50042006, -0.79998533]), (1.1666666666666667, 0.09211822660098523))	False
APOLD1	DDX3X;ENHA_SP1	8.87838543681518	1.08800081251569e-53	False	(array([ 0.50042006, -0.79998533]), (1.1666666666666667, 0.5798029556650248))	False
APOLD1	DDX3X;ENHA_NFKB2	19.2631980191911	3.0039135669032596e-70	False	(array([ 0.50042006, -0.79998533]), (1.1666666666666667, 0.09211822660098523))	False
APOLD1	DDX3X;ENHA_SP1	8.87838543681518	1.08800081251569e-53	False	(array([ 0.50042006, -0.79998533]), (1.1666666666666667, 0.5798029556650248))	False
APOLD1	DDX3X;ENHA_NFKB2	19.2631980191911	3.0039135669032596e-70	False	(array([ 0.50042006, -0.79998533]), (1.1666666666666667, 0.09211822660098523))	False
APOLD1	DDX3X;ENHA_NFKB2	19.2631980191911	3.0039135669032596e-70	False	(array([ 0.50042006, -0.79998533]), (1.1666666666666667, 0.09211822660098523))	False
APOLD1	DDX3X;ENHA_NFKB2	19.2631980191911	3.0039135669032596e-70	False	(array([ 0.50042006, -0.79998533]), (1.1666666666666667, 0.09211822660098523))	False
APOLD1	DDX3X;ENHA_NFKB2	19.2631980191911	3.0039135669032596e-70	False	(array([ 0.50042006, -0.79998533]), (1.1666666666666667, 0.09211822660098523))	False
APOLD1	DDX3X;ENHA_NFKB2	19.2631980191911	3.0039135669032596e-70	False	(array([ 0.50042006, -0.79998533]), (1.1666666666666667, 0.09211822660098523))	False
APOLD1	DDX3X;ENHA_SP1	8.87838543681518	1.08800081251569e-53	False	(array([ 0.50042006, -0.79998533]), (1.1666666666666667, 0.5798029556650248))	False
APOLD1	DDX3X;ENHA_NFKB2	19.2631980191911	3.0039135669032596e-70	False	(array([ 0.50042006, -0.79998533]), (1.1666666666666667, 0.09211822660098523))	False
APOLD1	DDX3X;ENHA_NFKB2	19.2631980191911	3.0039135669032596e-70	False	(array([ 0.50042006, -0.79998533]), (1.1666666666666667, 0.09211822660098523))	False
APOLD1	DDX3X;ENHA_NFKB2	19.2631980191911	3.0039135669032596e-70	False	(array([ 0.50042006, -0.79998533]), (1.1666666666666667, 0.09211822660098523))	False
APOLD1	DDX3X;ENHA_SP1	8.87838543681518	1.08800081251569e-53	False	(array([ 0.50042006, -0.79998533]), (1.1666666666666667, 0.5798029556650248))	False
APOLD1	DDX3X;ENHA_NFKB2	19.2631980191911	3.0039135669032596e-70	False	(array([ 0.50042006, -0.79998533]), (1.1666666666666667, 0.09211822660098523))	False
APOLD1	ENHA_PBX2;NUP62	11.0135624788343	7.486042496128001e-70	False	((1.1666666666666667, 0.25467980295566517), array([-0.18611396, -0.85500821]))	False
APOLD1	ENHA_HSF2;NUP62	5.79718402596075	5.65459135911903e-41	False	((1.1, -0.4172413793103449), array([-0.18611396, -0.85500821]))	False
APOLD1	ENHA_PBX2;NUP62	11.0135624788343	7.486042496128001e-70	False	((1.1666666666666667, 0.25467980295566517), array([-0.18611396, -0.85500821]))	False
APOLD1	ENHA_THAP1;NUP62	8.46226538973207	5.38570571610789e-60	False	((1.1666666666666667, 0.8399014778325125), array([-0.18611396, -0.85500821]))	False
APOLD1	ENHA_HSF2;NUP62	5.79718402596075	5.65459135911903e-41	False	((1.1, -0.4172413793103449), array([-0.18611396, -0.85500821]))	False
APOLD1	ENHA_PBX2;NUP62	11.0135624788343	7.486042496128001e-70	False	((1.1666666666666667, 0.25467980295566517), array([-0.18611396, -0.85500821]))	False
APOLD1	ENHA_SP1;NUP62	8.59707402354442	1.75114676719675e-52	False	((1.1666666666666667, 0.5798029556650248), array([-0.18611396, -0.85500821]))	False
APOLD1	ENHA_THAP1;NUP62	8.46226538973207	5.38570571610789e-60	False	((1.1666666666666667, 0.8399014778325125), array([-0.18611396, -0.85500821]))	False
APOLD1	ENHA_SP1;NUP62	8.59707402354442	1.75114676719675e-52	False	((1.1666666666666667, 0.5798029556650248), array([-0.18611396, -0.85500821]))	False
APOLD1	ENHA_PBX2;NUP62	11.0135624788343	7.486042496128001e-70	False	((1.1666666666666667, 0.25467980295566517), array([-0.18611396, -0.85500821]))	False
APOLD1	ENHA_THAP1;NUP62	8.46226538973207	5.38570571610789e-60	False	((1.1666666666666667, 0.8399014778325125), array([-0.18611396, -0.85500821]))	False
APOLD1	ENHA_THAP1;NUP62	8.46226538973207	5.38570571610789e-60	False	((1.1666666666666667, 0.8399014778325125), array([-0.18611396, -0.85500821]))	False
APOLD1	ENHA_SP1;NUP62	8.59707402354442	1.75114676719675e-52	False	((1.1666666666666667, 0.5798029556650248), array([-0.18611396, -0.85500821]))	False
APOLD1	ENHA_PBX2;NUP62	11.0135624788343	7.486042496128001e-70	False	((1.1666666666666667, 0.25467980295566517), array([-0.18611396, -0.85500821]))	False
APOLD1	ENHA_HSF2;NUP62	5.79718402596075	5.65459135911903e-41	False	((1.1, -0.4172413793103449), array([-0.18611396, -0.85500821]))	False
APOLD1	ENHA_PBX2;NUP62	11.0135624788343	7.486042496128001e-70	False	((1.1666666666666667, 0.25467980295566517), array([-0.18611396, -0.85500821]))	False
APOLD1	ENHA_SP1;NUP62	8.59707402354442	1.75114676719675e-52	False	((1.1666666666666667, 0.5798029556650248), array([-0.18611396, -0.85500821]))	False
APOLD1	ENHA_HSF2;NUP62	5.79718402596075	5.65459135911903e-41	False	((1.1, -0.4172413793103449), array([-0.18611396, -0.85500821]))	False
APOLD1	ENHA_HSF2;NUP62	5.79718402596075	5.65459135911903e-41	False	((1.1, -0.4172413793103449), array([-0.18611396, -0.85500821]))	False
APOLD1	AR;ENHA_FOXA1	8.0025600215212	2.55548331695815e-45	False	(array([0.49545375, 0.19918649]), (1.1666666666666667, -0.6881773399014779))	False
APOLD1	AR;ENHA_SREBF1	5.7749597771187	2.3853802342372798e-42	False	(array([0.49545375, 0.19918649]), (1.1333333333333335, 0.6339901477832512))	False
APOLD1	AR;ENHA_JUND	8.07297441987199	5.042184297124e-57	False	(array([0.49545375, 0.19918649]), (1.1333333333333335, -0.3088669950738916))	False
APOLD1	AR;ENHA_SP1	9.2483812107576	7.44856226404221e-27	False	(array([0.49545375, 0.19918649]), (1.1666666666666667, 0.5798029556650248))	False
APOLD1	AR;ENHA_FOXA1	8.0025600215212	2.55548331695815e-45	False	(array([0.49545375, 0.19918649]), (1.1666666666666667, -0.6881773399014779))	False
APOLD1	AR;ENHA_TCF7L2	7.19475944564094	3.71572120625598e-52	False	(array([0.49545375, 0.19918649]), (1.1, 0.720689655172414))	False
APOLD1	AR;ENHA_FOXA1	8.0025600215212	2.55548331695815e-45	False	(array([0.49545375, 0.19918649]), (1.1666666666666667, -0.6881773399014779))	False
APOLD1	AR;ENHA_STAT3	7.55170266265517	1.0142731604055701e-54	False	(array([0.49545375, 0.19918649]), (1.1666666666666667, 0.6773399014778327))	False
APOLD1	AR;ENHA_SP1	9.2483812107576	7.44856226404221e-27	False	(array([0.49545375, 0.19918649]), (1.1666666666666667, 0.5798029556650248))	False
APOLD1	AR;ENHA_ELF3	10.7371170834043	9.81780300162696e-52	False	(array([0.49545375, 0.19918649]), (1.1, -0.8073891625615763))	False
APOLD1	AR;ENHA_SP1	9.2483812107576	7.44856226404221e-27	False	(array([0.49545375, 0.19918649]), (1.1666666666666667, 0.5798029556650248))	False
APOLD1	AR;ENHA_FOXA1	8.0025600215212	2.55548331695815e-45	False	(array([0.49545375, 0.19918649]), (1.1666666666666667, -0.6881773399014779))	False
APOLD1	AR;ENHA_ELF3	10.7371170834043	9.81780300162696e-52	False	(array([0.49545375, 0.19918649]), (1.1, -0.8073891625615763))	False
APOLD1	AR;ENHA_JUN	6.70624993819422	1.1212040845494e-45	False	(array([0.49545375, 0.19918649]), (1.1666666666666667, -0.33054187192118223))	False
APOLD1	AR;ENHA_ZBTB7A	8.23298596027583	5.01598278108807e-56	False	(array([0.49545375, 0.19918649]), (1.1, 0.9807881773399019))	False
APOLD1	AR;ENHA_SP1	9.2483812107576	7.44856226404221e-27	False	(array([0.49545375, 0.19918649]), (1.1666666666666667, 0.5798029556650248))	False
APOLD1	AR;ENHA_FOXA1	8.0025600215212	2.55548331695815e-45	False	(array([0.49545375, 0.19918649]), (1.1666666666666667, -0.6881773399014779))	False
APOLD1	AR;ENHA_JUND	8.07297441987199	5.042184297124e-57	False	(array([0.49545375, 0.19918649]), (1.1333333333333335, -0.3088669950738916))	False
APOLD1	AR;ENHA_FOXA1	8.0025600215212	2.55548331695815e-45	False	(array([0.49545375, 0.19918649]), (1.1666666666666667, -0.6881773399014779))	False
APOLD1	AR;ENHA_REL	5.63896008307556	1.92534224138355e-39	False	(array([0.49545375, 0.19918649]), (1.1333333333333335, 0.3738916256157636))	False
APOLD1	AR;ENHA_SP1	9.2483812107576	7.44856226404221e-27	False	(array([0.49545375, 0.19918649]), (1.1666666666666667, 0.5798029556650248))	False
APOLD1	AR;ENHA_ETV5	6.81740266100471	1.85493493824694e-48	False	(array([0.49545375, 0.19918649]), (1.1333333333333335, -0.7315270935960592))	False
APOLD1	AR;ENHA_ELF3	10.7371170834043	9.81780300162696e-52	False	(array([0.49545375, 0.19918649]), (1.1, -0.8073891625615763))	False
APOLD1	AR;ENHA_FOXA1	8.0025600215212	2.55548331695815e-45	False	(array([0.49545375, 0.19918649]), (1.1666666666666667, -0.6881773399014779))	False
APOLD1	AR;ENHA_STAT3	7.55170266265517	1.0142731604055701e-54	False	(array([0.49545375, 0.19918649]), (1.1666666666666667, 0.6773399014778327))	False
APOLD1	AR;ENHA_TCF7L2	7.19475944564094	3.71572120625598e-52	False	(array([0.49545375, 0.19918649]), (1.1, 0.720689655172414))	False
APOLD1	AR;ENHA_SP1	9.2483812107576	7.44856226404221e-27	False	(array([0.49545375, 0.19918649]), (1.1666666666666667, 0.5798029556650248))	False
APOLD1	AR;ENHA_SREBF1	5.7749597771187	2.3853802342372798e-42	False	(array([0.49545375, 0.19918649]), (1.1333333333333335, 0.6339901477832512))	False
APOLD1	AR;ENHA_REL	5.63896008307556	1.92534224138355e-39	False	(array([0.49545375, 0.19918649]), (1.1333333333333335, 0.3738916256157636))	False
APOLD1	AR;ENHA_SREBF1	5.7749597771187	2.3853802342372798e-42	False	(array([0.49545375, 0.19918649]), (1.1333333333333335, 0.6339901477832512))	False
APOLD1	AR;ENHA_SP1	9.2483812107576	7.44856226404221e-27	False	(array([0.49545375, 0.19918649]), (1.1666666666666667, 0.5798029556650248))	False
APOLD1	AR;ENHA_JUN	6.70624993819422	1.1212040845494e-45	False	(array([0.49545375, 0.19918649]), (1.1666666666666667, -0.33054187192118223))	False
APOLD1	AR;ENHA_FOXA1	8.0025600215212	2.55548331695815e-45	False	(array([0.49545375, 0.19918649]), (1.1666666666666667, -0.6881773399014779))	False
APOLD1	AR;ENHA_JUND	8.07297441987199	5.042184297124e-57	False	(array([0.49545375, 0.19918649]), (1.1333333333333335, -0.3088669950738916))	False
APOLD1	AR;ENHA_SP1	9.2483812107576	7.44856226404221e-27	False	(array([0.49545375, 0.19918649]), (1.1666666666666667, 0.5798029556650248))	False
APOLD1	AR;ENHA_FOXA1	8.0025600215212	2.55548331695815e-45	False	(array([0.49545375, 0.19918649]), (1.1666666666666667, -0.6881773399014779))	False
APOLD1	AR;ENHA_ZBTB7A	8.23298596027583	5.01598278108807e-56	False	(array([0.49545375, 0.19918649]), (1.1, 0.9807881773399019))	False
APOLD1	AR;ENHA_TCF7L2	7.19475944564094	3.71572120625598e-52	False	(array([0.49545375, 0.19918649]), (1.1, 0.720689655172414))	False
APOLD1	AR;ENHA_ELF3	10.7371170834043	9.81780300162696e-52	False	(array([0.49545375, 0.19918649]), (1.1, -0.8073891625615763))	False
APOLD1	AR;ENHA_HIF1A	6.13470599007584	9.427606742483369e-33	False	(array([0.49545375, 0.19918649]), (1.1, -0.5147783251231527))	False
APOLD1	AR;ENHA_NR2C2	8.04291183781904	4.68880452705955e-55	False	(array([0.49545375, 0.19918649]), (1.1666666666666667, 0.15714285714285725))	False
APOLD1	AR;ENHA_STAT3	7.55170266265517	1.0142731604055701e-54	False	(array([0.49545375, 0.19918649]), (1.1666666666666667, 0.6773399014778327))	False
APOLD1	AR;ENHA_NR2C1	5.59109813990571	9.12614527385715e-41	False	(array([0.49545375, 0.19918649]), (1.1333333333333335, 0.14630541871921188))	False
APOLD1	AR;ENHA_STAT3	7.55170266265517	1.0142731604055701e-54	False	(array([0.49545375, 0.19918649]), (1.1666666666666667, 0.6773399014778327))	False
APOLD1	AR;ENHA_ETV5	6.81740266100471	1.85493493824694e-48	False	(array([0.49545375, 0.19918649]), (1.1333333333333335, -0.7315270935960592))	False
APOLD1	AR;ENHA_ELF3	10.7371170834043	9.81780300162696e-52	False	(array([0.49545375, 0.19918649]), (1.1, -0.8073891625615763))	False
APOLD1	AR;ENHA_HIF1A	6.13470599007584	9.427606742483369e-33	False	(array([0.49545375, 0.19918649]), (1.1, -0.5147783251231527))	False
APOLD1	AR;ENHA_SP1	9.2483812107576	7.44856226404221e-27	False	(array([0.49545375, 0.19918649]), (1.1666666666666667, 0.5798029556650248))	False
APOLD1	AR;ENHA_ZBTB7A	8.23298596027583	5.01598278108807e-56	False	(array([0.49545375, 0.19918649]), (1.1, 0.9807881773399019))	False
APOLD1	AR;ENHA_SP1	9.2483812107576	7.44856226404221e-27	False	(array([0.49545375, 0.19918649]), (1.1666666666666667, 0.5798029556650248))	False
APOLD1	AR;ENHA_FOXH1	5.08389612618306	1.60489718913969e-34	False	(array([0.49545375, 0.19918649]), (1.1, -0.6773399014778325))	False
APOLD1	AR;ENHA_SP1	9.2483812107576	7.44856226404221e-27	False	(array([0.49545375, 0.19918649]), (1.1666666666666667, 0.5798029556650248))	False
APOLD1	AR;ENHA_FOXA1	8.0025600215212	2.55548331695815e-45	False	(array([0.49545375, 0.19918649]), (1.1666666666666667, -0.6881773399014779))	False
APOLD1	AR;ENHA_ELF3	10.7371170834043	9.81780300162696e-52	False	(array([0.49545375, 0.19918649]), (1.1, -0.8073891625615763))	False
APOLD1	AR;ENHA_FOXH1	5.08389612618306	1.60489718913969e-34	False	(array([0.49545375, 0.19918649]), (1.1, -0.6773399014778325))	False
APOLD1	AR;ENHA_TCF7L2	7.19475944564094	3.71572120625598e-52	False	(array([0.49545375, 0.19918649]), (1.1, 0.720689655172414))	False
APOLD1	AR;ENHA_SREBF1	5.7749597771187	2.3853802342372798e-42	False	(array([0.49545375, 0.19918649]), (1.1333333333333335, 0.6339901477832512))	False
APOLD1	AR;ENHA_FOXH1	5.08389612618306	1.60489718913969e-34	False	(array([0.49545375, 0.19918649]), (1.1, -0.6773399014778325))	False
APOLD1	AR;ENHA_TCF7L2	7.19475944564094	3.71572120625598e-52	False	(array([0.49545375, 0.19918649]), (1.1, 0.720689655172414))	False
APOLD1	AR;ENHA_JUN	6.70624993819422	1.1212040845494e-45	False	(array([0.49545375, 0.19918649]), (1.1666666666666667, -0.33054187192118223))	False
APOLD1	AR;ENHA_NR2C2	8.04291183781904	4.68880452705955e-55	False	(array([0.49545375, 0.19918649]), (1.1666666666666667, 0.15714285714285725))	False
APOLD1	AR;ENHA_HIF1A	6.13470599007584	9.427606742483369e-33	False	(array([0.49545375, 0.19918649]), (1.1, -0.5147783251231527))	False
APOLD1	AR;ENHA_TCF7L2	7.19475944564094	3.71572120625598e-52	False	(array([0.49545375, 0.19918649]), (1.1, 0.720689655172414))	False
APOLD1	AR;ENHA_NR2C1	5.59109813990571	9.12614527385715e-41	False	(array([0.49545375, 0.19918649]), (1.1333333333333335, 0.14630541871921188))	False
APOLD1	AR;ENHA_SREBF1	5.7749597771187	2.3853802342372798e-42	False	(array([0.49545375, 0.19918649]), (1.1333333333333335, 0.6339901477832512))	False
APOLD1	AR;ENHA_JUND	8.07297441987199	5.042184297124e-57	False	(array([0.49545375, 0.19918649]), (1.1333333333333335, -0.3088669950738916))	False
APOLD1	AR;ENHA_SP1	9.2483812107576	7.44856226404221e-27	False	(array([0.49545375, 0.19918649]), (1.1666666666666667, 0.5798029556650248))	False
APOLD1	AR;ENHA_FOXH1	5.08389612618306	1.60489718913969e-34	False	(array([0.49545375, 0.19918649]), (1.1, -0.6773399014778325))	False
APOLD1	AR;ENHA_ZBTB7A	8.23298596027583	5.01598278108807e-56	False	(array([0.49545375, 0.19918649]), (1.1, 0.9807881773399019))	False
APOLD1	AR;ENHA_SP1	9.2483812107576	7.44856226404221e-27	False	(array([0.49545375, 0.19918649]), (1.1666666666666667, 0.5798029556650248))	False
APOLD1	AR;ENHA_FOXA1	8.0025600215212	2.55548331695815e-45	False	(array([0.49545375, 0.19918649]), (1.1666666666666667, -0.6881773399014779))	False
APOLD1	AR;ENHA_ELF3	10.7371170834043	9.81780300162696e-52	False	(array([0.49545375, 0.19918649]), (1.1, -0.8073891625615763))	False
APOLD1	AR;ENHA_FOXH1	5.08389612618306	1.60489718913969e-34	False	(array([0.49545375, 0.19918649]), (1.1, -0.6773399014778325))	False
APOLD1	AR;ENHA_ZBTB7A	8.23298596027583	5.01598278108807e-56	False	(array([0.49545375, 0.19918649]), (1.1, 0.9807881773399019))	False
APOLD1	AR;ENHA_STAT3	7.55170266265517	1.0142731604055701e-54	False	(array([0.49545375, 0.19918649]), (1.1666666666666667, 0.6773399014778327))	False
APOLD1	AR;ENHA_TCF7L2	7.19475944564094	3.71572120625598e-52	False	(array([0.49545375, 0.19918649]), (1.1, 0.720689655172414))	False
APOLD1	AR;ENHA_STAT3	7.55170266265517	1.0142731604055701e-54	False	(array([0.49545375, 0.19918649]), (1.1666666666666667, 0.6773399014778327))	False
APOLD1	AR;ENHA_FOXA1	8.0025600215212	2.55548331695815e-45	False	(array([0.49545375, 0.19918649]), (1.1666666666666667, -0.6881773399014779))	False
APOLD1	ENHA_ATF2;HSP90AA1	11.4319863352695	3.15466714287627e-75	False	((1.1666666666666667, -1.0783251231527093), array([ 0.13334996, -0.98500504]))	False
APOLD1	ENHA_SP1;HSP90AA1	13.5915579045533	9.78705768360931e-52	False	((1.1666666666666667, 0.5798029556650248), array([ 0.13334996, -0.98500504]))	False
APOLD1	ENHA_ATF2;HSP90AA1	11.4319863352695	3.15466714287627e-75	False	((1.1666666666666667, -1.0783251231527093), array([ 0.13334996, -0.98500504]))	False
APOLD1	ENHA_HSF1;HSP90AA1	9.24547078938072	2.20199022466181e-61	False	((1.1666666666666667, -0.42807881773399015), array([ 0.13334996, -0.98500504]))	False
APOLD1	ENHA_HSF1;HSP90AA1	9.24547078938072	2.20199022466181e-61	False	((1.1666666666666667, -0.42807881773399015), array([ 0.13334996, -0.98500504]))	False
APOLD1	ENHA_HSF1;HSP90AA1	9.24547078938072	2.20199022466181e-61	False	((1.1666666666666667, -0.42807881773399015), array([ 0.13334996, -0.98500504]))	False
APOLD1	ENHA_NR3C1;HSP90AA1	12.0967327400173	9.94790169070285e-74	False	((1.1666666666666667, 0.18965517241379315), array([ 0.13334996, -0.98500504]))	False
APOLD1	ENHA_ATF2;HSP90AA1	11.4319863352695	3.15466714287627e-75	False	((1.1666666666666667, -1.0783251231527093), array([ 0.13334996, -0.98500504]))	False
APOLD1	ENHA_SP1;HSP90AA1	13.5915579045533	9.78705768360931e-52	False	((1.1666666666666667, 0.5798029556650248), array([ 0.13334996, -0.98500504]))	False
APOLD1	ENHA_ATF2;HSP90AA1	11.4319863352695	3.15466714287627e-75	False	((1.1666666666666667, -1.0783251231527093), array([ 0.13334996, -0.98500504]))	False
APOLD1	ENHA_SP1;HSP90AA1	13.5915579045533	9.78705768360931e-52	False	((1.1666666666666667, 0.5798029556650248), array([ 0.13334996, -0.98500504]))	False
APOLD1	ENHA_IRF3;HSP90AA1	9.51207796341909	3.40926867824023e-64	False	((1.1, -0.3847290640394089), array([ 0.13334996, -0.98500504]))	False
APOLD1	ENHA_HSF1;HSP90AA1	9.24547078938072	2.20199022466181e-61	False	((1.1666666666666667, -0.42807881773399015), array([ 0.13334996, -0.98500504]))	False
APOLD1	ENHA_NR3C1;HSP90AA1	12.0967327400173	9.94790169070285e-74	False	((1.1666666666666667, 0.18965517241379315), array([ 0.13334996, -0.98500504]))	False
APOLD1	ENHA_ATF2;HSP90AA1	11.4319863352695	3.15466714287627e-75	False	((1.1666666666666667, -1.0783251231527093), array([ 0.13334996, -0.98500504]))	False
APOLD1	ENHA_PPARD;HSP90AA1	9.00422072697877	1.65221214109654e-63	False	((1.1333333333333335, 0.3088669950738918), array([ 0.13334996, -0.98500504]))	False
APOLD1	ENHA_NR3C1;HSP90AA1	12.0967327400173	9.94790169070285e-74	False	((1.1666666666666667, 0.18965517241379315), array([ 0.13334996, -0.98500504]))	False
APOLD1	ENHA_SP1;HSP90AA1	13.5915579045533	9.78705768360931e-52	False	((1.1666666666666667, 0.5798029556650248), array([ 0.13334996, -0.98500504]))	False
APOLD1	ENHA_HSF1;HSP90AA1	9.24547078938072	2.20199022466181e-61	False	((1.1666666666666667, -0.42807881773399015), array([ 0.13334996, -0.98500504]))	False
APOLD1	ENHA_IRF3;HSP90AA1	9.51207796341909	3.40926867824023e-64	False	((1.1, -0.3847290640394089), array([ 0.13334996, -0.98500504]))	False
APOLD1	ENHA_NR3C1;HSP90AA1	12.0967327400173	9.94790169070285e-74	False	((1.1666666666666667, 0.18965517241379315), array([ 0.13334996, -0.98500504]))	False
APOLD1	ENHA_SP1;HSP90AA1	13.5915579045533	9.78705768360931e-52	False	((1.1666666666666667, 0.5798029556650248), array([ 0.13334996, -0.98500504]))	False
APOLD1	ENHA_HSF1;HSP90AA1	9.24547078938072	2.20199022466181e-61	False	((1.1666666666666667, -0.42807881773399015), array([ 0.13334996, -0.98500504]))	False
APOLD1	ENHA_IRF3;HSP90AA1	9.51207796341909	3.40926867824023e-64	False	((1.1, -0.3847290640394089), array([ 0.13334996, -0.98500504]))	False
APOLD1	ENHA_NR3C1;HSP90AA1	12.0967327400173	9.94790169070285e-74	False	((1.1666666666666667, 0.18965517241379315), array([ 0.13334996, -0.98500504]))	False
APOLD1	ENHA_SP1;HSP90AA1	13.5915579045533	9.78705768360931e-52	False	((1.1666666666666667, 0.5798029556650248), array([ 0.13334996, -0.98500504]))	False
APOLD1	ENHA_IRF3;HSP90AA1	9.51207796341909	3.40926867824023e-64	False	((1.1, -0.3847290640394089), array([ 0.13334996, -0.98500504]))	False
APOLD1	ENHA_HSF1;HSP90AA1	9.24547078938072	2.20199022466181e-61	False	((1.1666666666666667, -0.42807881773399015), array([ 0.13334996, -0.98500504]))	False
APOLD1	ENHA_ATF2;MAPK8	10.8166589371228	4.40023119376803e-72	False	((1.1666666666666667, -1.0783251231527093), array([-0.55539519, -0.58121335]))	False
APOLD1	ENHA_JUND;MAPK8	11.0428739377447	7.14979000659385e-69	False	((1.1333333333333335, -0.3088669950738916), array([-0.55539519, -0.58121335]))	False
APOLD1	ENHA_SP1;MAPK8	inf	6.68193203730501e-45	False	((1.1666666666666667, 0.5798029556650248), array([-0.55539519, -0.58121335]))	False
APOLD1	ENHA_STAT3;MAPK8	5.88514063372624	5.02423943632823e-43	False	((1.1666666666666667, 0.6773399014778327), array([-0.55539519, -0.58121335]))	False
APOLD1	ENHA_SP1;MAPK8	inf	6.68193203730501e-45	False	((1.1666666666666667, 0.5798029556650248), array([-0.55539519, -0.58121335]))	False
APOLD1	ENHA_SPIB;MAPK8	13.170843318437	1.54380884199566e-53	False	((1.1, 0.6231527093596061), array([-0.55539519, -0.58121335]))	False
APOLD1	ENHA_ELK4;MAPK8	7.73140906454839	1.5985360120509499e-55	False	((1.1666666666666667, -0.7857142857142858), array([-0.55539519, -0.58121335]))	False
APOLD1	ENHA_SP1;MAPK8	inf	6.68193203730501e-45	False	((1.1666666666666667, 0.5798029556650248), array([-0.55539519, -0.58121335]))	False
APOLD1	ENHA_ATF2;MAPK8	10.8166589371228	4.40023119376803e-72	False	((1.1666666666666667, -1.0783251231527093), array([-0.55539519, -0.58121335]))	False
APOLD1	ENHA_JUN;MAPK8	4.71113150526209	1.7949000795619302e-25	False	((1.1666666666666667, -0.33054187192118223), array([-0.55539519, -0.58121335]))	False
APOLD1	ENHA_SP1;MAPK8	inf	6.68193203730501e-45	False	((1.1666666666666667, 0.5798029556650248), array([-0.55539519, -0.58121335]))	False
APOLD1	ENHA_HSF1;MAPK8	8.73985409112521	2.25539907144497e-58	False	((1.1666666666666667, -0.42807881773399015), array([-0.55539519, -0.58121335]))	False
APOLD1	ENHA_NFATC4;MAPK8	7.21137471977675	1.6849246795143e-52	False	((1.1333333333333335, 0.01625615763546806), array([-0.55539519, -0.58121335]))	False
APOLD1	ENHA_JUND;MAPK8	11.0428739377447	7.14979000659385e-69	False	((1.1333333333333335, -0.3088669950738916), array([-0.55539519, -0.58121335]))	False
APOLD1	ENHA_REL;MAPK8	7.20382848733914	5.94651209486961e-52	False	((1.1333333333333335, 0.3738916256157636), array([-0.55539519, -0.58121335]))	False
APOLD1	ENHA_SP1;MAPK8	inf	6.68193203730501e-45	False	((1.1666666666666667, 0.5798029556650248), array([-0.55539519, -0.58121335]))	False
APOLD1	ENHA_TP53;MAPK8	4.86255619694795	8.89714228621017e-35	False	((1.1666666666666667, 0.8724137931034484), array([-0.55539519, -0.58121335]))	False
APOLD1	ENHA_SPIB;MAPK8	13.170843318437	1.54380884199566e-53	False	((1.1, 0.6231527093596061), array([-0.55539519, -0.58121335]))	False
APOLD1	ENHA_HSF1;MAPK8	8.73985409112521	2.25539907144497e-58	False	((1.1666666666666667, -0.42807881773399015), array([-0.55539519, -0.58121335]))	False
APOLD1	ENHA_STAT3;MAPK8	5.88514063372624	5.02423943632823e-43	False	((1.1666666666666667, 0.6773399014778327), array([-0.55539519, -0.58121335]))	False
APOLD1	ENHA_HSF1;MAPK8	8.73985409112521	2.25539907144497e-58	False	((1.1666666666666667, -0.42807881773399015), array([-0.55539519, -0.58121335]))	False
APOLD1	ENHA_TP53;MAPK8	4.86255619694795	8.89714228621017e-35	False	((1.1666666666666667, 0.8724137931034484), array([-0.55539519, -0.58121335]))	False
APOLD1	ENHA_NFATC4;MAPK8	7.21137471977675	1.6849246795143e-52	False	((1.1333333333333335, 0.01625615763546806), array([-0.55539519, -0.58121335]))	False
APOLD1	ENHA_SP1;MAPK8	inf	6.68193203730501e-45	False	((1.1666666666666667, 0.5798029556650248), array([-0.55539519, -0.58121335]))	False
APOLD1	ENHA_REL;MAPK8	7.20382848733914	5.94651209486961e-52	False	((1.1333333333333335, 0.3738916256157636), array([-0.55539519, -0.58121335]))	False
APOLD1	ENHA_ATF2;MAPK8	10.8166589371228	4.40023119376803e-72	False	((1.1666666666666667, -1.0783251231527093), array([-0.55539519, -0.58121335]))	False
APOLD1	ENHA_SP1;MAPK8	inf	6.68193203730501e-45	False	((1.1666666666666667, 0.5798029556650248), array([-0.55539519, -0.58121335]))	False
APOLD1	ENHA_JUN;MAPK8	4.71113150526209	1.7949000795619302e-25	False	((1.1666666666666667, -0.33054187192118223), array([-0.55539519, -0.58121335]))	False
APOLD1	ENHA_JUND;MAPK8	11.0428739377447	7.14979000659385e-69	False	((1.1333333333333335, -0.3088669950738916), array([-0.55539519, -0.58121335]))	False
APOLD1	ENHA_SP1;MAPK8	inf	6.68193203730501e-45	False	((1.1666666666666667, 0.5798029556650248), array([-0.55539519, -0.58121335]))	False
APOLD1	ENHA_MYC;MAPK8	5.41391039521039	1.96173841391197e-33	False	((1.1666666666666667, -0.005418719211822687), array([-0.55539519, -0.58121335]))	False
APOLD1	ENHA_ATF2;MAPK8	10.8166589371228	4.40023119376803e-72	False	((1.1666666666666667, -1.0783251231527093), array([-0.55539519, -0.58121335]))	False
APOLD1	ENHA_SP1;MAPK8	inf	6.68193203730501e-45	False	((1.1666666666666667, 0.5798029556650248), array([-0.55539519, -0.58121335]))	False
APOLD1	ENHA_IRF3;MAPK8	8.96177564007234	5.74628588274992e-61	False	((1.1, -0.3847290640394089), array([-0.55539519, -0.58121335]))	False
APOLD1	ENHA_STAT3;MAPK8	5.88514063372624	5.02423943632823e-43	False	((1.1666666666666667, 0.6773399014778327), array([-0.55539519, -0.58121335]))	False
APOLD1	ENHA_HSF1;MAPK8	8.73985409112521	2.25539907144497e-58	False	((1.1666666666666667, -0.42807881773399015), array([-0.55539519, -0.58121335]))	False
APOLD1	ENHA_STAT3;MAPK8	5.88514063372624	5.02423943632823e-43	False	((1.1666666666666667, 0.6773399014778327), array([-0.55539519, -0.58121335]))	False
APOLD1	ENHA_SPIB;MAPK8	13.170843318437	1.54380884199566e-53	False	((1.1, 0.6231527093596061), array([-0.55539519, -0.58121335]))	False
APOLD1	ENHA_SP1;MAPK8	inf	6.68193203730501e-45	False	((1.1666666666666667, 0.5798029556650248), array([-0.55539519, -0.58121335]))	False
APOLD1	ENHA_MYC;MAPK8	5.41391039521039	1.96173841391197e-33	False	((1.1666666666666667, -0.005418719211822687), array([-0.55539519, -0.58121335]))	False
APOLD1	ENHA_CEBPA;MAPK8	8.93518030473673	3.1489312513807704e-61	False	((1.1666666666666667, -0.9807881773399015), array([-0.55539519, -0.58121335]))	False
APOLD1	ENHA_SP1;MAPK8	inf	6.68193203730501e-45	False	((1.1666666666666667, 0.5798029556650248), array([-0.55539519, -0.58121335]))	False
APOLD1	ENHA_TP53;MAPK8	4.86255619694795	8.89714228621017e-35	False	((1.1666666666666667, 0.8724137931034484), array([-0.55539519, -0.58121335]))	False
APOLD1	ENHA_TP53;MAPK8	4.86255619694795	8.89714228621017e-35	False	((1.1666666666666667, 0.8724137931034484), array([-0.55539519, -0.58121335]))	False
APOLD1	ENHA_SP1;MAPK8	inf	6.68193203730501e-45	False	((1.1666666666666667, 0.5798029556650248), array([-0.55539519, -0.58121335]))	False
APOLD1	ENHA_TP53;MAPK8	4.86255619694795	8.89714228621017e-35	False	((1.1666666666666667, 0.8724137931034484), array([-0.55539519, -0.58121335]))	False
APOLD1	ENHA_TP53;MAPK8	4.86255619694795	8.89714228621017e-35	False	((1.1666666666666667, 0.8724137931034484), array([-0.55539519, -0.58121335]))	False
APOLD1	ENHA_NFATC4;MAPK8	7.21137471977675	1.6849246795143e-52	False	((1.1333333333333335, 0.01625615763546806), array([-0.55539519, -0.58121335]))	False
APOLD1	ENHA_MYC;MAPK8	5.41391039521039	1.96173841391197e-33	False	((1.1666666666666667, -0.005418719211822687), array([-0.55539519, -0.58121335]))	False
APOLD1	ENHA_NFATC4;MAPK8	7.21137471977675	1.6849246795143e-52	False	((1.1333333333333335, 0.01625615763546806), array([-0.55539519, -0.58121335]))	False
APOLD1	ENHA_ATF2;MAPK8	10.8166589371228	4.40023119376803e-72	False	((1.1666666666666667, -1.0783251231527093), array([-0.55539519, -0.58121335]))	False
APOLD1	ENHA_JUN;MAPK8	4.71113150526209	1.7949000795619302e-25	False	((1.1666666666666667, -0.33054187192118223), array([-0.55539519, -0.58121335]))	False
APOLD1	ENHA_CEBPA;MAPK8	8.93518030473673	3.1489312513807704e-61	False	((1.1666666666666667, -0.9807881773399015), array([-0.55539519, -0.58121335]))	False
APOLD1	ENHA_MYC;MAPK8	5.41391039521039	1.96173841391197e-33	False	((1.1666666666666667, -0.005418719211822687), array([-0.55539519, -0.58121335]))	False
APOLD1	ENHA_CEBPA;MAPK8	8.93518030473673	3.1489312513807704e-61	False	((1.1666666666666667, -0.9807881773399015), array([-0.55539519, -0.58121335]))	False
APOLD1	ENHA_SP1;MAPK8	inf	6.68193203730501e-45	False	((1.1666666666666667, 0.5798029556650248), array([-0.55539519, -0.58121335]))	False
APOLD1	ENHA_HSF1;MAPK8	8.73985409112521	2.25539907144497e-58	False	((1.1666666666666667, -0.42807881773399015), array([-0.55539519, -0.58121335]))	False
APOLD1	ENHA_IRF3;MAPK8	8.96177564007234	5.74628588274992e-61	False	((1.1, -0.3847290640394089), array([-0.55539519, -0.58121335]))	False
APOLD1	ENHA_JUND;MAPK8	11.0428739377447	7.14979000659385e-69	False	((1.1333333333333335, -0.3088669950738916), array([-0.55539519, -0.58121335]))	False
APOLD1	ENHA_SP1;MAPK8	inf	6.68193203730501e-45	False	((1.1666666666666667, 0.5798029556650248), array([-0.55539519, -0.58121335]))	False
APOLD1	ENHA_TP53;MAPK8	4.86255619694795	8.89714228621017e-35	False	((1.1666666666666667, 0.8724137931034484), array([-0.55539519, -0.58121335]))	False
APOLD1	ENHA_SP1;MAPK8	inf	6.68193203730501e-45	False	((1.1666666666666667, 0.5798029556650248), array([-0.55539519, -0.58121335]))	False
APOLD1	ENHA_SP1;MAPK8	inf	6.68193203730501e-45	False	((1.1666666666666667, 0.5798029556650248), array([-0.55539519, -0.58121335]))	False
APOLD1	ENHA_SPIB;MAPK8	13.170843318437	1.54380884199566e-53	False	((1.1, 0.6231527093596061), array([-0.55539519, -0.58121335]))	False
APOLD1	ENHA_HSF1;MAPK8	8.73985409112521	2.25539907144497e-58	False	((1.1666666666666667, -0.42807881773399015), array([-0.55539519, -0.58121335]))	False
APOLD1	ENHA_SPIB;MAPK8	13.170843318437	1.54380884199566e-53	False	((1.1, 0.6231527093596061), array([-0.55539519, -0.58121335]))	False
APOLD1	ENHA_IRF3;MAPK8	8.96177564007234	5.74628588274992e-61	False	((1.1, -0.3847290640394089), array([-0.55539519, -0.58121335]))	False
APOLD1	ENHA_NFATC4;MAPK8	7.21137471977675	1.6849246795143e-52	False	((1.1333333333333335, 0.01625615763546806), array([-0.55539519, -0.58121335]))	False
APOLD1	ENHA_STAT3;MAPK8	5.88514063372624	5.02423943632823e-43	False	((1.1666666666666667, 0.6773399014778327), array([-0.55539519, -0.58121335]))	False
APOLD1	ENHA_SPIB;MAPK8	13.170843318437	1.54380884199566e-53	False	((1.1, 0.6231527093596061), array([-0.55539519, -0.58121335]))	False
APOLD1	ENHA_SP1;MAPK8	inf	6.68193203730501e-45	False	((1.1666666666666667, 0.5798029556650248), array([-0.55539519, -0.58121335]))	False
APOLD1	ENHA_STAT3;MAPK8	5.88514063372624	5.02423943632823e-43	False	((1.1666666666666667, 0.6773399014778327), array([-0.55539519, -0.58121335]))	False
APOLD1	ENHA_SPIB;MAPK8	13.170843318437	1.54380884199566e-53	False	((1.1, 0.6231527093596061), array([-0.55539519, -0.58121335]))	False
APOLD1	ENHA_IRF3;MAPK8	8.96177564007234	5.74628588274992e-61	False	((1.1, -0.3847290640394089), array([-0.55539519, -0.58121335]))	False
APOLD1	ENHA_HSF1;MAPK8	8.73985409112521	2.25539907144497e-58	False	((1.1666666666666667, -0.42807881773399015), array([-0.55539519, -0.58121335]))	False
APOLD1	MAPK8;PROM_SPIB	1.15249088536037	0.41806702048342	False	(array([-0.55539519, -0.58121335]), (-1.1666666666666667, 0.526086956521739))	False
APOLD1	BRCA1;ENHA_JUND	11.0428739377447	7.14979000659385e-69	False	(array([-0.25669526, -0.72538131]), (1.1333333333333335, -0.3088669950738916))	False
APOLD1	BRCA1;ENHA_STAT1	24.3945481859557	1.12739164468989e-61	False	(array([-0.25669526, -0.72538131]), (1.1333333333333335, 0.6665024630541874))	False
APOLD1	BRCA1;ENHA_SP1	16.3972446128947	7.4023127911561e-51	False	(array([-0.25669526, -0.72538131]), (1.1666666666666667, 0.5798029556650248))	False
APOLD1	BRCA1;ENHA_JUNB	8.83012891882471	2.5094485395428e-58	False	(array([-0.25669526, -0.72538131]), (1.1, -0.31970443349753697))	False
APOLD1	BRCA1;ENHA_STAT1	24.3945481859557	1.12739164468989e-61	False	(array([-0.25669526, -0.72538131]), (1.1333333333333335, 0.6665024630541874))	False
APOLD1	BRCA1;ENHA_SP1	16.3972446128947	7.4023127911561e-51	False	(array([-0.25669526, -0.72538131]), (1.1666666666666667, 0.5798029556650248))	False
APOLD1	BRCA1;ENHA_ELK4	7.718517314713	1.9171969078721498e-55	False	(array([-0.25669526, -0.72538131]), (1.1666666666666667, -0.7857142857142858))	False
APOLD1	BRCA1;ENHA_SP1	16.3972446128947	7.4023127911561e-51	False	(array([-0.25669526, -0.72538131]), (1.1666666666666667, 0.5798029556650248))	False
APOLD1	BRCA1;ENHA_STAT1	24.3945481859557	1.12739164468989e-61	False	(array([-0.25669526, -0.72538131]), (1.1333333333333335, 0.6665024630541874))	False
APOLD1	BRCA1;ENHA_STAT1	24.3945481859557	1.12739164468989e-61	False	(array([-0.25669526, -0.72538131]), (1.1333333333333335, 0.6665024630541874))	False
APOLD1	BRCA1;ENHA_JUND	11.0428739377447	7.14979000659385e-69	False	(array([-0.25669526, -0.72538131]), (1.1333333333333335, -0.3088669950738916))	False
APOLD1	BRCA1;ENHA_JUNB	8.83012891882471	2.5094485395428e-58	False	(array([-0.25669526, -0.72538131]), (1.1, -0.31970443349753697))	False
APOLD1	BRCA1;ENHA_STAT1	24.3945481859557	1.12739164468989e-61	False	(array([-0.25669526, -0.72538131]), (1.1333333333333335, 0.6665024630541874))	False
APOLD1	BRCA1;ENHA_SP1	16.3972446128947	7.4023127911561e-51	False	(array([-0.25669526, -0.72538131]), (1.1666666666666667, 0.5798029556650248))	False
APOLD1	BRCA1;ENHA_JUND	11.0428739377447	7.14979000659385e-69	False	(array([-0.25669526, -0.72538131]), (1.1333333333333335, -0.3088669950738916))	False
APOLD1	BRCA1;ENHA_SP1	16.3972446128947	7.4023127911561e-51	False	(array([-0.25669526, -0.72538131]), (1.1666666666666667, 0.5798029556650248))	False
APOLD1	BRCA1;ENHA_JUNB	8.83012891882471	2.5094485395428e-58	False	(array([-0.25669526, -0.72538131]), (1.1, -0.31970443349753697))	False
APOLD1	BRCA1;ENHA_STAT1	24.3945481859557	1.12739164468989e-61	False	(array([-0.25669526, -0.72538131]), (1.1333333333333335, 0.6665024630541874))	False
APOLD1	BRCA1;ENHA_STAT1	24.3945481859557	1.12739164468989e-61	False	(array([-0.25669526, -0.72538131]), (1.1333333333333335, 0.6665024630541874))	False
APOLD1	BRCA1;ENHA_STAT1	24.3945481859557	1.12739164468989e-61	False	(array([-0.25669526, -0.72538131]), (1.1333333333333335, 0.6665024630541874))	False
APOLD1	BRCA1;ENHA_STAT1	24.3945481859557	1.12739164468989e-61	False	(array([-0.25669526, -0.72538131]), (1.1333333333333335, 0.6665024630541874))	False
APOLD1	BRCA1;ENHA_STAT1	24.3945481859557	1.12739164468989e-61	False	(array([-0.25669526, -0.72538131]), (1.1333333333333335, 0.6665024630541874))	False
APOLD1	BRCA1;ENHA_JUND	11.0428739377447	7.14979000659385e-69	False	(array([-0.25669526, -0.72538131]), (1.1333333333333335, -0.3088669950738916))	False
APOLD1	BRCA1;ENHA_JUNB	8.83012891882471	2.5094485395428e-58	False	(array([-0.25669526, -0.72538131]), (1.1, -0.31970443349753697))	False
APOLD1	BRCA1;ENHA_STAT1	24.3945481859557	1.12739164468989e-61	False	(array([-0.25669526, -0.72538131]), (1.1333333333333335, 0.6665024630541874))	False
APOLD1	BRCA1;ENHA_STAT1	24.3945481859557	1.12739164468989e-61	False	(array([-0.25669526, -0.72538131]), (1.1333333333333335, 0.6665024630541874))	False
APOLD1	ENHA_STAT1;PRKCD	27.638498020707	2.67560023907801e-68	False	((1.1333333333333335, 0.6665024630541874), array([ 0.81181627, -0.62211906]))	False
APOLD1	ENHA_SP1;PRKCD	12.8307601542051	3.6564608891368506e-61	False	((1.1666666666666667, 0.5798029556650248), array([ 0.81181627, -0.62211906]))	False
APOLD1	ENHA_STAT1;PRKCD	27.638498020707	2.67560023907801e-68	False	((1.1333333333333335, 0.6665024630541874), array([ 0.81181627, -0.62211906]))	False
APOLD1	ENHA_SP1;PRKCD	12.8307601542051	3.6564608891368506e-61	False	((1.1666666666666667, 0.5798029556650248), array([ 0.81181627, -0.62211906]))	False
APOLD1	ENHA_STAT1;PRKCD	27.638498020707	2.67560023907801e-68	False	((1.1333333333333335, 0.6665024630541874), array([ 0.81181627, -0.62211906]))	False
APOLD1	ENHA_STAT1;PRKCD	27.638498020707	2.67560023907801e-68	False	((1.1333333333333335, 0.6665024630541874), array([ 0.81181627, -0.62211906]))	False
APOLD1	ENHA_STAT1;PRKCD	27.638498020707	2.67560023907801e-68	False	((1.1333333333333335, 0.6665024630541874), array([ 0.81181627, -0.62211906]))	False
APOLD1	ENHA_SP1;PRKCD	12.8307601542051	3.6564608891368506e-61	False	((1.1666666666666667, 0.5798029556650248), array([ 0.81181627, -0.62211906]))	False
APOLD1	ENHA_NFE2L2;PRKCD	8.56077916663949	2.04426908581747e-60	False	((1.1666666666666667, 0.027093596059113434), array([ 0.81181627, -0.62211906]))	False
APOLD1	ENHA_STAT1;PRKCD	27.638498020707	2.67560023907801e-68	False	((1.1333333333333335, 0.6665024630541874), array([ 0.81181627, -0.62211906]))	False
APOLD1	ENHA_STAT1;PRKCD	27.638498020707	2.67560023907801e-68	False	((1.1333333333333335, 0.6665024630541874), array([ 0.81181627, -0.62211906]))	False
APOLD1	ENHA_NFE2L2;PRKCD	8.56077916663949	2.04426908581747e-60	False	((1.1666666666666667, 0.027093596059113434), array([ 0.81181627, -0.62211906]))	False
APOLD1	ENHA_STAT1;PRKCD	27.638498020707	2.67560023907801e-68	False	((1.1333333333333335, 0.6665024630541874), array([ 0.81181627, -0.62211906]))	False
APOLD1	ENHA_STAT1;PRKCD	27.638498020707	2.67560023907801e-68	False	((1.1333333333333335, 0.6665024630541874), array([ 0.81181627, -0.62211906]))	False
APOLD1	ENHA_STAT1;PRKCD	27.638498020707	2.67560023907801e-68	False	((1.1333333333333335, 0.6665024630541874), array([ 0.81181627, -0.62211906]))	False
APOLD1	ENHA_STAT1;PRKCD	27.638498020707	2.67560023907801e-68	False	((1.1333333333333335, 0.6665024630541874), array([ 0.81181627, -0.62211906]))	False
APOLD1	ENHA_STAT1;PRKCD	27.638498020707	2.67560023907801e-68	False	((1.1333333333333335, 0.6665024630541874), array([ 0.81181627, -0.62211906]))	False
APOLD1	E2F1;ENHA_STAT1	1.83554049827259	3.32497090696875e-06	False	(array([0.91816588, 0.40739941]), (1.1333333333333335, 0.6665024630541874))	False
APOLD1	E2F1;ENHA_SP1	2.22361106670666	2.35588142344096e-09	False	(array([0.91816588, 0.40739941]), (1.1666666666666667, 0.5798029556650248))	False
APOLD1	E2F1;ENHA_STAT1	1.83554049827259	3.32497090696875e-06	False	(array([0.91816588, 0.40739941]), (1.1333333333333335, 0.6665024630541874))	False
APOLD1	E2F1;ENHA_SP1	2.22361106670666	2.35588142344096e-09	False	(array([0.91816588, 0.40739941]), (1.1666666666666667, 0.5798029556650248))	False
APOLD1	E2F1;ENHA_STAT1	1.83554049827259	3.32497090696875e-06	False	(array([0.91816588, 0.40739941]), (1.1333333333333335, 0.6665024630541874))	False
APOLD1	E2F1;ENHA_STAT1	1.83554049827259	3.32497090696875e-06	False	(array([0.91816588, 0.40739941]), (1.1333333333333335, 0.6665024630541874))	False
APOLD1	E2F1;ENHA_STAT1	1.83554049827259	3.32497090696875e-06	False	(array([0.91816588, 0.40739941]), (1.1333333333333335, 0.6665024630541874))	False
APOLD1	E2F1;ENHA_SP1	2.22361106670666	2.35588142344096e-09	False	(array([0.91816588, 0.40739941]), (1.1666666666666667, 0.5798029556650248))	False
APOLD1	E2F1;ENHA_STAT1	1.83554049827259	3.32497090696875e-06	False	(array([0.91816588, 0.40739941]), (1.1333333333333335, 0.6665024630541874))	False
APOLD1	E2F1;ENHA_STAT1	1.83554049827259	3.32497090696875e-06	False	(array([0.91816588, 0.40739941]), (1.1333333333333335, 0.6665024630541874))	False
APOLD1	E2F1;ENHA_STAT1	1.83554049827259	3.32497090696875e-06	False	(array([0.91816588, 0.40739941]), (1.1333333333333335, 0.6665024630541874))	False
APOLD1	E2F1;ENHA_CEBPD	3.28044029512995	1.7189635380028e-14	False	(array([0.91816588, 0.40739941]), (1.1333333333333335, -0.9591133004926109))	False
APOLD1	E2F1;ENHA_SP1	2.22361106670666	2.35588142344096e-09	False	(array([0.91816588, 0.40739941]), (1.1666666666666667, 0.5798029556650248))	False
APOLD1	E2F1;ENHA_STAT1	1.83554049827259	3.32497090696875e-06	False	(array([0.91816588, 0.40739941]), (1.1333333333333335, 0.6665024630541874))	False
APOLD1	E2F1;ENHA_STAT1	1.83554049827259	3.32497090696875e-06	False	(array([0.91816588, 0.40739941]), (1.1333333333333335, 0.6665024630541874))	False
APOLD1	E2F1;ENHA_CEBPD	3.28044029512995	1.7189635380028e-14	False	(array([0.91816588, 0.40739941]), (1.1333333333333335, -0.9591133004926109))	False
APOLD1	E2F1;ENHA_SP1	2.22361106670666	2.35588142344096e-09	False	(array([0.91816588, 0.40739941]), (1.1666666666666667, 0.5798029556650248))	False
APOLD1	E2F1;ENHA_STAT1	1.83554049827259	3.32497090696875e-06	False	(array([0.91816588, 0.40739941]), (1.1333333333333335, 0.6665024630541874))	False
APOLD1	E2F1;ENHA_STAT1	1.83554049827259	3.32497090696875e-06	False	(array([0.91816588, 0.40739941]), (1.1333333333333335, 0.6665024630541874))	False
APOLD1	ENHA_GATA2;PSMA3	8.39955475132191	5.8182164790103e-60	False	((1.1333333333333335, -0.6014778325123153), array([-0.97622824, -0.22693953]))	False
APOLD1	ENHA_OSR2;PSMA3	11.6678679761013	5.40424353212237e-75	False	((1.1, 0.23300492610837442), array([-0.97622824, -0.22693953]))	False
APOLD1	ENHA_MYC;PSMA3	9.6296870999761	8.042978478412271e-67	False	((1.1666666666666667, -0.005418719211822687), array([-0.97622824, -0.22693953]))	False
APOLD1	ENHA_GATA2;PSMA3	8.39955475132191	5.8182164790103e-60	False	((1.1333333333333335, -0.6014778325123153), array([-0.97622824, -0.22693953]))	False
APOLD1	ENHA_MYC;PSMA3	9.6296870999761	8.042978478412271e-67	False	((1.1666666666666667, -0.005418719211822687), array([-0.97622824, -0.22693953]))	False
APOLD1	ENHA_GATA2;PSMA3	8.39955475132191	5.8182164790103e-60	False	((1.1333333333333335, -0.6014778325123153), array([-0.97622824, -0.22693953]))	False
APOLD1	ENHA_GATA2;PSMA3	8.39955475132191	5.8182164790103e-60	False	((1.1333333333333335, -0.6014778325123153), array([-0.97622824, -0.22693953]))	False
APOLD1	ENHA_MYC;PSMA3	9.6296870999761	8.042978478412271e-67	False	((1.1666666666666667, -0.005418719211822687), array([-0.97622824, -0.22693953]))	False
APOLD1	ENHA_GATA2;PSMA3	8.39955475132191	5.8182164790103e-60	False	((1.1333333333333335, -0.6014778325123153), array([-0.97622824, -0.22693953]))	False
APOLD1	ENHA_MYC;PSMA3	9.6296870999761	8.042978478412271e-67	False	((1.1666666666666667, -0.005418719211822687), array([-0.97622824, -0.22693953]))	False
APOLD1	ENHA_GATA2;PSMA3	8.39955475132191	5.8182164790103e-60	False	((1.1333333333333335, -0.6014778325123153), array([-0.97622824, -0.22693953]))	False
APOLD1	ENHA_GATA2;PSMA3	8.39955475132191	5.8182164790103e-60	False	((1.1333333333333335, -0.6014778325123153), array([-0.97622824, -0.22693953]))	False
APOLD1	ENHA_OSR2;PSMA3	11.6678679761013	5.40424353212237e-75	False	((1.1, 0.23300492610837442), array([-0.97622824, -0.22693953]))	False
APOLD1	ENHA_GATA2;PSMA3	8.39955475132191	5.8182164790103e-60	False	((1.1333333333333335, -0.6014778325123153), array([-0.97622824, -0.22693953]))	False
APOLD1	ENHA_RUNX1;YAP1	8.30464994699772	3.60693618614419e-55	False	((1.1, 0.46059113300492616), array([-0.54531008, -0.88080839]))	False
APOLD1	ENHA_RUNX2;YAP1	16.2482859407349	4.07835783612603e-78	False	((1.1333333333333335, 0.47142857142857153), array([-0.54531008, -0.88080839]))	False
APOLD1	ENHA_TP73;YAP1	11.5625473842978	1.12328550128434e-76	False	((1.1, 0.8832512315270937), array([-0.54531008, -0.88080839]))	False
APOLD1	ENHA_TEAD1;YAP1	17.9786436904446	2.25063573951028e-84	False	((1.1333333333333335, 0.7315270935960592), array([-0.54531008, -0.88080839]))	False
APOLD1	ENHA_RUNX2;YAP1	16.2482859407349	4.07835783612603e-78	False	((1.1333333333333335, 0.47142857142857153), array([-0.54531008, -0.88080839]))	False
APOLD1	ENHA_RUNX2;YAP1	16.2482859407349	4.07835783612603e-78	False	((1.1333333333333335, 0.47142857142857153), array([-0.54531008, -0.88080839]))	False
APOLD1	ENHA_TEAD1;YAP1	17.9786436904446	2.25063573951028e-84	False	((1.1333333333333335, 0.7315270935960592), array([-0.54531008, -0.88080839]))	False
APOLD1	ENHA_TEAD2;YAP1	10.3826000787304	8.07432215982624e-71	False	((1.1666666666666667, 0.7423645320197045), array([-0.54531008, -0.88080839]))	False
APOLD1	ENHA_TEAD1;YAP1	17.9786436904446	2.25063573951028e-84	False	((1.1333333333333335, 0.7315270935960592), array([-0.54531008, -0.88080839]))	False
APOLD1	ENHA_RUNX2;YAP1	16.2482859407349	4.07835783612603e-78	False	((1.1333333333333335, 0.47142857142857153), array([-0.54531008, -0.88080839]))	False
APOLD1	ENHA_EGR1;YAP1	9.35839057742349	4.84181863575268e-62	False	((1.1, -0.8399014778325123), array([-0.54531008, -0.88080839]))	False
APOLD1	ENHA_RUNX2;YAP1	16.2482859407349	4.07835783612603e-78	False	((1.1333333333333335, 0.47142857142857153), array([-0.54531008, -0.88080839]))	False
APOLD1	ENHA_RUNX1;YAP1	8.30464994699772	3.60693618614419e-55	False	((1.1, 0.46059113300492616), array([-0.54531008, -0.88080839]))	False
APOLD1	ENHA_RUNX2;YAP1	16.2482859407349	4.07835783612603e-78	False	((1.1333333333333335, 0.47142857142857153), array([-0.54531008, -0.88080839]))	False
APOLD1	ENHA_TEAD1;YAP1	17.9786436904446	2.25063573951028e-84	False	((1.1333333333333335, 0.7315270935960592), array([-0.54531008, -0.88080839]))	False
APOLD1	ENHA_TEAD3;YAP1	7.79638545985277	6.41556196276347e-56	False	((1.1, 0.7532019704433499), array([-0.54531008, -0.88080839]))	False
APOLD1	ENHA_TEAD2;YAP1	10.3826000787304	8.07432215982624e-71	False	((1.1666666666666667, 0.7423645320197045), array([-0.54531008, -0.88080839]))	False
APOLD1	ENHA_TEAD1;YAP1	17.9786436904446	2.25063573951028e-84	False	((1.1333333333333335, 0.7315270935960592), array([-0.54531008, -0.88080839]))	False
APOLD1	ENHA_EGR1;YAP1	9.35839057742349	4.84181863575268e-62	False	((1.1, -0.8399014778325123), array([-0.54531008, -0.88080839]))	False
APOLD1	ENHA_TP73;YAP1	11.5625473842978	1.12328550128434e-76	False	((1.1, 0.8832512315270937), array([-0.54531008, -0.88080839]))	False
APOLD1	ENHA_RUNX1;YAP1	8.30464994699772	3.60693618614419e-55	False	((1.1, 0.46059113300492616), array([-0.54531008, -0.88080839]))	False
APOLD1	ENHA_TP73;YAP1	11.5625473842978	1.12328550128434e-76	False	((1.1, 0.8832512315270937), array([-0.54531008, -0.88080839]))	False
APOLD1	ENHA_TEAD1;YAP1	17.9786436904446	2.25063573951028e-84	False	((1.1333333333333335, 0.7315270935960592), array([-0.54531008, -0.88080839]))	False
APOLD1	ENHA_TEAD3;YAP1	7.79638545985277	6.41556196276347e-56	False	((1.1, 0.7532019704433499), array([-0.54531008, -0.88080839]))	False
APOLD1	ENHA_TEAD2;YAP1	10.3826000787304	8.07432215982624e-71	False	((1.1666666666666667, 0.7423645320197045), array([-0.54531008, -0.88080839]))	False
APOLD1	ENHA_TEAD1;YAP1	17.9786436904446	2.25063573951028e-84	False	((1.1333333333333335, 0.7315270935960592), array([-0.54531008, -0.88080839]))	False
APOLD1	ENHA_EGR1;YAP1	9.35839057742349	4.84181863575268e-62	False	((1.1, -0.8399014778325123), array([-0.54531008, -0.88080839]))	False
APOLD1	ENHA_RUNX2;YAP1	16.2482859407349	4.07835783612603e-78	False	((1.1333333333333335, 0.47142857142857153), array([-0.54531008, -0.88080839]))	False
APOLD1	ENHA_TEAD1;YAP1	17.9786436904446	2.25063573951028e-84	False	((1.1333333333333335, 0.7315270935960592), array([-0.54531008, -0.88080839]))	False
APOLD1	ENHA_TEAD2;YAP1	10.3826000787304	8.07432215982624e-71	False	((1.1666666666666667, 0.7423645320197045), array([-0.54531008, -0.88080839]))	False
APOLD1	ENHA_TEAD1;YAP1	17.9786436904446	2.25063573951028e-84	False	((1.1333333333333335, 0.7315270935960592), array([-0.54531008, -0.88080839]))	False
APOLD1	ENHA_EGR1;YAP1	9.35839057742349	4.84181863575268e-62	False	((1.1, -0.8399014778325123), array([-0.54531008, -0.88080839]))	False
APOLD1	ENHA_TEAD1;YAP1	17.9786436904446	2.25063573951028e-84	False	((1.1333333333333335, 0.7315270935960592), array([-0.54531008, -0.88080839]))	False
APOLD1	ENHA_RUNX2;YAP1	16.2482859407349	4.07835783612603e-78	False	((1.1333333333333335, 0.47142857142857153), array([-0.54531008, -0.88080839]))	False
APOLD1	CITED2;ENHA_TFAP2C	12.9167945305352	1.04143309025239e-63	False	(array([ 0.67797909, -0.64652142]), (1.1666666666666667, 0.7748768472906404))	False
APOLD1	CITED2;ENHA_TFAP2C	12.9167945305352	1.04143309025239e-63	False	(array([ 0.67797909, -0.64652142]), (1.1666666666666667, 0.7748768472906404))	False
APOLD1	CITED2;ENHA_TFAP2A	17.5323660796732	7.96259654346103e-59	False	(array([ 0.67797909, -0.64652142]), (1.1333333333333335, 0.7640394088669953))	False
APOLD1	CITED2;ENHA_TFAP2C	12.9167945305352	1.04143309025239e-63	False	(array([ 0.67797909, -0.64652142]), (1.1666666666666667, 0.7748768472906404))	False
APOLD1	CITED2;ENHA_TFAP2A	17.5323660796732	7.96259654346103e-59	False	(array([ 0.67797909, -0.64652142]), (1.1333333333333335, 0.7640394088669953))	False
APOLD1	CITED2;ENHA_TFAP2C	12.9167945305352	1.04143309025239e-63	False	(array([ 0.67797909, -0.64652142]), (1.1666666666666667, 0.7748768472906404))	False
APOLD1	CITED2;ENHA_TFAP2A	17.5323660796732	7.96259654346103e-59	False	(array([ 0.67797909, -0.64652142]), (1.1333333333333335, 0.7640394088669953))	False
APOLD1	CITED2;ENHA_TFAP2C	12.9167945305352	1.04143309025239e-63	False	(array([ 0.67797909, -0.64652142]), (1.1666666666666667, 0.7748768472906404))	False
APOLD1	CITED2;ENHA_TFAP2A	17.5323660796732	7.96259654346103e-59	False	(array([ 0.67797909, -0.64652142]), (1.1333333333333335, 0.7640394088669953))	False
APOLD1	CITED2;ENHA_TFAP2C	12.9167945305352	1.04143309025239e-63	False	(array([ 0.67797909, -0.64652142]), (1.1666666666666667, 0.7748768472906404))	False
APOLD1	CITED2;ENHA_TFAP2C	12.9167945305352	1.04143309025239e-63	False	(array([ 0.67797909, -0.64652142]), (1.1666666666666667, 0.7748768472906404))	False
APOLD1	CITED2;ENHA_TFAP2A	17.5323660796732	7.96259654346103e-59	False	(array([ 0.67797909, -0.64652142]), (1.1333333333333335, 0.7640394088669953))	False
APOLD1	CITED2;ENHA_TFAP2C	12.9167945305352	1.04143309025239e-63	False	(array([ 0.67797909, -0.64652142]), (1.1666666666666667, 0.7748768472906404))	False
APOLD1	ENHA_NFKB2;FBXW7	18.9322780644535	5.25928176661986e-75	False	((1.1666666666666667, 0.09211822660098523), array([-0.47675503,  0.00573311]))	False
APOLD1	ENHA_SREBF1;FBXW7	11.4263742298566	3.15456654938538e-71	False	((1.1333333333333335, 0.6339901477832512), array([-0.47675503,  0.00573311]))	False
APOLD1	ENHA_JUN;FBXW7	9.03068210919039	8.74785086241349e-63	False	((1.1666666666666667, -0.33054187192118223), array([-0.47675503,  0.00573311]))	False
APOLD1	ENHA_SOX9;FBXW7	7.85579670257459	1.95829089037569e-51	False	((1.1333333333333335, 0.5689655172413794), array([-0.47675503,  0.00573311]))	False
APOLD1	ENHA_GATA2;FBXW7	7.99041866151869	1.6109176509623998e-57	False	((1.1333333333333335, -0.6014778325123153), array([-0.47675503,  0.00573311]))	False
APOLD1	ENHA_NFKB2;FBXW7	18.9322780644535	5.25928176661986e-75	False	((1.1666666666666667, 0.09211822660098523), array([-0.47675503,  0.00573311]))	False
APOLD1	ENHA_SREBF1;FBXW7	11.4263742298566	3.15456654938538e-71	False	((1.1333333333333335, 0.6339901477832512), array([-0.47675503,  0.00573311]))	False
APOLD1	ENHA_KLF2;FBXW7	20.4134353939808	2.72845793683701e-69	False	((1.1, -0.25467980295566506), array([-0.47675503,  0.00573311]))	False
APOLD1	ENHA_SREBF1;FBXW7	11.4263742298566	3.15456654938538e-71	False	((1.1333333333333335, 0.6339901477832512), array([-0.47675503,  0.00573311]))	False
APOLD1	ENHA_KLF5;FBXW7	32.4981515297363	3.8093256533073803e-73	False	((1.1, -0.22216748768472905), array([-0.47675503,  0.00573311]))	False
APOLD1	ENHA_JUN;FBXW7	9.03068210919039	8.74785086241349e-63	False	((1.1666666666666667, -0.33054187192118223), array([-0.47675503,  0.00573311]))	False
APOLD1	ENHA_MYC;FBXW7	8.83682158533623	4.19982627755632e-62	False	((1.1666666666666667, -0.005418719211822687), array([-0.47675503,  0.00573311]))	False
APOLD1	ENHA_SOX9;FBXW7	7.85579670257459	1.95829089037569e-51	False	((1.1333333333333335, 0.5689655172413794), array([-0.47675503,  0.00573311]))	False
APOLD1	ENHA_KLF2;FBXW7	20.4134353939808	2.72845793683701e-69	False	((1.1, -0.25467980295566506), array([-0.47675503,  0.00573311]))	False
APOLD1	ENHA_KLF5;FBXW7	32.4981515297363	3.8093256533073803e-73	False	((1.1, -0.22216748768472905), array([-0.47675503,  0.00573311]))	False
APOLD1	ENHA_KLF2;FBXW7	20.4134353939808	2.72845793683701e-69	False	((1.1, -0.25467980295566506), array([-0.47675503,  0.00573311]))	False
APOLD1	ENHA_NFKB2;FBXW7	18.9322780644535	5.25928176661986e-75	False	((1.1666666666666667, 0.09211822660098523), array([-0.47675503,  0.00573311]))	False
APOLD1	ENHA_KLF2;FBXW7	20.4134353939808	2.72845793683701e-69	False	((1.1, -0.25467980295566506), array([-0.47675503,  0.00573311]))	False
APOLD1	ENHA_KLF5;FBXW7	32.4981515297363	3.8093256533073803e-73	False	((1.1, -0.22216748768472905), array([-0.47675503,  0.00573311]))	False
APOLD1	ENHA_GATA2;FBXW7	7.99041866151869	1.6109176509623998e-57	False	((1.1333333333333335, -0.6014778325123153), array([-0.47675503,  0.00573311]))	False
APOLD1	ENHA_MYC;FBXW7	8.83682158533623	4.19982627755632e-62	False	((1.1666666666666667, -0.005418719211822687), array([-0.47675503,  0.00573311]))	False
APOLD1	ENHA_KLF2;FBXW7	20.4134353939808	2.72845793683701e-69	False	((1.1, -0.25467980295566506), array([-0.47675503,  0.00573311]))	False
APOLD1	ENHA_KLF5;FBXW7	32.4981515297363	3.8093256533073803e-73	False	((1.1, -0.22216748768472905), array([-0.47675503,  0.00573311]))	False
APOLD1	ENHA_NFKB2;FBXW7	18.9322780644535	5.25928176661986e-75	False	((1.1666666666666667, 0.09211822660098523), array([-0.47675503,  0.00573311]))	False
APOLD1	ENHA_GATA2;FBXW7	7.99041866151869	1.6109176509623998e-57	False	((1.1333333333333335, -0.6014778325123153), array([-0.47675503,  0.00573311]))	False
APOLD1	ENHA_KLF2;FBXW7	20.4134353939808	2.72845793683701e-69	False	((1.1, -0.25467980295566506), array([-0.47675503,  0.00573311]))	False
APOLD1	ENHA_MYB;FBXW7	6.3763793612138	4.6850298424717795e-43	False	((1.1333333333333335, -0.01625615763546784), array([-0.47675503,  0.00573311]))	False
APOLD1	ENHA_KLF5;FBXW7	32.4981515297363	3.8093256533073803e-73	False	((1.1, -0.22216748768472905), array([-0.47675503,  0.00573311]))	False
APOLD1	ENHA_NFKB2;FBXW7	18.9322780644535	5.25928176661986e-75	False	((1.1666666666666667, 0.09211822660098523), array([-0.47675503,  0.00573311]))	False
APOLD1	ENHA_GATA2;FBXW7	7.99041866151869	1.6109176509623998e-57	False	((1.1333333333333335, -0.6014778325123153), array([-0.47675503,  0.00573311]))	False
APOLD1	ENHA_SOX9;FBXW7	7.85579670257459	1.95829089037569e-51	False	((1.1333333333333335, 0.5689655172413794), array([-0.47675503,  0.00573311]))	False
APOLD1	ENHA_NFKB2;FBXW7	18.9322780644535	5.25928176661986e-75	False	((1.1666666666666667, 0.09211822660098523), array([-0.47675503,  0.00573311]))	False
APOLD1	ENHA_MYC;FBXW7	8.83682158533623	4.19982627755632e-62	False	((1.1666666666666667, -0.005418719211822687), array([-0.47675503,  0.00573311]))	False
APOLD1	ENHA_SREBF1;FBXW7	11.4263742298566	3.15456654938538e-71	False	((1.1333333333333335, 0.6339901477832512), array([-0.47675503,  0.00573311]))	False
APOLD1	ENHA_KLF2;FBXW7	20.4134353939808	2.72845793683701e-69	False	((1.1, -0.25467980295566506), array([-0.47675503,  0.00573311]))	False
APOLD1	ENHA_KLF5;FBXW7	32.4981515297363	3.8093256533073803e-73	False	((1.1, -0.22216748768472905), array([-0.47675503,  0.00573311]))	False
APOLD1	ENHA_JUN;FBXW7	9.03068210919039	8.74785086241349e-63	False	((1.1666666666666667, -0.33054187192118223), array([-0.47675503,  0.00573311]))	False
APOLD1	ENHA_GATA2;FBXW7	7.99041866151869	1.6109176509623998e-57	False	((1.1333333333333335, -0.6014778325123153), array([-0.47675503,  0.00573311]))	False
APOLD1	ENHA_KLF2;FBXW7	20.4134353939808	2.72845793683701e-69	False	((1.1, -0.25467980295566506), array([-0.47675503,  0.00573311]))	False
APOLD1	ENHA_KLF5;FBXW7	32.4981515297363	3.8093256533073803e-73	False	((1.1, -0.22216748768472905), array([-0.47675503,  0.00573311]))	False
APOLD1	ENHA_MYC;FBXW7	8.83682158533623	4.19982627755632e-62	False	((1.1666666666666667, -0.005418719211822687), array([-0.47675503,  0.00573311]))	False
APOLD1	ENHA_NFKB2;FBXW7	18.9322780644535	5.25928176661986e-75	False	((1.1666666666666667, 0.09211822660098523), array([-0.47675503,  0.00573311]))	False
APOLD1	ENHA_NFKB2;FBXW7	18.9322780644535	5.25928176661986e-75	False	((1.1666666666666667, 0.09211822660098523), array([-0.47675503,  0.00573311]))	False
APOLD1	ENHA_SREBF1;FBXW7	11.4263742298566	3.15456654938538e-71	False	((1.1333333333333335, 0.6339901477832512), array([-0.47675503,  0.00573311]))	False
APOLD1	ENHA_MYB;FBXW7	6.3763793612138	4.6850298424717795e-43	False	((1.1333333333333335, -0.01625615763546784), array([-0.47675503,  0.00573311]))	False
APOLD1	ENHA_NFKB2;FBXW7	18.9322780644535	5.25928176661986e-75	False	((1.1666666666666667, 0.09211822660098523), array([-0.47675503,  0.00573311]))	False
APOLD1	ENHA_KLF2;FBXW7	20.4134353939808	2.72845793683701e-69	False	((1.1, -0.25467980295566506), array([-0.47675503,  0.00573311]))	False
APOLD1	ENHA_KLF5;FBXW7	32.4981515297363	3.8093256533073803e-73	False	((1.1, -0.22216748768472905), array([-0.47675503,  0.00573311]))	False
APOLD1	ENHA_NFKB2;FBXW7	18.9322780644535	5.25928176661986e-75	False	((1.1666666666666667, 0.09211822660098523), array([-0.47675503,  0.00573311]))	False
APOLD1	ENHA_KLF2;FBXW7	20.4134353939808	2.72845793683701e-69	False	((1.1, -0.25467980295566506), array([-0.47675503,  0.00573311]))	False
APOLD1	ENHA_KLF5;FBXW7	32.4981515297363	3.8093256533073803e-73	False	((1.1, -0.22216748768472905), array([-0.47675503,  0.00573311]))	False
APOLD1	ENHA_GATA2;FBXW7	7.99041866151869	1.6109176509623998e-57	False	((1.1333333333333335, -0.6014778325123153), array([-0.47675503,  0.00573311]))	False
APOLD1	ENHA_GATA2;FBXW7	7.99041866151869	1.6109176509623998e-57	False	((1.1333333333333335, -0.6014778325123153), array([-0.47675503,  0.00573311]))	False
APOLD1	ENHA_NFKB2;FBXW7	18.9322780644535	5.25928176661986e-75	False	((1.1666666666666667, 0.09211822660098523), array([-0.47675503,  0.00573311]))	False
APOLD1	ENHA_GATA2;FBXW7	7.99041866151869	1.6109176509623998e-57	False	((1.1333333333333335, -0.6014778325123153), array([-0.47675503,  0.00573311]))	False
APOLD1	ENHA_FOXA1;RARA	10.2401222730298	3.22473901894913e-53	False	((1.1666666666666667, -0.6881773399014779), array([ 0.19863334, -0.20690742]))	False
APOLD1	ENHA_FOXA1;RARA	10.2401222730298	3.22473901894913e-53	False	((1.1666666666666667, -0.6881773399014779), array([ 0.19863334, -0.20690742]))	False
APOLD1	ENHA_KLF5;RARA	35.106021892409	1.1997486268817401e-67	False	((1.1, -0.22216748768472905), array([ 0.19863334, -0.20690742]))	False
APOLD1	ENHA_SRF;RARA	8.39616502388837	9.71799135914583e-60	False	((1.1, 0.655665024630542), array([ 0.19863334, -0.20690742]))	False
APOLD1	ENHA_STAT1;RARA	19.0521626326834	3.11549304995301e-63	False	((1.1333333333333335, 0.6665024630541874), array([ 0.19863334, -0.20690742]))	False
APOLD1	ENHA_SP1;RARA	58.7861253938672	7.08259798419228e-38	False	((1.1666666666666667, 0.5798029556650248), array([ 0.19863334, -0.20690742]))	False
APOLD1	ENHA_KLF5;RARA	35.106021892409	1.1997486268817401e-67	False	((1.1, -0.22216748768472905), array([ 0.19863334, -0.20690742]))	False
APOLD1	ENHA_SP1;RARA	58.7861253938672	7.08259798419228e-38	False	((1.1666666666666667, 0.5798029556650248), array([ 0.19863334, -0.20690742]))	False
APOLD1	ENHA_STAT1;RARA	19.0521626326834	3.11549304995301e-63	False	((1.1333333333333335, 0.6665024630541874), array([ 0.19863334, -0.20690742]))	False
APOLD1	ENHA_STAT1;RARA	19.0521626326834	3.11549304995301e-63	False	((1.1333333333333335, 0.6665024630541874), array([ 0.19863334, -0.20690742]))	False
APOLD1	ENHA_SP1;RARA	58.7861253938672	7.08259798419228e-38	False	((1.1666666666666667, 0.5798029556650248), array([ 0.19863334, -0.20690742]))	False
APOLD1	ENHA_FOXA1;RARA	10.2401222730298	3.22473901894913e-53	False	((1.1666666666666667, -0.6881773399014779), array([ 0.19863334, -0.20690742]))	False
APOLD1	ENHA_FOXA1;RARA	10.2401222730298	3.22473901894913e-53	False	((1.1666666666666667, -0.6881773399014779), array([ 0.19863334, -0.20690742]))	False
APOLD1	ENHA_SP1;RARA	58.7861253938672	7.08259798419228e-38	False	((1.1666666666666667, 0.5798029556650248), array([ 0.19863334, -0.20690742]))	False
APOLD1	ENHA_FOXA1;RARA	10.2401222730298	3.22473901894913e-53	False	((1.1666666666666667, -0.6881773399014779), array([ 0.19863334, -0.20690742]))	False
APOLD1	ENHA_TFAP2C;RARA	12.5061440878759	1.52947729311901e-57	False	((1.1666666666666667, 0.7748768472906404), array([ 0.19863334, -0.20690742]))	False
APOLD1	ENHA_KLF5;RARA	35.106021892409	1.1997486268817401e-67	False	((1.1, -0.22216748768472905), array([ 0.19863334, -0.20690742]))	False
APOLD1	ENHA_FOXA1;RARA	10.2401222730298	3.22473901894913e-53	False	((1.1666666666666667, -0.6881773399014779), array([ 0.19863334, -0.20690742]))	False
APOLD1	ENHA_KLF5;RARA	35.106021892409	1.1997486268817401e-67	False	((1.1, -0.22216748768472905), array([ 0.19863334, -0.20690742]))	False
APOLD1	ENHA_SP1;RARA	58.7861253938672	7.08259798419228e-38	False	((1.1666666666666667, 0.5798029556650248), array([ 0.19863334, -0.20690742]))	False
APOLD1	ENHA_FOXA1;RARA	10.2401222730298	3.22473901894913e-53	False	((1.1666666666666667, -0.6881773399014779), array([ 0.19863334, -0.20690742]))	False
APOLD1	ENHA_SP1;RARA	58.7861253938672	7.08259798419228e-38	False	((1.1666666666666667, 0.5798029556650248), array([ 0.19863334, -0.20690742]))	False
APOLD1	ENHA_FOS;RARA	9.11220285833268	3.29837448502296e-64	False	((1.1, -0.7098522167487685), array([ 0.19863334, -0.20690742]))	False
APOLD1	ENHA_RXRB;RARA	6.21893424391783	2.0457938189172e-43	False	((1.1666666666666667, 0.4822660098522169), array([ 0.19863334, -0.20690742]))	True
APOLD1	ENHA_FOXA1;RARA	10.2401222730298	3.22473901894913e-53	False	((1.1666666666666667, -0.6881773399014779), array([ 0.19863334, -0.20690742]))	False
APOLD1	ENHA_SRF;RARA	8.39616502388837	9.71799135914583e-60	False	((1.1, 0.655665024630542), array([ 0.19863334, -0.20690742]))	False
APOLD1	ENHA_KLF5;RARA	35.106021892409	1.1997486268817401e-67	False	((1.1, -0.22216748768472905), array([ 0.19863334, -0.20690742]))	False
APOLD1	ENHA_SP1;RARA	58.7861253938672	7.08259798419228e-38	False	((1.1666666666666667, 0.5798029556650248), array([ 0.19863334, -0.20690742]))	False
APOLD1	ENHA_TFAP2C;RARA	12.5061440878759	1.52947729311901e-57	False	((1.1666666666666667, 0.7748768472906404), array([ 0.19863334, -0.20690742]))	False
APOLD1	ENHA_KLF5;RARA	35.106021892409	1.1997486268817401e-67	False	((1.1, -0.22216748768472905), array([ 0.19863334, -0.20690742]))	False
APOLD1	ENHA_SRF;RARA	8.39616502388837	9.71799135914583e-60	False	((1.1, 0.655665024630542), array([ 0.19863334, -0.20690742]))	False
APOLD1	ENHA_NFE2L2;RARA	7.82753850345019	1.6257590392801499e-56	False	((1.1666666666666667, 0.027093596059113434), array([ 0.19863334, -0.20690742]))	False
APOLD1	ENHA_SP1;RARA	58.7861253938672	7.08259798419228e-38	False	((1.1666666666666667, 0.5798029556650248), array([ 0.19863334, -0.20690742]))	False
APOLD1	ENHA_CEBPA;RARA	8.79457058991611	4.45680148771202e-62	False	((1.1666666666666667, -0.9807881773399015), array([ 0.19863334, -0.20690742]))	False
APOLD1	ENHA_KLF5;RARA	35.106021892409	1.1997486268817401e-67	False	((1.1, -0.22216748768472905), array([ 0.19863334, -0.20690742]))	False
APOLD1	ENHA_SP1;RARA	58.7861253938672	7.08259798419228e-38	False	((1.1666666666666667, 0.5798029556650248), array([ 0.19863334, -0.20690742]))	False
APOLD1	ENHA_SRF;RARA	8.39616502388837	9.71799135914583e-60	False	((1.1, 0.655665024630542), array([ 0.19863334, -0.20690742]))	False
APOLD1	ENHA_STAT1;RARA	19.0521626326834	3.11549304995301e-63	False	((1.1333333333333335, 0.6665024630541874), array([ 0.19863334, -0.20690742]))	False
APOLD1	ENHA_TFAP2C;RARA	12.5061440878759	1.52947729311901e-57	False	((1.1666666666666667, 0.7748768472906404), array([ 0.19863334, -0.20690742]))	False
APOLD1	ENHA_KLF5;RARA	35.106021892409	1.1997486268817401e-67	False	((1.1, -0.22216748768472905), array([ 0.19863334, -0.20690742]))	False
APOLD1	ENHA_SRF;RARA	8.39616502388837	9.71799135914583e-60	False	((1.1, 0.655665024630542), array([ 0.19863334, -0.20690742]))	False
APOLD1	ENHA_SP1;RARA	58.7861253938672	7.08259798419228e-38	False	((1.1666666666666667, 0.5798029556650248), array([ 0.19863334, -0.20690742]))	False
APOLD1	ENHA_CLOCK;RARA	6.4404117185384	1.1392861273749601e-37	False	((1.1666666666666667, -0.9482758620689655), array([ 0.19863334, -0.20690742]))	False
APOLD1	ENHA_NFE2L2;RARA	7.82753850345019	1.6257590392801499e-56	False	((1.1666666666666667, 0.027093596059113434), array([ 0.19863334, -0.20690742]))	False
APOLD1	ENHA_STAT1;RARA	19.0521626326834	3.11549304995301e-63	False	((1.1333333333333335, 0.6665024630541874), array([ 0.19863334, -0.20690742]))	False
APOLD1	ENHA_KLF5;RARA	35.106021892409	1.1997486268817401e-67	False	((1.1, -0.22216748768472905), array([ 0.19863334, -0.20690742]))	False
APOLD1	ENHA_CEBPA;RARA	8.79457058991611	4.45680148771202e-62	False	((1.1666666666666667, -0.9807881773399015), array([ 0.19863334, -0.20690742]))	False
APOLD1	ENHA_RXRB;RARA	6.21893424391783	2.0457938189172e-43	False	((1.1666666666666667, 0.4822660098522169), array([ 0.19863334, -0.20690742]))	True
APOLD1	ENHA_KLF5;RARA	35.106021892409	1.1997486268817401e-67	False	((1.1, -0.22216748768472905), array([ 0.19863334, -0.20690742]))	False
APOLD1	ENHA_CEBPA;RARA	8.79457058991611	4.45680148771202e-62	False	((1.1666666666666667, -0.9807881773399015), array([ 0.19863334, -0.20690742]))	False
APOLD1	ENHA_SP1;RARA	58.7861253938672	7.08259798419228e-38	False	((1.1666666666666667, 0.5798029556650248), array([ 0.19863334, -0.20690742]))	False
APOLD1	ENHA_TFAP2C;RARA	12.5061440878759	1.52947729311901e-57	False	((1.1666666666666667, 0.7748768472906404), array([ 0.19863334, -0.20690742]))	False
APOLD1	ENHA_STAT1;RARA	19.0521626326834	3.11549304995301e-63	False	((1.1333333333333335, 0.6665024630541874), array([ 0.19863334, -0.20690742]))	False
APOLD1	ENHA_STAT1;RARA	19.0521626326834	3.11549304995301e-63	False	((1.1333333333333335, 0.6665024630541874), array([ 0.19863334, -0.20690742]))	False
APOLD1	ENHA_FOS;RARA	9.11220285833268	3.29837448502296e-64	False	((1.1, -0.7098522167487685), array([ 0.19863334, -0.20690742]))	False
APOLD1	ENHA_TFAP2C;RARA	12.5061440878759	1.52947729311901e-57	False	((1.1666666666666667, 0.7748768472906404), array([ 0.19863334, -0.20690742]))	False
APOLD1	ENHA_SRF;RARA	8.39616502388837	9.71799135914583e-60	False	((1.1, 0.655665024630542), array([ 0.19863334, -0.20690742]))	False
APOLD1	ENHA_SP1;RARA	58.7861253938672	7.08259798419228e-38	False	((1.1666666666666667, 0.5798029556650248), array([ 0.19863334, -0.20690742]))	False
APOLD1	ENHA_CLOCK;RARA	6.4404117185384	1.1392861273749601e-37	False	((1.1666666666666667, -0.9482758620689655), array([ 0.19863334, -0.20690742]))	False
APOLD1	ENHA_TFAP2C;RARA	12.5061440878759	1.52947729311901e-57	False	((1.1666666666666667, 0.7748768472906404), array([ 0.19863334, -0.20690742]))	False
APOLD1	ENHA_KLF5;RARA	35.106021892409	1.1997486268817401e-67	False	((1.1, -0.22216748768472905), array([ 0.19863334, -0.20690742]))	False
APOLD1	ENHA_SP1;RARA	58.7861253938672	7.08259798419228e-38	False	((1.1666666666666667, 0.5798029556650248), array([ 0.19863334, -0.20690742]))	False
APOLD1	ENHA_TFAP2C;RARA	12.5061440878759	1.52947729311901e-57	False	((1.1666666666666667, 0.7748768472906404), array([ 0.19863334, -0.20690742]))	False
APOLD1	ENHA_KLF5;RARA	35.106021892409	1.1997486268817401e-67	False	((1.1, -0.22216748768472905), array([ 0.19863334, -0.20690742]))	False
APOLD1	ENHA_SP1;RARA	58.7861253938672	7.08259798419228e-38	False	((1.1666666666666667, 0.5798029556650248), array([ 0.19863334, -0.20690742]))	False
APOLD1	ENHA_FOXA1;RARA	10.2401222730298	3.22473901894913e-53	False	((1.1666666666666667, -0.6881773399014779), array([ 0.19863334, -0.20690742]))	False
APOLD1	ENHA_FOXA1;RARA	10.2401222730298	3.22473901894913e-53	False	((1.1666666666666667, -0.6881773399014779), array([ 0.19863334, -0.20690742]))	False
APOLD1	ENHA_SP1;RARA	58.7861253938672	7.08259798419228e-38	False	((1.1666666666666667, 0.5798029556650248), array([ 0.19863334, -0.20690742]))	False
APOLD1	ENHA_STAT1;RARA	19.0521626326834	3.11549304995301e-63	False	((1.1333333333333335, 0.6665024630541874), array([ 0.19863334, -0.20690742]))	False
APOLD1	ENHA_FOXA1;RARA	10.2401222730298	3.22473901894913e-53	False	((1.1666666666666667, -0.6881773399014779), array([ 0.19863334, -0.20690742]))	False
APOLD1	ENHA_TFAP2C;RARA	12.5061440878759	1.52947729311901e-57	False	((1.1666666666666667, 0.7748768472906404), array([ 0.19863334, -0.20690742]))	False
APOLD1	ENHA_SRF;RARA	8.39616502388837	9.71799135914583e-60	False	((1.1, 0.655665024630542), array([ 0.19863334, -0.20690742]))	False
APOLD1	ENHA_STAT1;RARA	19.0521626326834	3.11549304995301e-63	False	((1.1333333333333335, 0.6665024630541874), array([ 0.19863334, -0.20690742]))	False
APOLD1	CEBPB;ENHA_NFKB1	17.708550238921	5.7537218514185105e-52	False	(array([-0.30044646, -0.19024049]), (1.1333333333333335, 0.08128078817733986))	False
APOLD1	CEBPB;ENHA_CREB1	16.7701692740195	3.9995063515328497e-82	False	(array([-0.30044646, -0.19024049]), (1.1, -0.9374384236453203))	False
APOLD1	CEBPB;ENHA_NFKB1	17.708550238921	5.7537218514185105e-52	False	(array([-0.30044646, -0.19024049]), (1.1333333333333335, 0.08128078817733986))	False
APOLD1	CEBPB;ENHA_KLF5	25.8235314551412	2.65680603139814e-68	False	(array([-0.30044646, -0.19024049]), (1.1, -0.22216748768472905))	False
APOLD1	CEBPB;ENHA_SRF	8.43187605605308	5.87200708067506e-60	False	(array([-0.30044646, -0.19024049]), (1.1, 0.655665024630542))	False
APOLD1	CEBPB;ENHA_KLF5	25.8235314551412	2.65680603139814e-68	False	(array([-0.30044646, -0.19024049]), (1.1, -0.22216748768472905))	False
APOLD1	CEBPB;ENHA_EGR1	30.7927209512497	1.2999445285805401e-65	False	(array([-0.30044646, -0.19024049]), (1.1, -0.8399014778325123))	False
APOLD1	CEBPB;ENHA_JUN	7.49331582167976	1.94596359754955e-52	False	(array([-0.30044646, -0.19024049]), (1.1666666666666667, -0.33054187192118223))	False
APOLD1	CEBPB;ENHA_NFKB1	17.708550238921	5.7537218514185105e-52	False	(array([-0.30044646, -0.19024049]), (1.1333333333333335, 0.08128078817733986))	False
APOLD1	CEBPB;ENHA_HSF1	9.00783305623492	7.42692872206961e-62	False	(array([-0.30044646, -0.19024049]), (1.1666666666666667, -0.42807881773399015))	False
APOLD1	CEBPB;ENHA_NFKB1	17.708550238921	5.7537218514185105e-52	False	(array([-0.30044646, -0.19024049]), (1.1333333333333335, 0.08128078817733986))	False
APOLD1	CEBPB;ENHA_TP53	23.2924510265176	3.09558193436909e-101	False	(array([-0.30044646, -0.19024049]), (1.1666666666666667, 0.8724137931034484))	False
APOLD1	CEBPB;ENHA_HSF1	9.00783305623492	7.42692872206961e-62	False	(array([-0.30044646, -0.19024049]), (1.1666666666666667, -0.42807881773399015))	False
APOLD1	CEBPB;ENHA_PPARG	7.31369898011084	2.22731713586792e-52	False	(array([-0.30044646, -0.19024049]), (1.1666666666666667, 0.31970443349753697))	False
APOLD1	CEBPB;ENHA_HSF1	9.00783305623492	7.42692872206961e-62	False	(array([-0.30044646, -0.19024049]), (1.1666666666666667, -0.42807881773399015))	False
APOLD1	CEBPB;ENHA_TP53	23.2924510265176	3.09558193436909e-101	False	(array([-0.30044646, -0.19024049]), (1.1666666666666667, 0.8724137931034484))	False
APOLD1	CEBPB;ENHA_KLF5	25.8235314551412	2.65680603139814e-68	False	(array([-0.30044646, -0.19024049]), (1.1, -0.22216748768472905))	False
APOLD1	CEBPB;ENHA_EGR1	30.7927209512497	1.2999445285805401e-65	False	(array([-0.30044646, -0.19024049]), (1.1, -0.8399014778325123))	False
APOLD1	CEBPB;ENHA_NFKB1	17.708550238921	5.7537218514185105e-52	False	(array([-0.30044646, -0.19024049]), (1.1333333333333335, 0.08128078817733986))	False
APOLD1	CEBPB;ENHA_NR3C1	11.5983514028082	3.95630724869343e-75	False	(array([-0.30044646, -0.19024049]), (1.1666666666666667, 0.18965517241379315))	False
APOLD1	CEBPB;ENHA_NFKB1	17.708550238921	5.7537218514185105e-52	False	(array([-0.30044646, -0.19024049]), (1.1333333333333335, 0.08128078817733986))	False
APOLD1	CEBPB;ENHA_KLF5	25.8235314551412	2.65680603139814e-68	False	(array([-0.30044646, -0.19024049]), (1.1, -0.22216748768472905))	False
APOLD1	CEBPB;ENHA_JUN	7.49331582167976	1.94596359754955e-52	False	(array([-0.30044646, -0.19024049]), (1.1666666666666667, -0.33054187192118223))	False
APOLD1	CEBPB;ENHA_SRF	8.43187605605308	5.87200708067506e-60	False	(array([-0.30044646, -0.19024049]), (1.1, 0.655665024630542))	False
APOLD1	CEBPB;ENHA_KLF5	25.8235314551412	2.65680603139814e-68	False	(array([-0.30044646, -0.19024049]), (1.1, -0.22216748768472905))	False
APOLD1	CEBPB;ENHA_EGR1	30.7927209512497	1.2999445285805401e-65	False	(array([-0.30044646, -0.19024049]), (1.1, -0.8399014778325123))	False
APOLD1	CEBPB;ENHA_HSF1	9.00783305623492	7.42692872206961e-62	False	(array([-0.30044646, -0.19024049]), (1.1666666666666667, -0.42807881773399015))	False
APOLD1	CEBPB;ENHA_EGR1	30.7927209512497	1.2999445285805401e-65	False	(array([-0.30044646, -0.19024049]), (1.1, -0.8399014778325123))	False
APOLD1	CEBPB;ENHA_NR3C1	11.5983514028082	3.95630724869343e-75	False	(array([-0.30044646, -0.19024049]), (1.1666666666666667, 0.18965517241379315))	False
APOLD1	CEBPB;ENHA_KLF5	25.8235314551412	2.65680603139814e-68	False	(array([-0.30044646, -0.19024049]), (1.1, -0.22216748768472905))	False
APOLD1	CEBPB;ENHA_SRF	8.43187605605308	5.87200708067506e-60	False	(array([-0.30044646, -0.19024049]), (1.1, 0.655665024630542))	False
APOLD1	CEBPB;ENHA_NFKB1	17.708550238921	5.7537218514185105e-52	False	(array([-0.30044646, -0.19024049]), (1.1333333333333335, 0.08128078817733986))	False
APOLD1	CEBPB;ENHA_CEBPA	4.95531488814933	1.4026978551371e-26	False	(array([-0.30044646, -0.19024049]), (1.1666666666666667, -0.9807881773399015))	False
APOLD1	CEBPB;ENHA_KLF5	25.8235314551412	2.65680603139814e-68	False	(array([-0.30044646, -0.19024049]), (1.1, -0.22216748768472905))	False
APOLD1	CEBPB;ENHA_EGR1	30.7927209512497	1.2999445285805401e-65	False	(array([-0.30044646, -0.19024049]), (1.1, -0.8399014778325123))	False
APOLD1	CEBPB;ENHA_TP53	23.2924510265176	3.09558193436909e-101	False	(array([-0.30044646, -0.19024049]), (1.1666666666666667, 0.8724137931034484))	False
APOLD1	CEBPB;ENHA_KLF5	25.8235314551412	2.65680603139814e-68	False	(array([-0.30044646, -0.19024049]), (1.1, -0.22216748768472905))	False
APOLD1	CEBPB;ENHA_SRF	8.43187605605308	5.87200708067506e-60	False	(array([-0.30044646, -0.19024049]), (1.1, 0.655665024630542))	False
APOLD1	CEBPB;ENHA_TP53	23.2924510265176	3.09558193436909e-101	False	(array([-0.30044646, -0.19024049]), (1.1666666666666667, 0.8724137931034484))	False
APOLD1	CEBPB;ENHA_EGR1	30.7927209512497	1.2999445285805401e-65	False	(array([-0.30044646, -0.19024049]), (1.1, -0.8399014778325123))	False
APOLD1	CEBPB;ENHA_NFKB1	17.708550238921	5.7537218514185105e-52	False	(array([-0.30044646, -0.19024049]), (1.1333333333333335, 0.08128078817733986))	False
APOLD1	CEBPB;ENHA_TP53	23.2924510265176	3.09558193436909e-101	False	(array([-0.30044646, -0.19024049]), (1.1666666666666667, 0.8724137931034484))	False
APOLD1	CEBPB;ENHA_EGR1	30.7927209512497	1.2999445285805401e-65	False	(array([-0.30044646, -0.19024049]), (1.1, -0.8399014778325123))	False
APOLD1	CEBPB;ENHA_NFKB1	17.708550238921	5.7537218514185105e-52	False	(array([-0.30044646, -0.19024049]), (1.1333333333333335, 0.08128078817733986))	False
APOLD1	CEBPB;ENHA_NFKB1	17.708550238921	5.7537218514185105e-52	False	(array([-0.30044646, -0.19024049]), (1.1333333333333335, 0.08128078817733986))	False
APOLD1	CEBPB;ENHA_KLF5	25.8235314551412	2.65680603139814e-68	False	(array([-0.30044646, -0.19024049]), (1.1, -0.22216748768472905))	False
APOLD1	CEBPB;ENHA_EGR1	30.7927209512497	1.2999445285805401e-65	False	(array([-0.30044646, -0.19024049]), (1.1, -0.8399014778325123))	False
APOLD1	CEBPB;ENHA_ATF3	7.06375837348941	7.610432597827999e-44	False	(array([-0.30044646, -0.19024049]), (1.1, -1.0674876847290642))	False
APOLD1	CEBPB;ENHA_CREB1	16.7701692740195	3.9995063515328497e-82	False	(array([-0.30044646, -0.19024049]), (1.1, -0.9374384236453203))	False
APOLD1	CEBPB;ENHA_JUN	7.49331582167976	1.94596359754955e-52	False	(array([-0.30044646, -0.19024049]), (1.1666666666666667, -0.33054187192118223))	False
APOLD1	CEBPB;ENHA_HSF1	9.00783305623492	7.42692872206961e-62	False	(array([-0.30044646, -0.19024049]), (1.1666666666666667, -0.42807881773399015))	False
APOLD1	CEBPB;ENHA_CREB1	16.7701692740195	3.9995063515328497e-82	False	(array([-0.30044646, -0.19024049]), (1.1, -0.9374384236453203))	False
APOLD1	CEBPB;ENHA_EGR1	30.7927209512497	1.2999445285805401e-65	False	(array([-0.30044646, -0.19024049]), (1.1, -0.8399014778325123))	False
APOLD1	CEBPB;ENHA_SRF	8.43187605605308	5.87200708067506e-60	False	(array([-0.30044646, -0.19024049]), (1.1, 0.655665024630542))	False
APOLD1	CEBPB;ENHA_TP53	23.2924510265176	3.09558193436909e-101	False	(array([-0.30044646, -0.19024049]), (1.1666666666666667, 0.8724137931034484))	False
APOLD1	CEBPB;ENHA_NR3C1	11.5983514028082	3.95630724869343e-75	False	(array([-0.30044646, -0.19024049]), (1.1666666666666667, 0.18965517241379315))	False
APOLD1	CEBPB;ENHA_KLF5	25.8235314551412	2.65680603139814e-68	False	(array([-0.30044646, -0.19024049]), (1.1, -0.22216748768472905))	False
APOLD1	CEBPB;ENHA_EGR1	30.7927209512497	1.2999445285805401e-65	False	(array([-0.30044646, -0.19024049]), (1.1, -0.8399014778325123))	False
APOLD1	CEBPB;ENHA_EGR1	30.7927209512497	1.2999445285805401e-65	False	(array([-0.30044646, -0.19024049]), (1.1, -0.8399014778325123))	False
APOLD1	CEBPB;ENHA_PPARG	7.31369898011084	2.22731713586792e-52	False	(array([-0.30044646, -0.19024049]), (1.1666666666666667, 0.31970443349753697))	False
APOLD1	CEBPB;ENHA_NFKB1	17.708550238921	5.7537218514185105e-52	False	(array([-0.30044646, -0.19024049]), (1.1333333333333335, 0.08128078817733986))	False
APOLD1	CEBPB;ENHA_HSF1	9.00783305623492	7.42692872206961e-62	False	(array([-0.30044646, -0.19024049]), (1.1666666666666667, -0.42807881773399015))	False
APOLD1	CEBPB;ENHA_NFKB1	17.708550238921	5.7537218514185105e-52	False	(array([-0.30044646, -0.19024049]), (1.1333333333333335, 0.08128078817733986))	False
APOLD1	CEBPB;ENHA_NR3C1	11.5983514028082	3.95630724869343e-75	False	(array([-0.30044646, -0.19024049]), (1.1666666666666667, 0.18965517241379315))	False
APOLD1	CEBPB;ENHA_HSF1	9.00783305623492	7.42692872206961e-62	False	(array([-0.30044646, -0.19024049]), (1.1666666666666667, -0.42807881773399015))	False
APOLD1	CEBPB;ENHA_SRF	8.43187605605308	5.87200708067506e-60	False	(array([-0.30044646, -0.19024049]), (1.1, 0.655665024630542))	False
APOLD1	ENHA_YY1;MYC	4.54907770761745	8.61779540317417e-32	False	((1.1666666666666667, 0.9374384236453204), array([ 0.39742364, -0.57334348]))	False
APOLD1	ENHA_SP1;MYC	1.85352192924051	5.43805884758642e-06	False	((1.1666666666666667, 0.5798029556650248), array([ 0.39742364, -0.57334348]))	False
APOLD1	ENHA_RUNX1;MYC	4.10082532451455	3.43297111990036e-23	False	((1.1, 0.46059113300492616), array([ 0.39742364, -0.57334348]))	False
APOLD1	ENHA_SP1;MYC	1.85352192924051	5.43805884758642e-06	False	((1.1666666666666667, 0.5798029556650248), array([ 0.39742364, -0.57334348]))	False
APOLD1	ENHA_FOXO3;MYC	3.81886917684926	2.56347826575584e-24	False	((1.1, -0.6448275862068966), array([ 0.39742364, -0.57334348]))	False
APOLD1	ENHA_SP1;MYC	1.85352192924051	5.43805884758642e-06	False	((1.1666666666666667, 0.5798029556650248), array([ 0.39742364, -0.57334348]))	False
APOLD1	ENHA_NFYC;MYC	4.31119298943668	1.06356118973256e-22	False	((1.1666666666666667, 0.12463054187192135), array([ 0.39742364, -0.57334348]))	False
APOLD1	ENHA_NFYB;MYC	4.31773019944518	6.72032720745036e-30	False	((1.1333333333333335, 0.11379310344827598), array([ 0.39742364, -0.57334348]))	False
APOLD1	ENHA_JUN;MYC	5.48831987570181	3.9803487245012803e-35	False	((1.1666666666666667, -0.33054187192118223), array([ 0.39742364, -0.57334348]))	False
APOLD1	ENHA_NFYB;MYC	4.31773019944518	6.72032720745036e-30	False	((1.1333333333333335, 0.11379310344827598), array([ 0.39742364, -0.57334348]))	False
APOLD1	ENHA_TFAP2A;MYC	2.72677078834217	1.51567409270051e-14	False	((1.1333333333333335, 0.7640394088669953), array([ 0.39742364, -0.57334348]))	False
APOLD1	ENHA_SP1;MYC	1.85352192924051	5.43805884758642e-06	False	((1.1666666666666667, 0.5798029556650248), array([ 0.39742364, -0.57334348]))	False
APOLD1	ENHA_TP73;MYC	5.611061384145	4.587708998404159e-40	False	((1.1, 0.8832512315270937), array([ 0.39742364, -0.57334348]))	False
APOLD1	ENHA_TFAP2A;MYC	2.72677078834217	1.51567409270051e-14	False	((1.1333333333333335, 0.7640394088669953), array([ 0.39742364, -0.57334348]))	False
APOLD1	ENHA_SP1;MYC	1.85352192924051	5.43805884758642e-06	False	((1.1666666666666667, 0.5798029556650248), array([ 0.39742364, -0.57334348]))	False
APOLD1	ENHA_TFAP2C;MYC	3.15061157092885	4.0531081663900703e-19	False	((1.1666666666666667, 0.7748768472906404), array([ 0.39742364, -0.57334348]))	False
APOLD1	ENHA_SP1;MYC	1.85352192924051	5.43805884758642e-06	False	((1.1666666666666667, 0.5798029556650248), array([ 0.39742364, -0.57334348]))	False
APOLD1	ENHA_RBPJ;MYC	4.77451710945568	2.3357994792489597e-34	False	((1.1, 0.36305418719211824), array([ 0.39742364, -0.57334348]))	False
APOLD1	ENHA_TFAP2A;MYC	2.72677078834217	1.51567409270051e-14	False	((1.1333333333333335, 0.7640394088669953), array([ 0.39742364, -0.57334348]))	False
APOLD1	ENHA_SP1;MYC	1.85352192924051	5.43805884758642e-06	False	((1.1666666666666667, 0.5798029556650248), array([ 0.39742364, -0.57334348]))	False
APOLD1	ENHA_JUN;MYC	5.48831987570181	3.9803487245012803e-35	False	((1.1666666666666667, -0.33054187192118223), array([ 0.39742364, -0.57334348]))	False
APOLD1	ENHA_TFAP2A;MYC	2.72677078834217	1.51567409270051e-14	False	((1.1333333333333335, 0.7640394088669953), array([ 0.39742364, -0.57334348]))	False
APOLD1	ENHA_SP1;MYC	1.85352192924051	5.43805884758642e-06	False	((1.1666666666666667, 0.5798029556650248), array([ 0.39742364, -0.57334348]))	False
APOLD1	ENHA_MAX;MYC	3.9598787346017	8.23992999486858e-27	False	((1.1333333333333335, -0.14630541871921177), array([ 0.39742364, -0.57334348]))	False
APOLD1	ENHA_SP1;MYC	1.85352192924051	5.43805884758642e-06	False	((1.1666666666666667, 0.5798029556650248), array([ 0.39742364, -0.57334348]))	False
APOLD1	ENHA_MAX;MYC	3.9598787346017	8.23992999486858e-27	False	((1.1333333333333335, -0.14630541871921177), array([ 0.39742364, -0.57334348]))	False
APOLD1	ENHA_FOXO3;MYC	3.81886917684926	2.56347826575584e-24	False	((1.1, -0.6448275862068966), array([ 0.39742364, -0.57334348]))	False
APOLD1	ENHA_RBPJ;MYC	4.77451710945568	2.3357994792489597e-34	False	((1.1, 0.36305418719211824), array([ 0.39742364, -0.57334348]))	False
APOLD1	ENHA_RUNX1;MYC	4.10082532451455	3.43297111990036e-23	False	((1.1, 0.46059113300492616), array([ 0.39742364, -0.57334348]))	False
APOLD1	ENHA_TFAP2C;MYC	3.15061157092885	4.0531081663900703e-19	False	((1.1666666666666667, 0.7748768472906404), array([ 0.39742364, -0.57334348]))	False
APOLD1	ENHA_TFAP2A;MYC	2.72677078834217	1.51567409270051e-14	False	((1.1333333333333335, 0.7640394088669953), array([ 0.39742364, -0.57334348]))	False
APOLD1	ENHA_RBPJ;MYC	4.77451710945568	2.3357994792489597e-34	False	((1.1, 0.36305418719211824), array([ 0.39742364, -0.57334348]))	False
APOLD1	ENHA_TFAP2A;MYC	2.72677078834217	1.51567409270051e-14	False	((1.1333333333333335, 0.7640394088669953), array([ 0.39742364, -0.57334348]))	False
APOLD1	ENHA_NFYB;MYC	4.31773019944518	6.72032720745036e-30	False	((1.1333333333333335, 0.11379310344827598), array([ 0.39742364, -0.57334348]))	False
APOLD1	ENHA_MAX;MYC	3.9598787346017	8.23992999486858e-27	False	((1.1333333333333335, -0.14630541871921177), array([ 0.39742364, -0.57334348]))	False
APOLD1	ENHA_TP73;MYC	5.611061384145	4.587708998404159e-40	False	((1.1, 0.8832512315270937), array([ 0.39742364, -0.57334348]))	False
APOLD1	ENHA_RUNX1;MYC	4.10082532451455	3.43297111990036e-23	False	((1.1, 0.46059113300492616), array([ 0.39742364, -0.57334348]))	False
APOLD1	ENHA_TFAP2A;MYC	2.72677078834217	1.51567409270051e-14	False	((1.1333333333333335, 0.7640394088669953), array([ 0.39742364, -0.57334348]))	False
APOLD1	ENHA_SP1;MYC	1.85352192924051	5.43805884758642e-06	False	((1.1666666666666667, 0.5798029556650248), array([ 0.39742364, -0.57334348]))	False
APOLD1	ENHA_TP73;MYC	5.611061384145	4.587708998404159e-40	False	((1.1, 0.8832512315270937), array([ 0.39742364, -0.57334348]))	False
APOLD1	ENHA_TFAP2A;MYC	2.72677078834217	1.51567409270051e-14	False	((1.1333333333333335, 0.7640394088669953), array([ 0.39742364, -0.57334348]))	False
APOLD1	ENHA_TFAP2C;MYC	3.15061157092885	4.0531081663900703e-19	False	((1.1666666666666667, 0.7748768472906404), array([ 0.39742364, -0.57334348]))	False
APOLD1	ENHA_TFAP2A;MYC	2.72677078834217	1.51567409270051e-14	False	((1.1333333333333335, 0.7640394088669953), array([ 0.39742364, -0.57334348]))	False
APOLD1	ENHA_SP1;MYC	1.85352192924051	5.43805884758642e-06	False	((1.1666666666666667, 0.5798029556650248), array([ 0.39742364, -0.57334348]))	False
APOLD1	ENHA_MAX;MYC	3.9598787346017	8.23992999486858e-27	False	((1.1333333333333335, -0.14630541871921177), array([ 0.39742364, -0.57334348]))	False
APOLD1	ENHA_RBPJ;MYC	4.77451710945568	2.3357994792489597e-34	False	((1.1, 0.36305418719211824), array([ 0.39742364, -0.57334348]))	False
APOLD1	ENHA_YY1;MYC	4.54907770761745	8.61779540317417e-32	False	((1.1666666666666667, 0.9374384236453204), array([ 0.39742364, -0.57334348]))	False
APOLD1	ENHA_YY1;MYC	4.54907770761745	8.61779540317417e-32	False	((1.1666666666666667, 0.9374384236453204), array([ 0.39742364, -0.57334348]))	False
APOLD1	ENHA_JUN;MYC	5.48831987570181	3.9803487245012803e-35	False	((1.1666666666666667, -0.33054187192118223), array([ 0.39742364, -0.57334348]))	False
APOLD1	ENHA_SP1;MYC	1.85352192924051	5.43805884758642e-06	False	((1.1666666666666667, 0.5798029556650248), array([ 0.39742364, -0.57334348]))	False
APOLD1	ENHA_TFAP2C;MYC	3.15061157092885	4.0531081663900703e-19	False	((1.1666666666666667, 0.7748768472906404), array([ 0.39742364, -0.57334348]))	False
APOLD1	ENHA_TFAP2A;MYC	2.72677078834217	1.51567409270051e-14	False	((1.1333333333333335, 0.7640394088669953), array([ 0.39742364, -0.57334348]))	False
APOLD1	ENHA_RBPJ;MYC	4.77451710945568	2.3357994792489597e-34	False	((1.1, 0.36305418719211824), array([ 0.39742364, -0.57334348]))	False
APOLD1	ENHA_NFYC;MYC	4.31119298943668	1.06356118973256e-22	False	((1.1666666666666667, 0.12463054187192135), array([ 0.39742364, -0.57334348]))	False
APOLD1	ENHA_NFYB;MYC	4.31773019944518	6.72032720745036e-30	False	((1.1333333333333335, 0.11379310344827598), array([ 0.39742364, -0.57334348]))	False
APOLD1	ENHA_TFAP2C;MYC	3.15061157092885	4.0531081663900703e-19	False	((1.1666666666666667, 0.7748768472906404), array([ 0.39742364, -0.57334348]))	False
APOLD1	ENHA_TFAP2A;MYC	2.72677078834217	1.51567409270051e-14	False	((1.1333333333333335, 0.7640394088669953), array([ 0.39742364, -0.57334348]))	False
APOLD1	ENHA_SP1;MYC	1.85352192924051	5.43805884758642e-06	False	((1.1666666666666667, 0.5798029556650248), array([ 0.39742364, -0.57334348]))	False
APOLD1	ENHA_TFAP2A;MYC	2.72677078834217	1.51567409270051e-14	False	((1.1333333333333335, 0.7640394088669953), array([ 0.39742364, -0.57334348]))	False
APOLD1	ENHA_MAX;MYC	3.9598787346017	8.23992999486858e-27	False	((1.1333333333333335, -0.14630541871921177), array([ 0.39742364, -0.57334348]))	False
APOLD1	ENHA_TFAP2C;MYC	3.15061157092885	4.0531081663900703e-19	False	((1.1666666666666667, 0.7748768472906404), array([ 0.39742364, -0.57334348]))	False
APOLD1	ENHA_SP1;MYC	1.85352192924051	5.43805884758642e-06	False	((1.1666666666666667, 0.5798029556650248), array([ 0.39742364, -0.57334348]))	False
APOLD1	ENHA_TFAP2C;MYC	3.15061157092885	4.0531081663900703e-19	False	((1.1666666666666667, 0.7748768472906404), array([ 0.39742364, -0.57334348]))	False
APOLD1	ENHA_RBPJ;MYC	4.77451710945568	2.3357994792489597e-34	False	((1.1, 0.36305418719211824), array([ 0.39742364, -0.57334348]))	False
APOLD1	ENHA_TFAP2A;MYC	2.72677078834217	1.51567409270051e-14	False	((1.1333333333333335, 0.7640394088669953), array([ 0.39742364, -0.57334348]))	False
APOLD1	ENHA_NFYC;MYC	4.31119298943668	1.06356118973256e-22	False	((1.1666666666666667, 0.12463054187192135), array([ 0.39742364, -0.57334348]))	False
APOLD1	ENHA_SP1;MYC	1.85352192924051	5.43805884758642e-06	False	((1.1666666666666667, 0.5798029556650248), array([ 0.39742364, -0.57334348]))	False
APOLD1	ENHA_MAX;MYC	3.9598787346017	8.23992999486858e-27	False	((1.1333333333333335, -0.14630541871921177), array([ 0.39742364, -0.57334348]))	False
APOLD1	ENHA_NFYB;MYC	4.31773019944518	6.72032720745036e-30	False	((1.1333333333333335, 0.11379310344827598), array([ 0.39742364, -0.57334348]))	False
APOLD1	ENHA_RBPJ;MYC	4.77451710945568	2.3357994792489597e-34	False	((1.1, 0.36305418719211824), array([ 0.39742364, -0.57334348]))	False
APOLD1	ENHA_FOXO3;MYC	3.81886917684926	2.56347826575584e-24	False	((1.1, -0.6448275862068966), array([ 0.39742364, -0.57334348]))	False
APOLD1	ENHA_SP1;MYC	1.85352192924051	5.43805884758642e-06	False	((1.1666666666666667, 0.5798029556650248), array([ 0.39742364, -0.57334348]))	False
APOLD1	ENHA_TFAP2C;MYC	3.15061157092885	4.0531081663900703e-19	False	((1.1666666666666667, 0.7748768472906404), array([ 0.39742364, -0.57334348]))	False
APOLD1	ENHA_CREB1;NFYA	6.9039755315192	4.80122193592953e-50	False	((1.1, -0.9374384236453203), array([-0.98345365, -0.08843877]))	False
APOLD1	ENHA_SP1;NFYA	4.65031933075536	2.08809217100068e-32	False	((1.1666666666666667, 0.5798029556650248), array([-0.98345365, -0.08843877]))	False
APOLD1	ENHA_SRF;NFYA	5.92586738513799	1.50297833425924e-42	False	((1.1, 0.655665024630542), array([-0.98345365, -0.08843877]))	False
APOLD1	ENHA_SP1;NFYA	4.65031933075536	2.08809217100068e-32	False	((1.1666666666666667, 0.5798029556650248), array([-0.98345365, -0.08843877]))	False
APOLD1	ENHA_SP1;NFYA	4.65031933075536	2.08809217100068e-32	False	((1.1666666666666667, 0.5798029556650248), array([-0.98345365, -0.08843877]))	False
APOLD1	ENHA_NFYB;NFYA	6.54815428153105	2.05812166114312e-42	False	((1.1333333333333335, 0.11379310344827598), array([-0.98345365, -0.08843877]))	False
APOLD1	ENHA_SP1;NFYA	4.65031933075536	2.08809217100068e-32	False	((1.1666666666666667, 0.5798029556650248), array([-0.98345365, -0.08843877]))	False
APOLD1	ENHA_SP1;NFYA	4.65031933075536	2.08809217100068e-32	False	((1.1666666666666667, 0.5798029556650248), array([-0.98345365, -0.08843877]))	False
APOLD1	ENHA_SP1;NFYA	4.65031933075536	2.08809217100068e-32	False	((1.1666666666666667, 0.5798029556650248), array([-0.98345365, -0.08843877]))	False
APOLD1	ENHA_SREBF2;NFYA	5.04261772259098	2.45531403547936e-08	False	((1.1666666666666667, 0.6448275862068966), array([-0.98345365, -0.08843877]))	False
APOLD1	ENHA_SP1;NFYA	4.65031933075536	2.08809217100068e-32	False	((1.1666666666666667, 0.5798029556650248), array([-0.98345365, -0.08843877]))	False
APOLD1	ENHA_SP1;NFYA	4.65031933075536	2.08809217100068e-32	False	((1.1666666666666667, 0.5798029556650248), array([-0.98345365, -0.08843877]))	False
APOLD1	ENHA_SRF;NFYA	5.92586738513799	1.50297833425924e-42	False	((1.1, 0.655665024630542), array([-0.98345365, -0.08843877]))	False
APOLD1	ENHA_NFYB;NFYA	6.54815428153105	2.05812166114312e-42	False	((1.1333333333333335, 0.11379310344827598), array([-0.98345365, -0.08843877]))	False
APOLD1	ENHA_SP1;NFYA	4.65031933075536	2.08809217100068e-32	False	((1.1666666666666667, 0.5798029556650248), array([-0.98345365, -0.08843877]))	False
APOLD1	ENHA_SRF;NFYA	5.92586738513799	1.50297833425924e-42	False	((1.1, 0.655665024630542), array([-0.98345365, -0.08843877]))	False
APOLD1	ENHA_NFYB;NFYA	6.54815428153105	2.05812166114312e-42	False	((1.1333333333333335, 0.11379310344827598), array([-0.98345365, -0.08843877]))	False
APOLD1	ENHA_SP1;NFYA	4.65031933075536	2.08809217100068e-32	False	((1.1666666666666667, 0.5798029556650248), array([-0.98345365, -0.08843877]))	False
APOLD1	ENHA_SP1;NFYA	4.65031933075536	2.08809217100068e-32	False	((1.1666666666666667, 0.5798029556650248), array([-0.98345365, -0.08843877]))	False
APOLD1	ENHA_SREBF2;NFYA	5.04261772259098	2.45531403547936e-08	False	((1.1666666666666667, 0.6448275862068966), array([-0.98345365, -0.08843877]))	False
APOLD1	ENHA_SRF;NFYA	5.92586738513799	1.50297833425924e-42	False	((1.1, 0.655665024630542), array([-0.98345365, -0.08843877]))	False
APOLD1	ENHA_SRF;NFYA	5.92586738513799	1.50297833425924e-42	False	((1.1, 0.655665024630542), array([-0.98345365, -0.08843877]))	False
APOLD1	ENHA_SP1;NFYA	4.65031933075536	2.08809217100068e-32	False	((1.1666666666666667, 0.5798029556650248), array([-0.98345365, -0.08843877]))	False
APOLD1	ENHA_SREBF2;NFYA	5.04261772259098	2.45531403547936e-08	False	((1.1666666666666667, 0.6448275862068966), array([-0.98345365, -0.08843877]))	False
APOLD1	ENHA_CREB1;NFYA	6.9039755315192	4.80122193592953e-50	False	((1.1, -0.9374384236453203), array([-0.98345365, -0.08843877]))	False
APOLD1	ENHA_NFYB;NFYA	6.54815428153105	2.05812166114312e-42	False	((1.1333333333333335, 0.11379310344827598), array([-0.98345365, -0.08843877]))	False
APOLD1	ENHA_SP1;NFYA	4.65031933075536	2.08809217100068e-32	False	((1.1666666666666667, 0.5798029556650248), array([-0.98345365, -0.08843877]))	False
APOLD1	ENHA_CREB1;NFYA	6.9039755315192	4.80122193592953e-50	False	((1.1, -0.9374384236453203), array([-0.98345365, -0.08843877]))	False
APOLD1	ENHA_SRF;NFYA	5.92586738513799	1.50297833425924e-42	False	((1.1, 0.655665024630542), array([-0.98345365, -0.08843877]))	False
APOLD1	ENHA_SP1;NFYA	4.65031933075536	2.08809217100068e-32	False	((1.1666666666666667, 0.5798029556650248), array([-0.98345365, -0.08843877]))	False
APOLD1	ENHA_SP1;NFYA	4.65031933075536	2.08809217100068e-32	False	((1.1666666666666667, 0.5798029556650248), array([-0.98345365, -0.08843877]))	False
APOLD1	ENHA_SREBF2;NFYA	5.04261772259098	2.45531403547936e-08	False	((1.1666666666666667, 0.6448275862068966), array([-0.98345365, -0.08843877]))	False
APOLD1	ENHA_NFYB;NFYA	6.54815428153105	2.05812166114312e-42	False	((1.1333333333333335, 0.11379310344827598), array([-0.98345365, -0.08843877]))	False
APOLD1	ENHA_SP1;NFYA	4.65031933075536	2.08809217100068e-32	False	((1.1666666666666667, 0.5798029556650248), array([-0.98345365, -0.08843877]))	False
APOLD1	ENHA_SRF;NFYA	5.92586738513799	1.50297833425924e-42	False	((1.1, 0.655665024630542), array([-0.98345365, -0.08843877]))	False
APOLD1	ENHA_IRF1;TRIM28	2.2933905326728	5.7424210525812195e-11	False	((1.1333333333333335, -0.4064039408866995), array([ 0.26067213, -0.7206316 ]))	False
APOLD1	ENHA_NR4A1;TRIM28	3.90227320162996	3.40748743447432e-23	False	((1.1333333333333335, 0.2113300492610839), array([ 0.26067213, -0.7206316 ]))	False
APOLD1	ENHA_STAT3;TRIM28	4.97629812028831	1.81496759568348e-32	False	((1.1666666666666667, 0.6773399014778327), array([ 0.26067213, -0.7206316 ]))	False
APOLD1	ENHA_E2F3;TRIM28	4.57703939427343	1.63150924304878e-12	False	((1.1666666666666667, -0.8832512315270937), array([ 0.26067213, -0.7206316 ]))	False
APOLD1	ENHA_IRF1;TRIM28	2.2933905326728	5.7424210525812195e-11	False	((1.1333333333333335, -0.4064039408866995), array([ 0.26067213, -0.7206316 ]))	False
APOLD1	ENHA_ZNF274;TRIM28	4.38070881480257	8.617527332300141e-24	False	((1.1666666666666667, 1.0674876847290644), array([ 0.26067213, -0.7206316 ]))	False
APOLD1	ENHA_IRF1;TRIM28	2.2933905326728	5.7424210525812195e-11	False	((1.1333333333333335, -0.4064039408866995), array([ 0.26067213, -0.7206316 ]))	False
APOLD1	ENHA_ZNF274;TRIM28	4.38070881480257	8.617527332300141e-24	False	((1.1666666666666667, 1.0674876847290644), array([ 0.26067213, -0.7206316 ]))	False
APOLD1	ENHA_TFE3;TRIM28	5.14131200547093	5.43339934502924e-29	False	((1.1, 0.8182266009852219), array([ 0.26067213, -0.7206316 ]))	False
APOLD1	ENHA_IRF1;TRIM28	2.2933905326728	5.7424210525812195e-11	False	((1.1333333333333335, -0.4064039408866995), array([ 0.26067213, -0.7206316 ]))	False
APOLD1	ENHA_TP53;TRIM28	3.6101489457026	1.82554717100716e-20	False	((1.1666666666666667, 0.8724137931034484), array([ 0.26067213, -0.7206316 ]))	False
APOLD1	ENHA_E2F3;TRIM28	4.57703939427343	1.63150924304878e-12	False	((1.1666666666666667, -0.8832512315270937), array([ 0.26067213, -0.7206316 ]))	False
APOLD1	ENHA_STAT3;TRIM28	4.97629812028831	1.81496759568348e-32	False	((1.1666666666666667, 0.6773399014778327), array([ 0.26067213, -0.7206316 ]))	False
APOLD1	ENHA_TP53;TRIM28	3.6101489457026	1.82554717100716e-20	False	((1.1666666666666667, 0.8724137931034484), array([ 0.26067213, -0.7206316 ]))	False
APOLD1	ENHA_NR3C1;TRIM28	4.18280424872917	8.74913854995873e-26	False	((1.1666666666666667, 0.18965517241379315), array([ 0.26067213, -0.7206316 ]))	False
APOLD1	ENHA_IRF1;TRIM28	2.2933905326728	5.7424210525812195e-11	False	((1.1333333333333335, -0.4064039408866995), array([ 0.26067213, -0.7206316 ]))	False
APOLD1	ENHA_NR4A1;TRIM28	3.90227320162996	3.40748743447432e-23	False	((1.1333333333333335, 0.2113300492610839), array([ 0.26067213, -0.7206316 ]))	False
APOLD1	ENHA_TFE3;TRIM28	5.14131200547093	5.43339934502924e-29	False	((1.1, 0.8182266009852219), array([ 0.26067213, -0.7206316 ]))	False
APOLD1	ENHA_IRF7;TRIM28	4.00153248017512	7.05046525825185e-24	False	((1.1666666666666667, -0.36305418719211824), array([ 0.26067213, -0.7206316 ]))	False
APOLD1	ENHA_TFE3;TRIM28	5.14131200547093	5.43339934502924e-29	False	((1.1, 0.8182266009852219), array([ 0.26067213, -0.7206316 ]))	False
APOLD1	ENHA_IRF1;TRIM28	2.2933905326728	5.7424210525812195e-11	False	((1.1333333333333335, -0.4064039408866995), array([ 0.26067213, -0.7206316 ]))	False
APOLD1	ENHA_CEBPB;TRIM28	3.47691912958186	1.4253817675573e-21	False	((1.1, -0.9699507389162563), array([ 0.26067213, -0.7206316 ]))	False
APOLD1	ENHA_MYC;TRIM28	5.02446132596117	2.60654920954936e-29	False	((1.1666666666666667, -0.005418719211822687), array([ 0.26067213, -0.7206316 ]))	False
APOLD1	ENHA_IRF7;TRIM28	4.00153248017512	7.05046525825185e-24	False	((1.1666666666666667, -0.36305418719211824), array([ 0.26067213, -0.7206316 ]))	False
APOLD1	ENHA_ZNF274;TRIM28	4.38070881480257	8.617527332300141e-24	False	((1.1666666666666667, 1.0674876847290644), array([ 0.26067213, -0.7206316 ]))	False
APOLD1	ENHA_STAT3;TRIM28	4.97629812028831	1.81496759568348e-32	False	((1.1666666666666667, 0.6773399014778327), array([ 0.26067213, -0.7206316 ]))	False
APOLD1	ENHA_NR3C1;TRIM28	4.18280424872917	8.74913854995873e-26	False	((1.1666666666666667, 0.18965517241379315), array([ 0.26067213, -0.7206316 ]))	False
APOLD1	ENHA_IRF1;TRIM28	2.2933905326728	5.7424210525812195e-11	False	((1.1333333333333335, -0.4064039408866995), array([ 0.26067213, -0.7206316 ]))	False
APOLD1	ENHA_STAT3;TRIM28	4.97629812028831	1.81496759568348e-32	False	((1.1666666666666667, 0.6773399014778327), array([ 0.26067213, -0.7206316 ]))	False
APOLD1	ENHA_NFE2L2;TRIM28	4.33398319494991	4.18167028056265e-27	False	((1.1666666666666667, 0.027093596059113434), array([ 0.26067213, -0.7206316 ]))	False
APOLD1	ENHA_TFE3;TRIM28	5.14131200547093	5.43339934502924e-29	False	((1.1, 0.8182266009852219), array([ 0.26067213, -0.7206316 ]))	False
APOLD1	ENHA_IRF1;TRIM28	2.2933905326728	5.7424210525812195e-11	False	((1.1333333333333335, -0.4064039408866995), array([ 0.26067213, -0.7206316 ]))	False
APOLD1	ENHA_CEBPB;TRIM28	3.47691912958186	1.4253817675573e-21	False	((1.1, -0.9699507389162563), array([ 0.26067213, -0.7206316 ]))	False
APOLD1	ENHA_MYC;TRIM28	5.02446132596117	2.60654920954936e-29	False	((1.1666666666666667, -0.005418719211822687), array([ 0.26067213, -0.7206316 ]))	False
APOLD1	ENHA_IRF7;TRIM28	4.00153248017512	7.05046525825185e-24	False	((1.1666666666666667, -0.36305418719211824), array([ 0.26067213, -0.7206316 ]))	False
APOLD1	ENHA_IRF1;TRIM28	2.2933905326728	5.7424210525812195e-11	False	((1.1333333333333335, -0.4064039408866995), array([ 0.26067213, -0.7206316 ]))	False
APOLD1	ENHA_TP53;TRIM28	3.6101489457026	1.82554717100716e-20	False	((1.1666666666666667, 0.8724137931034484), array([ 0.26067213, -0.7206316 ]))	False
APOLD1	ENHA_IRF1;TRIM28	2.2933905326728	5.7424210525812195e-11	False	((1.1333333333333335, -0.4064039408866995), array([ 0.26067213, -0.7206316 ]))	False
APOLD1	ENHA_CEBPB;TRIM28	3.47691912958186	1.4253817675573e-21	False	((1.1, -0.9699507389162563), array([ 0.26067213, -0.7206316 ]))	False
APOLD1	ENHA_TP53;TRIM28	3.6101489457026	1.82554717100716e-20	False	((1.1666666666666667, 0.8724137931034484), array([ 0.26067213, -0.7206316 ]))	False
APOLD1	ENHA_MYB;TRIM28	4.30491320773977	3.90044153916447e-22	False	((1.1333333333333335, -0.01625615763546784), array([ 0.26067213, -0.7206316 ]))	False
APOLD1	ENHA_NR4A1;TRIM28	3.90227320162996	3.40748743447432e-23	False	((1.1333333333333335, 0.2113300492610839), array([ 0.26067213, -0.7206316 ]))	False
APOLD1	ENHA_TP53;TRIM28	3.6101489457026	1.82554717100716e-20	False	((1.1666666666666667, 0.8724137931034484), array([ 0.26067213, -0.7206316 ]))	False
APOLD1	ENHA_NR4A1;TRIM28	3.90227320162996	3.40748743447432e-23	False	((1.1333333333333335, 0.2113300492610839), array([ 0.26067213, -0.7206316 ]))	False
APOLD1	ENHA_TP53;TRIM28	3.6101489457026	1.82554717100716e-20	False	((1.1666666666666667, 0.8724137931034484), array([ 0.26067213, -0.7206316 ]))	False
APOLD1	ENHA_MYC;TRIM28	5.02446132596117	2.60654920954936e-29	False	((1.1666666666666667, -0.005418719211822687), array([ 0.26067213, -0.7206316 ]))	False
APOLD1	ENHA_NFE2L2;TRIM28	4.33398319494991	4.18167028056265e-27	False	((1.1666666666666667, 0.027093596059113434), array([ 0.26067213, -0.7206316 ]))	False
APOLD1	ENHA_NR4A1;TRIM28	3.90227320162996	3.40748743447432e-23	False	((1.1333333333333335, 0.2113300492610839), array([ 0.26067213, -0.7206316 ]))	False
APOLD1	ENHA_IRF1;TRIM28	2.2933905326728	5.7424210525812195e-11	False	((1.1333333333333335, -0.4064039408866995), array([ 0.26067213, -0.7206316 ]))	False
APOLD1	ENHA_NR4A1;TRIM28	3.90227320162996	3.40748743447432e-23	False	((1.1333333333333335, 0.2113300492610839), array([ 0.26067213, -0.7206316 ]))	False
APOLD1	ENHA_TFE3;TRIM28	5.14131200547093	5.43339934502924e-29	False	((1.1, 0.8182266009852219), array([ 0.26067213, -0.7206316 ]))	False
APOLD1	ENHA_IRF1;TRIM28	2.2933905326728	5.7424210525812195e-11	False	((1.1333333333333335, -0.4064039408866995), array([ 0.26067213, -0.7206316 ]))	False
APOLD1	ENHA_CEBPB;TRIM28	3.47691912958186	1.4253817675573e-21	False	((1.1, -0.9699507389162563), array([ 0.26067213, -0.7206316 ]))	False
APOLD1	ENHA_NR4A1;TRIM28	3.90227320162996	3.40748743447432e-23	False	((1.1333333333333335, 0.2113300492610839), array([ 0.26067213, -0.7206316 ]))	False
APOLD1	ENHA_MYC;TRIM28	5.02446132596117	2.60654920954936e-29	False	((1.1666666666666667, -0.005418719211822687), array([ 0.26067213, -0.7206316 ]))	False
APOLD1	ENHA_NR3C1;TRIM28	4.18280424872917	8.74913854995873e-26	False	((1.1666666666666667, 0.18965517241379315), array([ 0.26067213, -0.7206316 ]))	False
APOLD1	ENHA_CEBPB;TRIM28	3.47691912958186	1.4253817675573e-21	False	((1.1, -0.9699507389162563), array([ 0.26067213, -0.7206316 ]))	False
APOLD1	ENHA_NR4A1;TRIM28	3.90227320162996	3.40748743447432e-23	False	((1.1333333333333335, 0.2113300492610839), array([ 0.26067213, -0.7206316 ]))	False
APOLD1	ENHA_ZNF274;TRIM28	4.38070881480257	8.617527332300141e-24	False	((1.1666666666666667, 1.0674876847290644), array([ 0.26067213, -0.7206316 ]))	False
APOLD1	ENHA_IRF1;TRIM28	2.2933905326728	5.7424210525812195e-11	False	((1.1333333333333335, -0.4064039408866995), array([ 0.26067213, -0.7206316 ]))	False
APOLD1	ENHA_MYB;TRIM28	4.30491320773977	3.90044153916447e-22	False	((1.1333333333333335, -0.01625615763546784), array([ 0.26067213, -0.7206316 ]))	False
APOLD1	ENHA_ZNF274;TRIM28	4.38070881480257	8.617527332300141e-24	False	((1.1666666666666667, 1.0674876847290644), array([ 0.26067213, -0.7206316 ]))	False
APOLD1	ENHA_IRF1;TRIM28	2.2933905326728	5.7424210525812195e-11	False	((1.1333333333333335, -0.4064039408866995), array([ 0.26067213, -0.7206316 ]))	False
APOLD1	ENHA_TP53;TRIM28	3.6101489457026	1.82554717100716e-20	False	((1.1666666666666667, 0.8724137931034484), array([ 0.26067213, -0.7206316 ]))	False
APOLD1	ENHA_E2F3;TRIM28	4.57703939427343	1.63150924304878e-12	False	((1.1666666666666667, -0.8832512315270937), array([ 0.26067213, -0.7206316 ]))	False
APOLD1	ENHA_NR3C1;TRIM28	4.18280424872917	8.74913854995873e-26	False	((1.1666666666666667, 0.18965517241379315), array([ 0.26067213, -0.7206316 ]))	False
APOLD1	ENHA_E2F3;TRIM28	4.57703939427343	1.63150924304878e-12	False	((1.1666666666666667, -0.8832512315270937), array([ 0.26067213, -0.7206316 ]))	False
APOLD1	ENHA_IRF1;TRIM28	2.2933905326728	5.7424210525812195e-11	False	((1.1333333333333335, -0.4064039408866995), array([ 0.26067213, -0.7206316 ]))	False
APOLD1	ENHA_CEBPB;TRIM28	3.47691912958186	1.4253817675573e-21	False	((1.1, -0.9699507389162563), array([ 0.26067213, -0.7206316 ]))	False
APOLD1	ENHA_STAT3;TRIM28	4.97629812028831	1.81496759568348e-32	False	((1.1666666666666667, 0.6773399014778327), array([ 0.26067213, -0.7206316 ]))	False
APOLD1	ENHA_NR3C1;TRIM28	4.18280424872917	8.74913854995873e-26	False	((1.1666666666666667, 0.18965517241379315), array([ 0.26067213, -0.7206316 ]))	False
APOLD1	ENHA_IRF1;TRIM28	2.2933905326728	5.7424210525812195e-11	False	((1.1333333333333335, -0.4064039408866995), array([ 0.26067213, -0.7206316 ]))	False
APOLD1	ENHA_NR4A1;TRIM28	3.90227320162996	3.40748743447432e-23	False	((1.1333333333333335, 0.2113300492610839), array([ 0.26067213, -0.7206316 ]))	False
APOLD1	ENHA_STAT3;TRIM28	4.97629812028831	1.81496759568348e-32	False	((1.1666666666666667, 0.6773399014778327), array([ 0.26067213, -0.7206316 ]))	False
APOLD1	ENHA_NR4A1;TRIM28	3.90227320162996	3.40748743447432e-23	False	((1.1333333333333335, 0.2113300492610839), array([ 0.26067213, -0.7206316 ]))	False
APOLD1	ENHA_ZNF274;TRIM28	4.38070881480257	8.617527332300141e-24	False	((1.1666666666666667, 1.0674876847290644), array([ 0.26067213, -0.7206316 ]))	False
APOLD1	ENHA_NR4A1;TRIM28	3.90227320162996	3.40748743447432e-23	False	((1.1333333333333335, 0.2113300492610839), array([ 0.26067213, -0.7206316 ]))	False
APOLD1	ENHA_MEF2A;SUMO1	2.44260667398503	4.931254560520699e-12	False	((1.1, -0.12463054187192113), array([0.37835663, 0.16379528]))	False
APOLD1	ENHA_ATF2;SUMO1	6.01616133136125	7.69475965278597e-42	False	((1.1666666666666667, -1.0783251231527093), array([0.37835663, 0.16379528]))	False
APOLD1	ENHA_RARA;SUMO1	3.60397635860525	7.79593343784315e-24	False	((1.1666666666666667, 0.3522167487684731), array([0.37835663, 0.16379528]))	False
APOLD1	ENHA_PRDM1;SUMO1	2.63891160665459	4.7484072482637e-14	False	((1.1, 0.33054187192118234), array([0.37835663, 0.16379528]))	False
APOLD1	ENHA_IRF1;SUMO1	2.18599377933849	1.4277467065269e-09	False	((1.1333333333333335, -0.4064039408866995), array([0.37835663, 0.16379528]))	False
APOLD1	ENHA_MEF2A;SUMO1	2.44260667398503	4.931254560520699e-12	False	((1.1, -0.12463054187192113), array([0.37835663, 0.16379528]))	False
APOLD1	ENHA_PRDM1;SUMO1	2.63891160665459	4.7484072482637e-14	False	((1.1, 0.33054187192118234), array([0.37835663, 0.16379528]))	False
APOLD1	ENHA_ZBTB26;SUMO1	4.42995303636142	9.53637943809964e-31	False	((1.1666666666666667, 0.9699507389162565), array([0.37835663, 0.16379528]))	False
APOLD1	ENHA_IRF1;SUMO1	2.18599377933849	1.4277467065269e-09	False	((1.1333333333333335, -0.4064039408866995), array([0.37835663, 0.16379528]))	False
APOLD1	ENHA_RARA;SUMO1	3.60397635860525	7.79593343784315e-24	False	((1.1666666666666667, 0.3522167487684731), array([0.37835663, 0.16379528]))	False
APOLD1	ENHA_PRDM1;SUMO1	2.63891160665459	4.7484072482637e-14	False	((1.1, 0.33054187192118234), array([0.37835663, 0.16379528]))	False
APOLD1	ENHA_IRF1;SUMO1	2.18599377933849	1.4277467065269e-09	False	((1.1333333333333335, -0.4064039408866995), array([0.37835663, 0.16379528]))	False
APOLD1	ENHA_ATF2;SUMO1	6.01616133136125	7.69475965278597e-42	False	((1.1666666666666667, -1.0783251231527093), array([0.37835663, 0.16379528]))	False
APOLD1	ENHA_IRF1;SUMO1	2.18599377933849	1.4277467065269e-09	False	((1.1333333333333335, -0.4064039408866995), array([0.37835663, 0.16379528]))	False
APOLD1	ENHA_MEF2A;SUMO1	2.44260667398503	4.931254560520699e-12	False	((1.1, -0.12463054187192113), array([0.37835663, 0.16379528]))	False
APOLD1	ENHA_ZBTB26;SUMO1	4.42995303636142	9.53637943809964e-31	False	((1.1666666666666667, 0.9699507389162565), array([0.37835663, 0.16379528]))	False
APOLD1	ENHA_HSF1;SUMO1	4.47557332758364	6.790552710819551e-31	False	((1.1666666666666667, -0.42807881773399015), array([0.37835663, 0.16379528]))	False
APOLD1	ENHA_MITF;SUMO1	4.66488340571233	3.36752048299643e-30	False	((1.1333333333333335, -0.08128078817733986), array([0.37835663, 0.16379528]))	False
APOLD1	ENHA_TP73;SUMO1	5.58155454442583	3.5244529210125103e-38	False	((1.1, 0.8832512315270937), array([0.37835663, 0.16379528]))	False
APOLD1	ENHA_IRF1;SUMO1	2.18599377933849	1.4277467065269e-09	False	((1.1333333333333335, -0.4064039408866995), array([0.37835663, 0.16379528]))	False
APOLD1	ENHA_MEF2A;SUMO1	2.44260667398503	4.931254560520699e-12	False	((1.1, -0.12463054187192113), array([0.37835663, 0.16379528]))	False
APOLD1	ENHA_TP53;SUMO1	4.79122567618691	1.96139460961375e-34	False	((1.1666666666666667, 0.8724137931034484), array([0.37835663, 0.16379528]))	False
APOLD1	ENHA_HSF1;SUMO1	4.47557332758364	6.790552710819551e-31	False	((1.1666666666666667, -0.42807881773399015), array([0.37835663, 0.16379528]))	False
APOLD1	ENHA_MITF;SUMO1	4.66488340571233	3.36752048299643e-30	False	((1.1333333333333335, -0.08128078817733986), array([0.37835663, 0.16379528]))	False
APOLD1	ENHA_HSF1;SUMO1	4.47557332758364	6.790552710819551e-31	False	((1.1666666666666667, -0.42807881773399015), array([0.37835663, 0.16379528]))	False
APOLD1	ENHA_MEF2A;SUMO1	2.44260667398503	4.931254560520699e-12	False	((1.1, -0.12463054187192113), array([0.37835663, 0.16379528]))	False
APOLD1	ENHA_TP53;SUMO1	4.79122567618691	1.96139460961375e-34	False	((1.1666666666666667, 0.8724137931034484), array([0.37835663, 0.16379528]))	False
APOLD1	ENHA_IRF1;SUMO1	2.18599377933849	1.4277467065269e-09	False	((1.1333333333333335, -0.4064039408866995), array([0.37835663, 0.16379528]))	False
APOLD1	ENHA_MEF2A;SUMO1	2.44260667398503	4.931254560520699e-12	False	((1.1, -0.12463054187192113), array([0.37835663, 0.16379528]))	False
APOLD1	ENHA_RARA;SUMO1	3.60397635860525	7.79593343784315e-24	False	((1.1666666666666667, 0.3522167487684731), array([0.37835663, 0.16379528]))	False
APOLD1	ENHA_PRDM1;SUMO1	2.63891160665459	4.7484072482637e-14	False	((1.1, 0.33054187192118234), array([0.37835663, 0.16379528]))	False
APOLD1	ENHA_IRF1;SUMO1	2.18599377933849	1.4277467065269e-09	False	((1.1333333333333335, -0.4064039408866995), array([0.37835663, 0.16379528]))	False
APOLD1	ENHA_AR;SUMO1	5.12218887864401	2.9402393447070403e-35	False	((1.1, -1.1), array([0.37835663, 0.16379528]))	False
APOLD1	ENHA_MEF2A;SUMO1	2.44260667398503	4.931254560520699e-12	False	((1.1, -0.12463054187192113), array([0.37835663, 0.16379528]))	False
APOLD1	ENHA_RARA;SUMO1	3.60397635860525	7.79593343784315e-24	False	((1.1666666666666667, 0.3522167487684731), array([0.37835663, 0.16379528]))	False
APOLD1	ENHA_IRF1;SUMO1	2.18599377933849	1.4277467065269e-09	False	((1.1333333333333335, -0.4064039408866995), array([0.37835663, 0.16379528]))	False
APOLD1	ENHA_ATF2;SUMO1	6.01616133136125	7.69475965278597e-42	False	((1.1666666666666667, -1.0783251231527093), array([0.37835663, 0.16379528]))	False
APOLD1	ENHA_PRDM1;SUMO1	2.63891160665459	4.7484072482637e-14	False	((1.1, 0.33054187192118234), array([0.37835663, 0.16379528]))	False
APOLD1	ENHA_HIF1A;SUMO1	4.84387063960076	1.80274401242081e-21	False	((1.1, -0.5147783251231527), array([0.37835663, 0.16379528]))	False
APOLD1	ENHA_IRF1;SUMO1	2.18599377933849	1.4277467065269e-09	False	((1.1333333333333335, -0.4064039408866995), array([0.37835663, 0.16379528]))	False
APOLD1	ENHA_MEF2A;SUMO1	2.44260667398503	4.931254560520699e-12	False	((1.1, -0.12463054187192113), array([0.37835663, 0.16379528]))	False
APOLD1	ENHA_MITF;SUMO1	4.66488340571233	3.36752048299643e-30	False	((1.1333333333333335, -0.08128078817733986), array([0.37835663, 0.16379528]))	False
APOLD1	ENHA_IRF1;SUMO1	2.18599377933849	1.4277467065269e-09	False	((1.1333333333333335, -0.4064039408866995), array([0.37835663, 0.16379528]))	False
APOLD1	ENHA_ATF2;SUMO1	6.01616133136125	7.69475965278597e-42	False	((1.1666666666666667, -1.0783251231527093), array([0.37835663, 0.16379528]))	False
APOLD1	ENHA_AR;SUMO1	5.12218887864401	2.9402393447070403e-35	False	((1.1, -1.1), array([0.37835663, 0.16379528]))	False
APOLD1	ENHA_PRDM1;SUMO1	2.63891160665459	4.7484072482637e-14	False	((1.1, 0.33054187192118234), array([0.37835663, 0.16379528]))	False
APOLD1	ENHA_AR;SUMO1	5.12218887864401	2.9402393447070403e-35	False	((1.1, -1.1), array([0.37835663, 0.16379528]))	False
APOLD1	ENHA_PRDM1;SUMO1	2.63891160665459	4.7484072482637e-14	False	((1.1, 0.33054187192118234), array([0.37835663, 0.16379528]))	False
APOLD1	ENHA_HSF1;SUMO1	4.47557332758364	6.790552710819551e-31	False	((1.1666666666666667, -0.42807881773399015), array([0.37835663, 0.16379528]))	False
APOLD1	ENHA_IRF1;SUMO1	2.18599377933849	1.4277467065269e-09	False	((1.1333333333333335, -0.4064039408866995), array([0.37835663, 0.16379528]))	False
APOLD1	ENHA_MEF2A;SUMO1	2.44260667398503	4.931254560520699e-12	False	((1.1, -0.12463054187192113), array([0.37835663, 0.16379528]))	False
APOLD1	ENHA_IRF1;SUMO1	2.18599377933849	1.4277467065269e-09	False	((1.1333333333333335, -0.4064039408866995), array([0.37835663, 0.16379528]))	False
APOLD1	ENHA_MEF2A;SUMO1	2.44260667398503	4.931254560520699e-12	False	((1.1, -0.12463054187192113), array([0.37835663, 0.16379528]))	False
APOLD1	ENHA_PRDM1;SUMO1	2.63891160665459	4.7484072482637e-14	False	((1.1, 0.33054187192118234), array([0.37835663, 0.16379528]))	False
APOLD1	ENHA_MEF2A;SUMO1	2.44260667398503	4.931254560520699e-12	False	((1.1, -0.12463054187192113), array([0.37835663, 0.16379528]))	False
APOLD1	ENHA_HIF1A;SUMO1	4.84387063960076	1.80274401242081e-21	False	((1.1, -0.5147783251231527), array([0.37835663, 0.16379528]))	False
APOLD1	ENHA_IRF1;SUMO1	2.18599377933849	1.4277467065269e-09	False	((1.1333333333333335, -0.4064039408866995), array([0.37835663, 0.16379528]))	False
APOLD1	ENHA_ZBTB26;SUMO1	4.42995303636142	9.53637943809964e-31	False	((1.1666666666666667, 0.9699507389162565), array([0.37835663, 0.16379528]))	False
APOLD1	ENHA_TP73;SUMO1	5.58155454442583	3.5244529210125103e-38	False	((1.1, 0.8832512315270937), array([0.37835663, 0.16379528]))	False
APOLD1	ENHA_IRF1;SUMO1	2.18599377933849	1.4277467065269e-09	False	((1.1333333333333335, -0.4064039408866995), array([0.37835663, 0.16379528]))	False
APOLD1	ENHA_TP53;SUMO1	4.79122567618691	1.96139460961375e-34	False	((1.1666666666666667, 0.8724137931034484), array([0.37835663, 0.16379528]))	False
APOLD1	ENHA_PRDM1;SUMO1	2.63891160665459	4.7484072482637e-14	False	((1.1, 0.33054187192118234), array([0.37835663, 0.16379528]))	False
APOLD1	ENHA_TP73;SUMO1	5.58155454442583	3.5244529210125103e-38	False	((1.1, 0.8832512315270937), array([0.37835663, 0.16379528]))	False
APOLD1	ENHA_IRF1;SUMO1	2.18599377933849	1.4277467065269e-09	False	((1.1333333333333335, -0.4064039408866995), array([0.37835663, 0.16379528]))	False
APOLD1	ENHA_TP53;SUMO1	4.79122567618691	1.96139460961375e-34	False	((1.1666666666666667, 0.8724137931034484), array([0.37835663, 0.16379528]))	False
APOLD1	ENHA_TP53;SUMO1	4.79122567618691	1.96139460961375e-34	False	((1.1666666666666667, 0.8724137931034484), array([0.37835663, 0.16379528]))	False
APOLD1	ENHA_MEF2A;SUMO1	2.44260667398503	4.931254560520699e-12	False	((1.1, -0.12463054187192113), array([0.37835663, 0.16379528]))	False
APOLD1	ENHA_AR;SUMO1	5.12218887864401	2.9402393447070403e-35	False	((1.1, -1.1), array([0.37835663, 0.16379528]))	False
APOLD1	ENHA_IRF1;SUMO1	2.18599377933849	1.4277467065269e-09	False	((1.1333333333333335, -0.4064039408866995), array([0.37835663, 0.16379528]))	False
APOLD1	ENHA_RARA;SUMO1	3.60397635860525	7.79593343784315e-24	False	((1.1666666666666667, 0.3522167487684731), array([0.37835663, 0.16379528]))	False
APOLD1	ENHA_MEF2A;SUMO1	2.44260667398503	4.931254560520699e-12	False	((1.1, -0.12463054187192113), array([0.37835663, 0.16379528]))	False
APOLD1	ENHA_TP53;SUMO1	4.79122567618691	1.96139460961375e-34	False	((1.1666666666666667, 0.8724137931034484), array([0.37835663, 0.16379528]))	False
APOLD1	ENHA_IRF1;SUMO1	2.18599377933849	1.4277467065269e-09	False	((1.1333333333333335, -0.4064039408866995), array([0.37835663, 0.16379528]))	False
APOLD1	ENHA_MEF2A;SUMO1	2.44260667398503	4.931254560520699e-12	False	((1.1, -0.12463054187192113), array([0.37835663, 0.16379528]))	False
APOLD1	ENHA_RARA;SUMO1	3.60397635860525	7.79593343784315e-24	False	((1.1666666666666667, 0.3522167487684731), array([0.37835663, 0.16379528]))	False
APOLD1	ENHA_ZBTB26;SUMO1	4.42995303636142	9.53637943809964e-31	False	((1.1666666666666667, 0.9699507389162565), array([0.37835663, 0.16379528]))	False
APOLD1	ENHA_TFCP2;SUMO1	4.39999532933606	2.8331841696318198e-18	False	((1.1333333333333335, 0.7965517241379312), array([0.37835663, 0.16379528]))	False
APOLD1	ENHA_IRF1;SUMO1	2.18599377933849	1.4277467065269e-09	False	((1.1333333333333335, -0.4064039408866995), array([0.37835663, 0.16379528]))	False
APOLD1	ENHA_MEF2A;SUMO1	2.44260667398503	4.931254560520699e-12	False	((1.1, -0.12463054187192113), array([0.37835663, 0.16379528]))	False
APOLD1	ENHA_MITF;SUMO1	4.66488340571233	3.36752048299643e-30	False	((1.1333333333333335, -0.08128078817733986), array([0.37835663, 0.16379528]))	False
APOLD1	ENHA_MEF2A;SUMO1	2.44260667398503	4.931254560520699e-12	False	((1.1, -0.12463054187192113), array([0.37835663, 0.16379528]))	False
APOLD1	ENHA_ETV6;SUMO1	4.88318868526071	3.55729216717089e-25	False	((1.1666666666666667, -0.7206896551724138), array([0.37835663, 0.16379528]))	False
APOLD1	ENHA_MEF2A;SUMO1	2.44260667398503	4.931254560520699e-12	False	((1.1, -0.12463054187192113), array([0.37835663, 0.16379528]))	False
APOLD1	ENHA_RARA;SUMO1	3.60397635860525	7.79593343784315e-24	False	((1.1666666666666667, 0.3522167487684731), array([0.37835663, 0.16379528]))	False
APOLD1	ENHA_PRDM1;SUMO1	2.63891160665459	4.7484072482637e-14	False	((1.1, 0.33054187192118234), array([0.37835663, 0.16379528]))	False
APOLD1	ENHA_MEF2A;SUMO1	2.44260667398503	4.931254560520699e-12	False	((1.1, -0.12463054187192113), array([0.37835663, 0.16379528]))	False
APOLD1	ENHA_IRF1;SUMO1	2.18599377933849	1.4277467065269e-09	False	((1.1333333333333335, -0.4064039408866995), array([0.37835663, 0.16379528]))	False
APOLD1	ENHA_ATF2;SUMO1	6.01616133136125	7.69475965278597e-42	False	((1.1666666666666667, -1.0783251231527093), array([0.37835663, 0.16379528]))	False
APOLD1	ENHA_HIF1A;SUMO1	4.84387063960076	1.80274401242081e-21	False	((1.1, -0.5147783251231527), array([0.37835663, 0.16379528]))	False
APOLD1	ENHA_IRF1;SUMO1	2.18599377933849	1.4277467065269e-09	False	((1.1333333333333335, -0.4064039408866995), array([0.37835663, 0.16379528]))	False
APOLD1	ENHA_MEF2A;SUMO1	2.44260667398503	4.931254560520699e-12	False	((1.1, -0.12463054187192113), array([0.37835663, 0.16379528]))	False
APOLD1	ENHA_ZBTB26;SUMO1	4.42995303636142	9.53637943809964e-31	False	((1.1666666666666667, 0.9699507389162565), array([0.37835663, 0.16379528]))	False
APOLD1	ENHA_AR;SUMO1	5.12218887864401	2.9402393447070403e-35	False	((1.1, -1.1), array([0.37835663, 0.16379528]))	False
APOLD1	ENHA_ZBTB26;SUMO1	4.42995303636142	9.53637943809964e-31	False	((1.1666666666666667, 0.9699507389162565), array([0.37835663, 0.16379528]))	False
APOLD1	ENHA_HSF1;SUMO1	4.47557332758364	6.790552710819551e-31	False	((1.1666666666666667, -0.42807881773399015), array([0.37835663, 0.16379528]))	False
APOLD1	ENHA_IRF1;SUMO1	2.18599377933849	1.4277467065269e-09	False	((1.1333333333333335, -0.4064039408866995), array([0.37835663, 0.16379528]))	False
APOLD1	ENHA_PRDM1;SUMO1	2.63891160665459	4.7484072482637e-14	False	((1.1, 0.33054187192118234), array([0.37835663, 0.16379528]))	False
APOLD1	ENHA_IRF1;SUMO1	2.18599377933849	1.4277467065269e-09	False	((1.1333333333333335, -0.4064039408866995), array([0.37835663, 0.16379528]))	False
APOLD1	ENHA_MEF2A;SUMO1	2.44260667398503	4.931254560520699e-12	False	((1.1, -0.12463054187192113), array([0.37835663, 0.16379528]))	False
APOLD1	ENHA_TP53;SUMO1	4.79122567618691	1.96139460961375e-34	False	((1.1666666666666667, 0.8724137931034484), array([0.37835663, 0.16379528]))	False
APOLD1	ENHA_AR;SUMO1	5.12218887864401	2.9402393447070403e-35	False	((1.1, -1.1), array([0.37835663, 0.16379528]))	False
APOLD1	ENHA_ZBTB26;SUMO1	4.42995303636142	9.53637943809964e-31	False	((1.1666666666666667, 0.9699507389162565), array([0.37835663, 0.16379528]))	False
APOLD1	ENHA_PRDM1;SUMO1	2.63891160665459	4.7484072482637e-14	False	((1.1, 0.33054187192118234), array([0.37835663, 0.16379528]))	False
APOLD1	ENHA_ZBTB26;SUMO1	4.42995303636142	9.53637943809964e-31	False	((1.1666666666666667, 0.9699507389162565), array([0.37835663, 0.16379528]))	False
APOLD1	ENHA_HSF1;SUMO1	4.47557332758364	6.790552710819551e-31	False	((1.1666666666666667, -0.42807881773399015), array([0.37835663, 0.16379528]))	False
APOLD1	ENHA_IRF1;SUMO1	2.18599377933849	1.4277467065269e-09	False	((1.1333333333333335, -0.4064039408866995), array([0.37835663, 0.16379528]))	False
APOLD1	ENHA_ETV6;SUMO1	4.88318868526071	3.55729216717089e-25	False	((1.1666666666666667, -0.7206896551724138), array([0.37835663, 0.16379528]))	False
APOLD1	ENHA_PRDM1;SUMO1	2.63891160665459	4.7484072482637e-14	False	((1.1, 0.33054187192118234), array([0.37835663, 0.16379528]))	False
APOLD1	ENHA_IRF1;SUMO1	2.18599377933849	1.4277467065269e-09	False	((1.1333333333333335, -0.4064039408866995), array([0.37835663, 0.16379528]))	False
APOLD1	ENHA_MEF2A;SUMO1	2.44260667398503	4.931254560520699e-12	False	((1.1, -0.12463054187192113), array([0.37835663, 0.16379528]))	False
APOLD1	ENHA_AR;SUMO1	5.12218887864401	2.9402393447070403e-35	False	((1.1, -1.1), array([0.37835663, 0.16379528]))	False
APOLD1	ENHA_ZBTB26;SUMO1	4.42995303636142	9.53637943809964e-31	False	((1.1666666666666667, 0.9699507389162565), array([0.37835663, 0.16379528]))	False
APOLD1	ENHA_PRDM1;SUMO1	2.63891160665459	4.7484072482637e-14	False	((1.1, 0.33054187192118234), array([0.37835663, 0.16379528]))	False
APOLD1	ENHA_HSF1;SUMO1	4.47557332758364	6.790552710819551e-31	False	((1.1666666666666667, -0.42807881773399015), array([0.37835663, 0.16379528]))	False
APOLD1	ENHA_PRDM1;SUMO1	2.63891160665459	4.7484072482637e-14	False	((1.1, 0.33054187192118234), array([0.37835663, 0.16379528]))	False
APOLD1	ENHA_MEF2A;SUMO1	2.44260667398503	4.931254560520699e-12	False	((1.1, -0.12463054187192113), array([0.37835663, 0.16379528]))	False
APOLD1	ENHA_RARA;SUMO1	3.60397635860525	7.79593343784315e-24	False	((1.1666666666666667, 0.3522167487684731), array([0.37835663, 0.16379528]))	False
APOLD1	ENHA_RARA;STAT1	4.60978338951161	2.74661021350971e-31	False	((1.1666666666666667, 0.3522167487684731), array([ 0.76853426, -0.61609107]))	False
APOLD1	ENHA_TP73;STAT1	5.93030229722936	1.5980101252911e-35	False	((1.1, 0.8832512315270937), array([ 0.76853426, -0.61609107]))	False
APOLD1	ENHA_IRF1;STAT1	2.95344967464143	1.4943271732624e-17	False	((1.1333333333333335, -0.4064039408866995), array([ 0.76853426, -0.61609107]))	False
APOLD1	ENHA_TP53;STAT1	4.70571742262098	7.198722937798599e-31	False	((1.1666666666666667, 0.8724137931034484), array([ 0.76853426, -0.61609107]))	False
APOLD1	ENHA_PPARG;STAT1	3.92142732951247	8.40730060434865e-20	False	((1.1666666666666667, 0.31970443349753697), array([ 0.76853426, -0.61609107]))	False
APOLD1	ENHA_STAT3;STAT1	4.89577499992485	2.20893901781348e-22	False	((1.1666666666666667, 0.6773399014778327), array([ 0.76853426, -0.61609107]))	False
APOLD1	ENHA_TP53;STAT1	4.70571742262098	7.198722937798599e-31	False	((1.1666666666666667, 0.8724137931034484), array([ 0.76853426, -0.61609107]))	False
APOLD1	ENHA_RARA;STAT1	4.60978338951161	2.74661021350971e-31	False	((1.1666666666666667, 0.3522167487684731), array([ 0.76853426, -0.61609107]))	False
APOLD1	ENHA_VDR;STAT1	4.30711652804969	2.07331809752142e-25	False	((1.1, 0.9157635467980296), array([ 0.76853426, -0.61609107]))	False
APOLD1	ENHA_IRF1;STAT1	2.95344967464143	1.4943271732624e-17	False	((1.1333333333333335, -0.4064039408866995), array([ 0.76853426, -0.61609107]))	False
APOLD1	ENHA_VDR;STAT1	4.30711652804969	2.07331809752142e-25	False	((1.1, 0.9157635467980296), array([ 0.76853426, -0.61609107]))	False
APOLD1	ENHA_IRF1;STAT1	2.95344967464143	1.4943271732624e-17	False	((1.1333333333333335, -0.4064039408866995), array([ 0.76853426, -0.61609107]))	False
APOLD1	ENHA_FOS;STAT1	5.00630934534644	2.9737630674727098e-28	False	((1.1, -0.7098522167487685), array([ 0.76853426, -0.61609107]))	False
APOLD1	ENHA_STAT3;STAT1	4.89577499992485	2.20893901781348e-22	False	((1.1666666666666667, 0.6773399014778327), array([ 0.76853426, -0.61609107]))	False
APOLD1	ENHA_IRF1;STAT1	2.95344967464143	1.4943271732624e-17	False	((1.1333333333333335, -0.4064039408866995), array([ 0.76853426, -0.61609107]))	False
APOLD1	ENHA_STAT3;STAT1	4.89577499992485	2.20893901781348e-22	False	((1.1666666666666667, 0.6773399014778327), array([ 0.76853426, -0.61609107]))	False
APOLD1	ENHA_VDR;STAT1	4.30711652804969	2.07331809752142e-25	False	((1.1, 0.9157635467980296), array([ 0.76853426, -0.61609107]))	False
APOLD1	ENHA_IRF9;STAT1	4.85510285214224	1.38861829028788e-20	False	((1.1, -0.35221674876847286), array([ 0.76853426, -0.61609107]))	False
APOLD1	ENHA_TP73;STAT1	5.93030229722936	1.5980101252911e-35	False	((1.1, 0.8832512315270937), array([ 0.76853426, -0.61609107]))	False
APOLD1	ENHA_IRF1;STAT1	2.95344967464143	1.4943271732624e-17	False	((1.1333333333333335, -0.4064039408866995), array([ 0.76853426, -0.61609107]))	False
APOLD1	ENHA_TP53;STAT1	4.70571742262098	7.198722937798599e-31	False	((1.1666666666666667, 0.8724137931034484), array([ 0.76853426, -0.61609107]))	False
APOLD1	ENHA_TP53;STAT1	4.70571742262098	7.198722937798599e-31	False	((1.1666666666666667, 0.8724137931034484), array([ 0.76853426, -0.61609107]))	False
APOLD1	ENHA_IRF1;STAT1	2.95344967464143	1.4943271732624e-17	False	((1.1333333333333335, -0.4064039408866995), array([ 0.76853426, -0.61609107]))	False
APOLD1	ENHA_RARA;STAT1	4.60978338951161	2.74661021350971e-31	False	((1.1666666666666667, 0.3522167487684731), array([ 0.76853426, -0.61609107]))	False
APOLD1	ENHA_TP53;STAT1	4.70571742262098	7.198722937798599e-31	False	((1.1666666666666667, 0.8724137931034484), array([ 0.76853426, -0.61609107]))	False
APOLD1	ENHA_RARA;STAT1	4.60978338951161	2.74661021350971e-31	False	((1.1666666666666667, 0.3522167487684731), array([ 0.76853426, -0.61609107]))	False
APOLD1	ENHA_IRF1;STAT1	2.95344967464143	1.4943271732624e-17	False	((1.1333333333333335, -0.4064039408866995), array([ 0.76853426, -0.61609107]))	False
APOLD1	ENHA_ATF3;STAT1	4.72778942819151	1.83154852717152e-17	False	((1.1, -1.0674876847290642), array([ 0.76853426, -0.61609107]))	False
APOLD1	ENHA_FOS;STAT1	5.00630934534644	2.9737630674727098e-28	False	((1.1, -0.7098522167487685), array([ 0.76853426, -0.61609107]))	False
APOLD1	ENHA_TP53;STAT1	4.70571742262098	7.198722937798599e-31	False	((1.1666666666666667, 0.8724137931034484), array([ 0.76853426, -0.61609107]))	False
APOLD1	ENHA_PPARG;STAT1	3.92142732951247	8.40730060434865e-20	False	((1.1666666666666667, 0.31970443349753697), array([ 0.76853426, -0.61609107]))	False
APOLD1	ENHA_STAT3;STAT1	4.89577499992485	2.20893901781348e-22	False	((1.1666666666666667, 0.6773399014778327), array([ 0.76853426, -0.61609107]))	False
APOLD1	ENHA_RARA;STAT1	4.60978338951161	2.74661021350971e-31	False	((1.1666666666666667, 0.3522167487684731), array([ 0.76853426, -0.61609107]))	False
APOLD1	ENHA_STAT1;PROM_IRF1	1.63070555817239	0.0280023065505222	False	((1.1333333333333335, 0.6665024630541874), (-1.1, -0.8130434782608696))	False
APOLD1	ENHA_STAT1;PROM_IRF1	1.63070555817239	0.0280023065505222	False	((1.1333333333333335, 0.6665024630541874), (-1.1, -0.8130434782608696))	False
APOLD1	MYD88;PROM_IRF1	1.60911106110997	0.0314169051798786	False	(array([-0.55477705,  0.6352469 ]), (-1.1, -0.8130434782608696))	False
APOLD1	ENHA_STAT1;PROM_IRF1	1.63070555817239	0.0280023065505222	False	((1.1333333333333335, 0.6665024630541874), (-1.1, -0.8130434782608696))	False
APOLD1	CDKN1B;PROM_IRF1	1.63483493826567	0.0242246178387137	False	(array([-0.36081501, -0.85649003]), (-1.1, -0.8130434782608696))	False
APOLD1	ENHA_STAT1;PROM_IRF1	1.63070555817239	0.0280023065505222	False	((1.1333333333333335, 0.6665024630541874), (-1.1, -0.8130434782608696))	False
APOLD1	PROM_IRF1;YBX1	1.14683510844308	0.468733673376704	False	((-1.1, -0.8130434782608696), array([0.89092378, 0.48922383]))	False
APOLD1	KAT2A;PROM_IRF1	1.03777363971561	0.84162667362844	False	(array([ 0.72988677, -0.61160323]), (-1.1, -0.8130434782608696))	False
APOLD1	BIRC3;PROM_IRF1	1.05645089535557	0.763029602357908	False	(array([ 0.37620643, -0.75907313]), (-1.1, -0.8130434782608696))	False
APOLD1	NPM1;PROM_IRF1	0.788134805694341	0.239713829240958	False	(array([-0.07343765, -0.35862713]), (-1.1, -0.8130434782608696))	False
APOLD1	ENHA_STAT1;PROM_IRF1	1.63070555817239	0.0280023065505222	False	((1.1333333333333335, 0.6665024630541874), (-1.1, -0.8130434782608696))	False
APOLD1	ENHA_STAT1;PROM_IRF1	1.63070555817239	0.0280023065505222	False	((1.1333333333333335, 0.6665024630541874), (-1.1, -0.8130434782608696))	False
APOLD1	KEAP1;PROM_IRF1	0.970946243555312	1.0	False	(array([-0.84569454,  0.12657069]), (-1.1, -0.8130434782608696))	False
APOLD1	HCFC1;PROM_IRF1	0.780099359179994	0.239919437553214	False	(array([0.08312908, 0.1237711 ]), (-1.1, -0.8130434782608696))	False
APOLD1	PROM_IRF1;STUB1	0.894963688671649	0.63609100532807	False	((-1.1, -0.8130434782608696), array([-0.17302772, -0.47721547]))	False
APOLD1	PROM_IRF1;TRIM28	0.823496516561536	0.357966783257113	False	((-1.1, -0.8130434782608696), array([ 0.26067213, -0.7206316 ]))	False
APOLD1	PROM_IRF1;SUMO1	0.767531785824303	0.208083442798262	False	((-1.1, -0.8130434782608696), array([0.37835663, 0.16379528]))	False
APOLD1	PROM_IRF1;STAT1	0.839595255293709	0.519426922542646	False	((-1.1, -0.8130434782608696), array([ 0.76853426, -0.61609107]))	False
APOLD1	ENHA_PRDM1;KDM1A	3.2850763395081	1.44364745614552e-19	False	((1.1, 0.33054187192118234), array([ 0.48648541, -0.09579548]))	False
APOLD1	ENHA_PRDM1;KDM1A	3.2850763395081	1.44364745614552e-19	False	((1.1, 0.33054187192118234), array([ 0.48648541, -0.09579548]))	False
APOLD1	ENHA_STAT3;KDM1A	5.45046341524189	2.06851296090904e-39	False	((1.1666666666666667, 0.6773399014778327), array([ 0.48648541, -0.09579548]))	False
APOLD1	ENHA_SNAI1;KDM1A	4.02934816975884	1.05273057038309e-27	False	((1.1666666666666667, 0.5147783251231528), array([ 0.48648541, -0.09579548]))	False
APOLD1	ENHA_RREB1;KDM1A	4.56631952393242	5.629849881042731e-31	False	((1.1666666666666667, 0.4497536945812808), array([ 0.48648541, -0.09579548]))	False
APOLD1	ENHA_PRDM1;KDM1A	3.2850763395081	1.44364745614552e-19	False	((1.1, 0.33054187192118234), array([ 0.48648541, -0.09579548]))	False
APOLD1	ENHA_SNAI1;KDM1A	4.02934816975884	1.05273057038309e-27	False	((1.1666666666666667, 0.5147783251231528), array([ 0.48648541, -0.09579548]))	False
APOLD1	ENHA_RREB1;KDM1A	4.56631952393242	5.629849881042731e-31	False	((1.1666666666666667, 0.4497536945812808), array([ 0.48648541, -0.09579548]))	False
APOLD1	ENHA_TP53;KDM1A	5.97870201080688	7.11823922754645e-44	False	((1.1666666666666667, 0.8724137931034484), array([ 0.48648541, -0.09579548]))	False
APOLD1	ENHA_STAT3;KDM1A	5.45046341524189	2.06851296090904e-39	False	((1.1666666666666667, 0.6773399014778327), array([ 0.48648541, -0.09579548]))	False
APOLD1	ENHA_TP53;KDM1A	5.97870201080688	7.11823922754645e-44	False	((1.1666666666666667, 0.8724137931034484), array([ 0.48648541, -0.09579548]))	False
APOLD1	ENHA_RREB1;KDM1A	4.56631952393242	5.629849881042731e-31	False	((1.1666666666666667, 0.4497536945812808), array([ 0.48648541, -0.09579548]))	False
APOLD1	ENHA_SNAI1;KDM1A	4.02934816975884	1.05273057038309e-27	False	((1.1666666666666667, 0.5147783251231528), array([ 0.48648541, -0.09579548]))	False
APOLD1	ENHA_PRDM1;KDM1A	3.2850763395081	1.44364745614552e-19	False	((1.1, 0.33054187192118234), array([ 0.48648541, -0.09579548]))	False
APOLD1	ENHA_SNAI1;KDM1A	4.02934816975884	1.05273057038309e-27	False	((1.1666666666666667, 0.5147783251231528), array([ 0.48648541, -0.09579548]))	False
APOLD1	ENHA_RBPJ;KDM1A	6.13400069714826	6.665778825719021e-45	False	((1.1, 0.36305418719211824), array([ 0.48648541, -0.09579548]))	False
APOLD1	ENHA_SNAI1;KDM1A	4.02934816975884	1.05273057038309e-27	False	((1.1666666666666667, 0.5147783251231528), array([ 0.48648541, -0.09579548]))	False
APOLD1	ENHA_PRDM1;KDM1A	3.2850763395081	1.44364745614552e-19	False	((1.1, 0.33054187192118234), array([ 0.48648541, -0.09579548]))	False
APOLD1	ENHA_RREB1;KDM1A	4.56631952393242	5.629849881042731e-31	False	((1.1666666666666667, 0.4497536945812808), array([ 0.48648541, -0.09579548]))	False
APOLD1	ENHA_PRDM1;KDM1A	3.2850763395081	1.44364745614552e-19	False	((1.1, 0.33054187192118234), array([ 0.48648541, -0.09579548]))	False
APOLD1	ENHA_NR2C2;KDM1A	5.85094664782457	8.94777143021175e-43	False	((1.1666666666666667, 0.15714285714285725), array([ 0.48648541, -0.09579548]))	False
APOLD1	ENHA_NR2C2;KDM1A	5.85094664782457	8.94777143021175e-43	False	((1.1666666666666667, 0.15714285714285725), array([ 0.48648541, -0.09579548]))	False
APOLD1	ENHA_RBPJ;KDM1A	6.13400069714826	6.665778825719021e-45	False	((1.1, 0.36305418719211824), array([ 0.48648541, -0.09579548]))	False
APOLD1	ENHA_STAT3;KDM1A	5.45046341524189	2.06851296090904e-39	False	((1.1666666666666667, 0.6773399014778327), array([ 0.48648541, -0.09579548]))	False
APOLD1	ENHA_PRDM1;KDM1A	3.2850763395081	1.44364745614552e-19	False	((1.1, 0.33054187192118234), array([ 0.48648541, -0.09579548]))	False
APOLD1	ENHA_RREB1;KDM1A	4.56631952393242	5.629849881042731e-31	False	((1.1666666666666667, 0.4497536945812808), array([ 0.48648541, -0.09579548]))	False
APOLD1	ENHA_RBPJ;KDM1A	6.13400069714826	6.665778825719021e-45	False	((1.1, 0.36305418719211824), array([ 0.48648541, -0.09579548]))	False
APOLD1	ENHA_STAT3;KDM1A	5.45046341524189	2.06851296090904e-39	False	((1.1666666666666667, 0.6773399014778327), array([ 0.48648541, -0.09579548]))	False
APOLD1	ENHA_PRDM1;KDM1A	3.2850763395081	1.44364745614552e-19	False	((1.1, 0.33054187192118234), array([ 0.48648541, -0.09579548]))	False
APOLD1	ENHA_SNAI1;KDM1A	4.02934816975884	1.05273057038309e-27	False	((1.1666666666666667, 0.5147783251231528), array([ 0.48648541, -0.09579548]))	False
APOLD1	ENHA_RREB1;KDM1A	4.56631952393242	5.629849881042731e-31	False	((1.1666666666666667, 0.4497536945812808), array([ 0.48648541, -0.09579548]))	False
APOLD1	ENHA_TP53;KDM1A	5.97870201080688	7.11823922754645e-44	False	((1.1666666666666667, 0.8724137931034484), array([ 0.48648541, -0.09579548]))	False
APOLD1	ENHA_PRDM1;KDM1A	3.2850763395081	1.44364745614552e-19	False	((1.1, 0.33054187192118234), array([ 0.48648541, -0.09579548]))	False
APOLD1	ENHA_TP53;KDM1A	5.97870201080688	7.11823922754645e-44	False	((1.1666666666666667, 0.8724137931034484), array([ 0.48648541, -0.09579548]))	False
APOLD1	ENHA_RREB1;KDM1A	4.56631952393242	5.629849881042731e-31	False	((1.1666666666666667, 0.4497536945812808), array([ 0.48648541, -0.09579548]))	False
APOLD1	ENHA_RREB1;KDM1A	4.56631952393242	5.629849881042731e-31	False	((1.1666666666666667, 0.4497536945812808), array([ 0.48648541, -0.09579548]))	False
APOLD1	ENHA_TP53;KDM1A	5.97870201080688	7.11823922754645e-44	False	((1.1666666666666667, 0.8724137931034484), array([ 0.48648541, -0.09579548]))	False
APOLD1	ENHA_RREB1;KDM1A	4.56631952393242	5.629849881042731e-31	False	((1.1666666666666667, 0.4497536945812808), array([ 0.48648541, -0.09579548]))	False
APOLD1	ENHA_TP53;KDM1A	5.97870201080688	7.11823922754645e-44	False	((1.1666666666666667, 0.8724137931034484), array([ 0.48648541, -0.09579548]))	False
APOLD1	ENHA_RBPJ;KDM1A	6.13400069714826	6.665778825719021e-45	False	((1.1, 0.36305418719211824), array([ 0.48648541, -0.09579548]))	False
APOLD1	ENHA_RREB1;KDM1A	4.56631952393242	5.629849881042731e-31	False	((1.1666666666666667, 0.4497536945812808), array([ 0.48648541, -0.09579548]))	False
APOLD1	ENHA_PRDM1;KDM1A	3.2850763395081	1.44364745614552e-19	False	((1.1, 0.33054187192118234), array([ 0.48648541, -0.09579548]))	False
APOLD1	ENHA_RREB1;KDM1A	4.56631952393242	5.629849881042731e-31	False	((1.1666666666666667, 0.4497536945812808), array([ 0.48648541, -0.09579548]))	False
APOLD1	ENHA_NR2C2;KDM1A	5.85094664782457	8.94777143021175e-43	False	((1.1666666666666667, 0.15714285714285725), array([ 0.48648541, -0.09579548]))	False
APOLD1	ENHA_PPARD;KDM1A	6.49912794593608	1.2963608024205999e-43	False	((1.1333333333333335, 0.3088669950738918), array([ 0.48648541, -0.09579548]))	False
APOLD1	ENHA_SNAI1;KDM1A	4.02934816975884	1.05273057038309e-27	False	((1.1666666666666667, 0.5147783251231528), array([ 0.48648541, -0.09579548]))	False
APOLD1	ENHA_RBPJ;KDM1A	6.13400069714826	6.665778825719021e-45	False	((1.1, 0.36305418719211824), array([ 0.48648541, -0.09579548]))	False
APOLD1	ENHA_SNAI1;KDM1A	4.02934816975884	1.05273057038309e-27	False	((1.1666666666666667, 0.5147783251231528), array([ 0.48648541, -0.09579548]))	False
APOLD1	ENHA_PRDM1;KDM1A	3.2850763395081	1.44364745614552e-19	False	((1.1, 0.33054187192118234), array([ 0.48648541, -0.09579548]))	False
APOLD1	ENHA_TP53;KDM1A	5.97870201080688	7.11823922754645e-44	False	((1.1666666666666667, 0.8724137931034484), array([ 0.48648541, -0.09579548]))	False
APOLD1	ENHA_RREB1;KDM1A	4.56631952393242	5.629849881042731e-31	False	((1.1666666666666667, 0.4497536945812808), array([ 0.48648541, -0.09579548]))	False
APOLD1	ENHA_NR2C2;KDM1A	5.85094664782457	8.94777143021175e-43	False	((1.1666666666666667, 0.15714285714285725), array([ 0.48648541, -0.09579548]))	False
APOLD1	ENHA_PRDM1;KDM1A	3.2850763395081	1.44364745614552e-19	False	((1.1, 0.33054187192118234), array([ 0.48648541, -0.09579548]))	False
APOLD1	ENHA_RBPJ;KDM1A	6.13400069714826	6.665778825719021e-45	False	((1.1, 0.36305418719211824), array([ 0.48648541, -0.09579548]))	False
APOLD1	ENHA_RREB1;KDM1A	4.56631952393242	5.629849881042731e-31	False	((1.1666666666666667, 0.4497536945812808), array([ 0.48648541, -0.09579548]))	False
APOLD1	ENHA_RBPJ;KDM1A	6.13400069714826	6.665778825719021e-45	False	((1.1, 0.36305418719211824), array([ 0.48648541, -0.09579548]))	False
APOLD1	ENHA_STAT3;KDM1A	5.45046341524189	2.06851296090904e-39	False	((1.1666666666666667, 0.6773399014778327), array([ 0.48648541, -0.09579548]))	False
APOLD1	ENHA_PRDM1;KDM1A	3.2850763395081	1.44364745614552e-19	False	((1.1, 0.33054187192118234), array([ 0.48648541, -0.09579548]))	False
APOLD1	ENHA_STAT3;KDM1A	5.45046341524189	2.06851296090904e-39	False	((1.1666666666666667, 0.6773399014778327), array([ 0.48648541, -0.09579548]))	False
APOLD1	ENHA_PRDM1;KDM1A	3.2850763395081	1.44364745614552e-19	False	((1.1, 0.33054187192118234), array([ 0.48648541, -0.09579548]))	False
APOLD1	ENHA_PRDM1;KDM1A	3.2850763395081	1.44364745614552e-19	False	((1.1, 0.33054187192118234), array([ 0.48648541, -0.09579548]))	False
APOLD1	ENHA_RREB1;KDM1A	4.56631952393242	5.629849881042731e-31	False	((1.1666666666666667, 0.4497536945812808), array([ 0.48648541, -0.09579548]))	False
APOLD1	ENHA_AR;PROM_NR2C2	5.23890309911947	9.19431082642962e-21	False	((1.1, -1.1), (-1.1666666666666667, -0.047826086956521685))	False
APOLD1	ENHA_RXRB;PROM_NR2C2	5.49517966245864	8.434190683014679e-12	False	((1.1666666666666667, 0.4822660098522169), (-1.1666666666666667, -0.047826086956521685))	False
APOLD1	ENHA_AR;PROM_NR2C2	5.23890309911947	9.19431082642962e-21	False	((1.1, -1.1), (-1.1666666666666667, -0.047826086956521685))	False
APOLD1	ENHA_NR2C1;PROM_NR2C2	4.92105141059415	4.84037848737009e-16	False	((1.1333333333333335, 0.14630541871921188), (-1.1666666666666667, -0.047826086956521685))	False
APOLD1	ENHA_AR;PROM_NR2C2	5.23890309911947	9.19431082642962e-21	False	((1.1, -1.1), (-1.1666666666666667, -0.047826086956521685))	False
APOLD1	ENHA_AR;PROM_NR2C2	5.23890309911947	9.19431082642962e-21	False	((1.1, -1.1), (-1.1666666666666667, -0.047826086956521685))	False
APOLD1	ENHA_NR2C1;PROM_NR2C2	4.92105141059415	4.84037848737009e-16	False	((1.1333333333333335, 0.14630541871921188), (-1.1666666666666667, -0.047826086956521685))	False
APOLD1	PROM_NR2C2;S100A4	4.23359888848599	1.44859515685829e-21	False	((-1.1666666666666667, -0.047826086956521685), array([0.40166516, 0.84918299]))	False
APOLD1	NR2C2AP;PROM_NR2C2	2.73907820407712	2.28003977478432e-12	False	(array([-0.41941156,  0.83900271]), (-1.1666666666666667, -0.047826086956521685))	False
APOLD1	PATZ1;PROM_NR2C2	2.36944126921304	1.2694599613547e-09	False	(array([ 0.90319315, -0.47545852]), (-1.1666666666666667, -0.047826086956521685))	False
APOLD1	ENHA_AR;PROM_NR2C2	5.23890309911947	9.19431082642962e-21	False	((1.1, -1.1), (-1.1666666666666667, -0.047826086956521685))	False
APOLD1	PROM_NR2C2;SMARCC1	2.46631078295135	2.63441354103632e-10	False	((-1.1666666666666667, -0.047826086956521685), array([0.39043565, 0.5609958 ]))	False
APOLD1	EED;PROM_NR2C2	2.33323641542404	2.55581444633571e-09	False	(array([-0.25993776, -0.92127818]), (-1.1666666666666667, -0.047826086956521685))	False
APOLD1	AR;PROM_NR2C2	1.73657642983571	9.67691819115709e-05	False	(array([0.49545375, 0.19918649]), (-1.1666666666666667, -0.047826086956521685))	False
APOLD1	KDM1A;PROM_NR2C2	1.85999568536112	7.24943133480316e-06	False	(array([ 0.48648541, -0.09579548]), (-1.1666666666666667, -0.047826086956521685))	False
APOLD1	ENHA_RARA;RXRB	3.30574896373953	9.113506883861051e-15	False	((1.1666666666666667, 0.3522167487684731), array([-0.4854498 , -0.75375456]))	True
APOLD1	ENHA_RARA;RXRB	3.30574896373953	9.113506883861051e-15	False	((1.1666666666666667, 0.3522167487684731), array([-0.4854498 , -0.75375456]))	True
APOLD1	ENHA_NR4A2;RXRB	5.76380071012704	1.21138629260053e-21	False	((1.1666666666666667, 0.22216748768472905), array([-0.4854498 , -0.75375456]))	False
APOLD1	ENHA_RARA;RXRB	3.30574896373953	9.113506883861051e-15	False	((1.1666666666666667, 0.3522167487684731), array([-0.4854498 , -0.75375456]))	True
APOLD1	ENHA_NR3C1;RXRB	4.75350276925363	4.35532330643122e-21	False	((1.1666666666666667, 0.18965517241379315), array([-0.4854498 , -0.75375456]))	False
APOLD1	ENHA_RARA;RXRB	3.30574896373953	9.113506883861051e-15	False	((1.1666666666666667, 0.3522167487684731), array([-0.4854498 , -0.75375456]))	True
APOLD1	ENHA_NR3C1;RXRB	4.75350276925363	4.35532330643122e-21	False	((1.1666666666666667, 0.18965517241379315), array([-0.4854498 , -0.75375456]))	False
APOLD1	ENHA_RARA;RXRB	3.30574896373953	9.113506883861051e-15	False	((1.1666666666666667, 0.3522167487684731), array([-0.4854498 , -0.75375456]))	True
APOLD1	ENHA_RARA;RXRB	3.30574896373953	9.113506883861051e-15	False	((1.1666666666666667, 0.3522167487684731), array([-0.4854498 , -0.75375456]))	True
APOLD1	ENHA_TFCP2;RXRB	5.85605492409717	2.32628647347146e-15	False	((1.1333333333333335, 0.7965517241379312), array([-0.4854498 , -0.75375456]))	False
APOLD1	ENHA_RARA;RXRB	3.30574896373953	9.113506883861051e-15	False	((1.1666666666666667, 0.3522167487684731), array([-0.4854498 , -0.75375456]))	True
APOLD1	ENHA_NR4A2;RXRB	5.76380071012704	1.21138629260053e-21	False	((1.1666666666666667, 0.22216748768472905), array([-0.4854498 , -0.75375456]))	False
APOLD1	ENHA_NR3C1;RXRB	4.75350276925363	4.35532330643122e-21	False	((1.1666666666666667, 0.18965517241379315), array([-0.4854498 , -0.75375456]))	False
APOLD1	ENHA_NR2C2;RXRB	4.49403057777203	2.0721141456038e-16	False	((1.1666666666666667, 0.15714285714285725), array([-0.4854498 , -0.75375456]))	False
APOLD1	ENHA_THRB;RXRB	5.93013123527207	1.63142850841151e-14	False	((1.1333333333333335, 0.8615763546798032), array([-0.4854498 , -0.75375456]))	False
APOLD1	ENHA_NR3C1;RXRB	4.75350276925363	4.35532330643122e-21	False	((1.1666666666666667, 0.18965517241379315), array([-0.4854498 , -0.75375456]))	False
APOLD1	ENHA_NR4A2;RXRB	5.76380071012704	1.21138629260053e-21	False	((1.1666666666666667, 0.22216748768472905), array([-0.4854498 , -0.75375456]))	False
APOLD1	ENHA_NR3C1;RXRB	4.75350276925363	4.35532330643122e-21	False	((1.1666666666666667, 0.18965517241379315), array([-0.4854498 , -0.75375456]))	False
APOLD1	ENHA_NR4A2;RXRB	5.76380071012704	1.21138629260053e-21	False	((1.1666666666666667, 0.22216748768472905), array([-0.4854498 , -0.75375456]))	False
APOLD1	ENHA_RARA;RXRB	3.30574896373953	9.113506883861051e-15	False	((1.1666666666666667, 0.3522167487684731), array([-0.4854498 , -0.75375456]))	True
APOLD1	PROM_NR2C2;RXRB	2.67932823378706	6.69781202282215e-11	False	((-1.1666666666666667, -0.047826086956521685), array([-0.4854498 , -0.75375456]))	False
APOLD1	CTBP1;ENHA_THAP11	10.019568522109	3.29412879584061e-61	False	(array([-0.66781985, -0.27980151]), (1.1, 0.8507389162561578))	False
APOLD1	CTBP1;ENHA_ZEB1	22.4256655388833	1.52224843710908e-57	False	(array([-0.66781985, -0.27980151]), (1.1, 1.0133004926108375))	False
APOLD1	CTBP1;ENHA_ZBTB18	11.4537011067431	1.4927534286463098e-70	False	(array([-0.66781985, -0.27980151]), (1.1333333333333335, 0.9591133004926111))	False
APOLD1	CTBP1;ENHA_TCF7L2	8.47618969966374	1.82827368170948e-60	False	(array([-0.66781985, -0.27980151]), (1.1, 0.720689655172414))	False
APOLD1	CTBP1;ENHA_BCL6	8.62682344738505	5.436751384235739e-57	False	(array([-0.66781985, -0.27980151]), (1.1666666666666667, -1.0133004926108375))	False
APOLD1	CTBP1;ENHA_ZEB1	22.4256655388833	1.52224843710908e-57	False	(array([-0.66781985, -0.27980151]), (1.1, 1.0133004926108375))	False
APOLD1	CTBP1;ENHA_FOXP1	17.2032372890039	3.22390024835718e-45	False	(array([-0.66781985, -0.27980151]), (1.1333333333333335, -0.6339901477832512))	False
APOLD1	CTBP1;ENHA_ZEB1	22.4256655388833	1.52224843710908e-57	False	(array([-0.66781985, -0.27980151]), (1.1, 1.0133004926108375))	False
APOLD1	CTBP1;ENHA_FOXP1	17.2032372890039	3.22390024835718e-45	False	(array([-0.66781985, -0.27980151]), (1.1333333333333335, -0.6339901477832512))	False
APOLD1	CTBP1;ENHA_ZEB1	22.4256655388833	1.52224843710908e-57	False	(array([-0.66781985, -0.27980151]), (1.1, 1.0133004926108375))	False
APOLD1	CTBP1;ENHA_TGIF1	7.97002584291017	2.0387989388306598e-57	False	(array([-0.66781985, -0.27980151]), (1.1333333333333335, 0.8290640394088671))	False
APOLD1	CTBP1;ENHA_ZBTB18	11.4537011067431	1.4927534286463098e-70	False	(array([-0.66781985, -0.27980151]), (1.1333333333333335, 0.9591133004926111))	False
APOLD1	CTBP1;ENHA_FOXP1	17.2032372890039	3.22390024835718e-45	False	(array([-0.66781985, -0.27980151]), (1.1333333333333335, -0.6339901477832512))	False
APOLD1	CTBP1;ENHA_ZBTB18	11.4537011067431	1.4927534286463098e-70	False	(array([-0.66781985, -0.27980151]), (1.1333333333333335, 0.9591133004926111))	False
APOLD1	CTBP1;ENHA_FOXP1	17.2032372890039	3.22390024835718e-45	False	(array([-0.66781985, -0.27980151]), (1.1333333333333335, -0.6339901477832512))	False
APOLD1	CTBP1;ENHA_THAP11	10.019568522109	3.29412879584061e-61	False	(array([-0.66781985, -0.27980151]), (1.1, 0.8507389162561578))	False
APOLD1	CTBP1;ENHA_FOXP1	17.2032372890039	3.22390024835718e-45	False	(array([-0.66781985, -0.27980151]), (1.1333333333333335, -0.6339901477832512))	False
APOLD1	CTBP1;ENHA_ZEB1	22.4256655388833	1.52224843710908e-57	False	(array([-0.66781985, -0.27980151]), (1.1, 1.0133004926108375))	False
APOLD1	CTBP1;ENHA_ZBTB18	11.4537011067431	1.4927534286463098e-70	False	(array([-0.66781985, -0.27980151]), (1.1333333333333335, 0.9591133004926111))	False
APOLD1	CTBP1;ENHA_FOXP1	17.2032372890039	3.22390024835718e-45	False	(array([-0.66781985, -0.27980151]), (1.1333333333333335, -0.6339901477832512))	False
APOLD1	CTBP1;ENHA_KLF4	21.3082367793609	1.3159407966087e-51	False	(array([-0.66781985, -0.27980151]), (1.1666666666666667, -0.23300492610837442))	False
APOLD1	CTBP1;ENHA_FOXP1	17.2032372890039	3.22390024835718e-45	False	(array([-0.66781985, -0.27980151]), (1.1333333333333335, -0.6339901477832512))	False
APOLD1	CTBP1;ENHA_TCF7L2	8.47618969966374	1.82827368170948e-60	False	(array([-0.66781985, -0.27980151]), (1.1, 0.720689655172414))	False
APOLD1	CTBP1;ENHA_ZBTB18	11.4537011067431	1.4927534286463098e-70	False	(array([-0.66781985, -0.27980151]), (1.1333333333333335, 0.9591133004926111))	False
APOLD1	CTBP1;ENHA_FOXP1	17.2032372890039	3.22390024835718e-45	False	(array([-0.66781985, -0.27980151]), (1.1333333333333335, -0.6339901477832512))	False
APOLD1	CTBP1;ENHA_ZBTB18	11.4537011067431	1.4927534286463098e-70	False	(array([-0.66781985, -0.27980151]), (1.1333333333333335, 0.9591133004926111))	False
APOLD1	CTBP1;ENHA_FOXP1	17.2032372890039	3.22390024835718e-45	False	(array([-0.66781985, -0.27980151]), (1.1333333333333335, -0.6339901477832512))	False
APOLD1	CTBP1;ENHA_KLF3	13.4952440226016	3.59669784484646e-68	False	(array([-0.66781985, -0.27980151]), (1.1333333333333335, -0.24384236453201968))	False
APOLD1	CTBP1;ENHA_ZEB1	22.4256655388833	1.52224843710908e-57	False	(array([-0.66781985, -0.27980151]), (1.1, 1.0133004926108375))	False
APOLD1	CTBP1;ENHA_KLF4	21.3082367793609	1.3159407966087e-51	False	(array([-0.66781985, -0.27980151]), (1.1666666666666667, -0.23300492610837442))	False
APOLD1	CTBP1;ENHA_ZEB1	22.4256655388833	1.52224843710908e-57	False	(array([-0.66781985, -0.27980151]), (1.1, 1.0133004926108375))	False
APOLD1	CTBP1;ENHA_KLF4	21.3082367793609	1.3159407966087e-51	False	(array([-0.66781985, -0.27980151]), (1.1666666666666667, -0.23300492610837442))	False
APOLD1	CTBP1;ENHA_FOXP1	17.2032372890039	3.22390024835718e-45	False	(array([-0.66781985, -0.27980151]), (1.1333333333333335, -0.6339901477832512))	False
APOLD1	CTBP1;ENHA_TCF7L2	8.47618969966374	1.82827368170948e-60	False	(array([-0.66781985, -0.27980151]), (1.1, 0.720689655172414))	False
APOLD1	CTBP1;ENHA_TGIF1	7.97002584291017	2.0387989388306598e-57	False	(array([-0.66781985, -0.27980151]), (1.1333333333333335, 0.8290640394088671))	False
APOLD1	CTBP1;ENHA_KLF4	21.3082367793609	1.3159407966087e-51	False	(array([-0.66781985, -0.27980151]), (1.1666666666666667, -0.23300492610837442))	False
APOLD1	CTBP1;ENHA_FOXP1	17.2032372890039	3.22390024835718e-45	False	(array([-0.66781985, -0.27980151]), (1.1333333333333335, -0.6339901477832512))	False
APOLD1	CTBP1;ENHA_ZBTB18	11.4537011067431	1.4927534286463098e-70	False	(array([-0.66781985, -0.27980151]), (1.1333333333333335, 0.9591133004926111))	False
APOLD1	CTBP1;ENHA_HOXB5	7.0240233447679	1.3732329146760998e-31	False	(array([-0.66781985, -0.27980151]), (1.1333333333333335, -0.4714285714285714))	False
APOLD1	CTBP1;ENHA_THAP11	10.019568522109	3.29412879584061e-61	False	(array([-0.66781985, -0.27980151]), (1.1, 0.8507389162561578))	False
APOLD1	CTBP1;ENHA_FOXP1	17.2032372890039	3.22390024835718e-45	False	(array([-0.66781985, -0.27980151]), (1.1333333333333335, -0.6339901477832512))	False
APOLD1	CTBP1;ENHA_KLF3	13.4952440226016	3.59669784484646e-68	False	(array([-0.66781985, -0.27980151]), (1.1333333333333335, -0.24384236453201968))	False
APOLD1	CTBP1;ENHA_KLF3	13.4952440226016	3.59669784484646e-68	False	(array([-0.66781985, -0.27980151]), (1.1333333333333335, -0.24384236453201968))	False
APOLD1	CTBP1;ENHA_KLF4	21.3082367793609	1.3159407966087e-51	False	(array([-0.66781985, -0.27980151]), (1.1666666666666667, -0.23300492610837442))	False
APOLD1	CTBP1;ENHA_ZBTB18	11.4537011067431	1.4927534286463098e-70	False	(array([-0.66781985, -0.27980151]), (1.1333333333333335, 0.9591133004926111))	False
APOLD1	CTBP1;ENHA_THAP11	10.019568522109	3.29412879584061e-61	False	(array([-0.66781985, -0.27980151]), (1.1, 0.8507389162561578))	False
APOLD1	CTBP1;ENHA_KLF3	13.4952440226016	3.59669784484646e-68	False	(array([-0.66781985, -0.27980151]), (1.1333333333333335, -0.24384236453201968))	False
APOLD1	CTBP1;ENHA_THAP11	10.019568522109	3.29412879584061e-61	False	(array([-0.66781985, -0.27980151]), (1.1, 0.8507389162561578))	False
APOLD1	CTBP1;ENHA_KLF4	21.3082367793609	1.3159407966087e-51	False	(array([-0.66781985, -0.27980151]), (1.1666666666666667, -0.23300492610837442))	False
APOLD1	CTBP1;ENHA_ZBTB18	11.4537011067431	1.4927534286463098e-70	False	(array([-0.66781985, -0.27980151]), (1.1333333333333335, 0.9591133004926111))	False
APOLD1	CTBP1;ENHA_FOXP1	17.2032372890039	3.22390024835718e-45	False	(array([-0.66781985, -0.27980151]), (1.1333333333333335, -0.6339901477832512))	False
APOLD1	CTBP1;ENHA_KLF3	13.4952440226016	3.59669784484646e-68	False	(array([-0.66781985, -0.27980151]), (1.1333333333333335, -0.24384236453201968))	False
APOLD1	CTBP1;ENHA_THAP11	10.019568522109	3.29412879584061e-61	False	(array([-0.66781985, -0.27980151]), (1.1, 0.8507389162561578))	False
APOLD1	CTBP1;ENHA_KLF4	21.3082367793609	1.3159407966087e-51	False	(array([-0.66781985, -0.27980151]), (1.1666666666666667, -0.23300492610837442))	False
APOLD1	CTBP1;ENHA_ZEB1	22.4256655388833	1.52224843710908e-57	False	(array([-0.66781985, -0.27980151]), (1.1, 1.0133004926108375))	False
APOLD1	CTBP1;ENHA_BCL6	8.62682344738505	5.436751384235739e-57	False	(array([-0.66781985, -0.27980151]), (1.1666666666666667, -1.0133004926108375))	False
APOLD1	CTBP1;ENHA_ZEB1	22.4256655388833	1.52224843710908e-57	False	(array([-0.66781985, -0.27980151]), (1.1, 1.0133004926108375))	False
APOLD1	CTBP1;ENHA_ZEB1	22.4256655388833	1.52224843710908e-57	False	(array([-0.66781985, -0.27980151]), (1.1, 1.0133004926108375))	False
APOLD1	CTBP1;ENHA_THAP11	10.019568522109	3.29412879584061e-61	False	(array([-0.66781985, -0.27980151]), (1.1, 0.8507389162561578))	False
APOLD1	CTBP1;ENHA_FOXP1	17.2032372890039	3.22390024835718e-45	False	(array([-0.66781985, -0.27980151]), (1.1333333333333335, -0.6339901477832512))	False
APOLD1	CTBP1;ENHA_FOXP1	17.2032372890039	3.22390024835718e-45	False	(array([-0.66781985, -0.27980151]), (1.1333333333333335, -0.6339901477832512))	False
APOLD1	CTBP1;ENHA_FOXP1	17.2032372890039	3.22390024835718e-45	False	(array([-0.66781985, -0.27980151]), (1.1333333333333335, -0.6339901477832512))	False
APOLD1	CTBP1;ENHA_TCF7L2	8.47618969966374	1.82827368170948e-60	False	(array([-0.66781985, -0.27980151]), (1.1, 0.720689655172414))	False
APOLD1	CTBP1;ENHA_KLF3	13.4952440226016	3.59669784484646e-68	False	(array([-0.66781985, -0.27980151]), (1.1333333333333335, -0.24384236453201968))	False
APOLD1	CTBP1;ENHA_TCF7L2	8.47618969966374	1.82827368170948e-60	False	(array([-0.66781985, -0.27980151]), (1.1, 0.720689655172414))	False
APOLD1	CTBP1;ENHA_TCF7L2	8.47618969966374	1.82827368170948e-60	False	(array([-0.66781985, -0.27980151]), (1.1, 0.720689655172414))	False
APOLD1	CTBP1;ENHA_KLF4	21.3082367793609	1.3159407966087e-51	False	(array([-0.66781985, -0.27980151]), (1.1666666666666667, -0.23300492610837442))	False
APOLD1	CTBP1;ENHA_THAP11	10.019568522109	3.29412879584061e-61	False	(array([-0.66781985, -0.27980151]), (1.1, 0.8507389162561578))	False
APOLD1	CTBP1;ENHA_ZEB1	22.4256655388833	1.52224843710908e-57	False	(array([-0.66781985, -0.27980151]), (1.1, 1.0133004926108375))	False
APOLD1	CTBP1;ENHA_THAP11	10.019568522109	3.29412879584061e-61	False	(array([-0.66781985, -0.27980151]), (1.1, 0.8507389162561578))	False
APOLD1	CTBP1;ENHA_FOXP1	17.2032372890039	3.22390024835718e-45	False	(array([-0.66781985, -0.27980151]), (1.1333333333333335, -0.6339901477832512))	False
APOLD1	CTBP1;ENHA_ZEB1	22.4256655388833	1.52224843710908e-57	False	(array([-0.66781985, -0.27980151]), (1.1, 1.0133004926108375))	False
APOLD1	CTBP1;ENHA_FOXP1	17.2032372890039	3.22390024835718e-45	False	(array([-0.66781985, -0.27980151]), (1.1333333333333335, -0.6339901477832512))	False
APOLD1	CTBP1;ENHA_KLF4	21.3082367793609	1.3159407966087e-51	False	(array([-0.66781985, -0.27980151]), (1.1666666666666667, -0.23300492610837442))	False
APOLD1	CTBP1;ENHA_ZEB1	22.4256655388833	1.52224843710908e-57	False	(array([-0.66781985, -0.27980151]), (1.1, 1.0133004926108375))	False
APOLD1	CTBP1;ENHA_KLF4	21.3082367793609	1.3159407966087e-51	False	(array([-0.66781985, -0.27980151]), (1.1666666666666667, -0.23300492610837442))	False
APOLD1	CTBP1;ENHA_TGIF1	7.97002584291017	2.0387989388306598e-57	False	(array([-0.66781985, -0.27980151]), (1.1333333333333335, 0.8290640394088671))	False
APOLD1	CTBP1;ENHA_KLF3	13.4952440226016	3.59669784484646e-68	False	(array([-0.66781985, -0.27980151]), (1.1333333333333335, -0.24384236453201968))	False
APOLD1	CTBP1;ENHA_KLF4	21.3082367793609	1.3159407966087e-51	False	(array([-0.66781985, -0.27980151]), (1.1666666666666667, -0.23300492610837442))	False
APOLD1	CTBP1;ENHA_ZEB1	22.4256655388833	1.52224843710908e-57	False	(array([-0.66781985, -0.27980151]), (1.1, 1.0133004926108375))	False
APOLD1	CTBP1;ENHA_FOXP1	17.2032372890039	3.22390024835718e-45	False	(array([-0.66781985, -0.27980151]), (1.1333333333333335, -0.6339901477832512))	False
APOLD1	CTBP1;ENHA_FOXP1	17.2032372890039	3.22390024835718e-45	False	(array([-0.66781985, -0.27980151]), (1.1333333333333335, -0.6339901477832512))	False
APOLD1	CTBP1;ENHA_TCF7L2	8.47618969966374	1.82827368170948e-60	False	(array([-0.66781985, -0.27980151]), (1.1, 0.720689655172414))	False
APOLD1	CTBP1;ENHA_FOXP1	17.2032372890039	3.22390024835718e-45	False	(array([-0.66781985, -0.27980151]), (1.1333333333333335, -0.6339901477832512))	False
APOLD1	CTBP1;ENHA_KLF4	21.3082367793609	1.3159407966087e-51	False	(array([-0.66781985, -0.27980151]), (1.1666666666666667, -0.23300492610837442))	False
APOLD1	AURKA;ENHA_NFKB1	32.6205289199895	3.57366992991955e-58	False	(array([-0.46994874,  0.8319294 ]), (1.1333333333333335, 0.08128078817733986))	False
APOLD1	AURKA;ENHA_NFKB1	32.6205289199895	3.57366992991955e-58	False	(array([-0.46994874,  0.8319294 ]), (1.1333333333333335, 0.08128078817733986))	False
APOLD1	AURKA;ENHA_FOXP1	20.1245487053702	2.74475948657907e-52	False	(array([-0.46994874,  0.8319294 ]), (1.1333333333333335, -0.6339901477832512))	False
APOLD1	AURKA;ENHA_FOXP1	20.1245487053702	2.74475948657907e-52	False	(array([-0.46994874,  0.8319294 ]), (1.1333333333333335, -0.6339901477832512))	False
APOLD1	AURKA;ENHA_NFKB1	32.6205289199895	3.57366992991955e-58	False	(array([-0.46994874,  0.8319294 ]), (1.1333333333333335, 0.08128078817733986))	False
APOLD1	AURKA;ENHA_FOXP1	20.1245487053702	2.74475948657907e-52	False	(array([-0.46994874,  0.8319294 ]), (1.1333333333333335, -0.6339901477832512))	False
APOLD1	AURKA;ENHA_FOXP1	20.1245487053702	2.74475948657907e-52	False	(array([-0.46994874,  0.8319294 ]), (1.1333333333333335, -0.6339901477832512))	False
APOLD1	AURKA;ENHA_FOXP1	20.1245487053702	2.74475948657907e-52	False	(array([-0.46994874,  0.8319294 ]), (1.1333333333333335, -0.6339901477832512))	False
APOLD1	AURKA;ENHA_NFKB1	32.6205289199895	3.57366992991955e-58	False	(array([-0.46994874,  0.8319294 ]), (1.1333333333333335, 0.08128078817733986))	False
APOLD1	AURKA;ENHA_TP73	11.1846582746478	6.27814689743651e-75	False	(array([-0.46994874,  0.8319294 ]), (1.1, 0.8832512315270937))	False
APOLD1	AURKA;ENHA_TP53	30.2469675809312	1.4916734215900902e-98	False	(array([-0.46994874,  0.8319294 ]), (1.1666666666666667, 0.8724137931034484))	False
APOLD1	AURKA;ENHA_FOXP1	20.1245487053702	2.74475948657907e-52	False	(array([-0.46994874,  0.8319294 ]), (1.1333333333333335, -0.6339901477832512))	False
APOLD1	AURKA;ENHA_TP53	30.2469675809312	1.4916734215900902e-98	False	(array([-0.46994874,  0.8319294 ]), (1.1666666666666667, 0.8724137931034484))	False
APOLD1	AURKA;ENHA_KLF4	25.9365255876217	8.21909689535938e-65	False	(array([-0.46994874,  0.8319294 ]), (1.1666666666666667, -0.23300492610837442))	False
APOLD1	AURKA;ENHA_FOXP1	20.1245487053702	2.74475948657907e-52	False	(array([-0.46994874,  0.8319294 ]), (1.1333333333333335, -0.6339901477832512))	False
APOLD1	AURKA;ENHA_NFKB1	32.6205289199895	3.57366992991955e-58	False	(array([-0.46994874,  0.8319294 ]), (1.1333333333333335, 0.08128078817733986))	False
APOLD1	AURKA;ENHA_FOXP1	20.1245487053702	2.74475948657907e-52	False	(array([-0.46994874,  0.8319294 ]), (1.1333333333333335, -0.6339901477832512))	False
APOLD1	AURKA;ENHA_FOXP1	20.1245487053702	2.74475948657907e-52	False	(array([-0.46994874,  0.8319294 ]), (1.1333333333333335, -0.6339901477832512))	False
APOLD1	AURKA;ENHA_NFKB1	32.6205289199895	3.57366992991955e-58	False	(array([-0.46994874,  0.8319294 ]), (1.1333333333333335, 0.08128078817733986))	False
APOLD1	AURKA;ENHA_KLF4	25.9365255876217	8.21909689535938e-65	False	(array([-0.46994874,  0.8319294 ]), (1.1666666666666667, -0.23300492610837442))	False
APOLD1	AURKA;ENHA_KLF4	25.9365255876217	8.21909689535938e-65	False	(array([-0.46994874,  0.8319294 ]), (1.1666666666666667, -0.23300492610837442))	False
APOLD1	AURKA;ENHA_FOXP1	20.1245487053702	2.74475948657907e-52	False	(array([-0.46994874,  0.8319294 ]), (1.1333333333333335, -0.6339901477832512))	False
APOLD1	AURKA;ENHA_KLF4	25.9365255876217	8.21909689535938e-65	False	(array([-0.46994874,  0.8319294 ]), (1.1666666666666667, -0.23300492610837442))	False
APOLD1	AURKA;ENHA_FOXP1	20.1245487053702	2.74475948657907e-52	False	(array([-0.46994874,  0.8319294 ]), (1.1333333333333335, -0.6339901477832512))	False
APOLD1	AURKA;ENHA_FOXP1	20.1245487053702	2.74475948657907e-52	False	(array([-0.46994874,  0.8319294 ]), (1.1333333333333335, -0.6339901477832512))	False
APOLD1	AURKA;ENHA_KLF4	25.9365255876217	8.21909689535938e-65	False	(array([-0.46994874,  0.8319294 ]), (1.1666666666666667, -0.23300492610837442))	False
APOLD1	AURKA;ENHA_NFKB1	32.6205289199895	3.57366992991955e-58	False	(array([-0.46994874,  0.8319294 ]), (1.1333333333333335, 0.08128078817733986))	False
APOLD1	AURKA;ENHA_NFKB1	32.6205289199895	3.57366992991955e-58	False	(array([-0.46994874,  0.8319294 ]), (1.1333333333333335, 0.08128078817733986))	False
APOLD1	AURKA;ENHA_KLF4	25.9365255876217	8.21909689535938e-65	False	(array([-0.46994874,  0.8319294 ]), (1.1666666666666667, -0.23300492610837442))	False
APOLD1	AURKA;ENHA_TP73	11.1846582746478	6.27814689743651e-75	False	(array([-0.46994874,  0.8319294 ]), (1.1, 0.8832512315270937))	False
APOLD1	AURKA;ENHA_TP53	30.2469675809312	1.4916734215900902e-98	False	(array([-0.46994874,  0.8319294 ]), (1.1666666666666667, 0.8724137931034484))	False
APOLD1	AURKA;ENHA_FOXP1	20.1245487053702	2.74475948657907e-52	False	(array([-0.46994874,  0.8319294 ]), (1.1333333333333335, -0.6339901477832512))	False
APOLD1	AURKA;ENHA_NFKB1	32.6205289199895	3.57366992991955e-58	False	(array([-0.46994874,  0.8319294 ]), (1.1333333333333335, 0.08128078817733986))	False
APOLD1	AURKA;ENHA_TP73	11.1846582746478	6.27814689743651e-75	False	(array([-0.46994874,  0.8319294 ]), (1.1, 0.8832512315270937))	False
APOLD1	AURKA;ENHA_TP53	30.2469675809312	1.4916734215900902e-98	False	(array([-0.46994874,  0.8319294 ]), (1.1666666666666667, 0.8724137931034484))	False
APOLD1	AURKA;ENHA_KLF4	25.9365255876217	8.21909689535938e-65	False	(array([-0.46994874,  0.8319294 ]), (1.1666666666666667, -0.23300492610837442))	False
APOLD1	AURKA;ENHA_TP53	30.2469675809312	1.4916734215900902e-98	False	(array([-0.46994874,  0.8319294 ]), (1.1666666666666667, 0.8724137931034484))	False
APOLD1	AURKA;ENHA_NFKB1	32.6205289199895	3.57366992991955e-58	False	(array([-0.46994874,  0.8319294 ]), (1.1333333333333335, 0.08128078817733986))	False
APOLD1	AURKA;ENHA_TP53	30.2469675809312	1.4916734215900902e-98	False	(array([-0.46994874,  0.8319294 ]), (1.1666666666666667, 0.8724137931034484))	False
APOLD1	AURKA;ENHA_FOXP1	20.1245487053702	2.74475948657907e-52	False	(array([-0.46994874,  0.8319294 ]), (1.1333333333333335, -0.6339901477832512))	False
APOLD1	AURKA;ENHA_NFKB1	32.6205289199895	3.57366992991955e-58	False	(array([-0.46994874,  0.8319294 ]), (1.1333333333333335, 0.08128078817733986))	False
APOLD1	AURKA;ENHA_FOXP1	20.1245487053702	2.74475948657907e-52	False	(array([-0.46994874,  0.8319294 ]), (1.1333333333333335, -0.6339901477832512))	False
APOLD1	AURKA;ENHA_FOXP1	20.1245487053702	2.74475948657907e-52	False	(array([-0.46994874,  0.8319294 ]), (1.1333333333333335, -0.6339901477832512))	False
APOLD1	AURKA;ENHA_NFKB1	32.6205289199895	3.57366992991955e-58	False	(array([-0.46994874,  0.8319294 ]), (1.1333333333333335, 0.08128078817733986))	False
APOLD1	AURKA;ENHA_KLF4	25.9365255876217	8.21909689535938e-65	False	(array([-0.46994874,  0.8319294 ]), (1.1666666666666667, -0.23300492610837442))	False
APOLD1	AURKA;ENHA_FOXP1	20.1245487053702	2.74475948657907e-52	False	(array([-0.46994874,  0.8319294 ]), (1.1333333333333335, -0.6339901477832512))	False
APOLD1	AURKA;ENHA_FOXP1	20.1245487053702	2.74475948657907e-52	False	(array([-0.46994874,  0.8319294 ]), (1.1333333333333335, -0.6339901477832512))	False
APOLD1	AURKA;ENHA_KLF4	25.9365255876217	8.21909689535938e-65	False	(array([-0.46994874,  0.8319294 ]), (1.1666666666666667, -0.23300492610837442))	False
APOLD1	AURKA;ENHA_TP53	30.2469675809312	1.4916734215900902e-98	False	(array([-0.46994874,  0.8319294 ]), (1.1666666666666667, 0.8724137931034484))	False
APOLD1	AURKA;ENHA_KLF4	25.9365255876217	8.21909689535938e-65	False	(array([-0.46994874,  0.8319294 ]), (1.1666666666666667, -0.23300492610837442))	False
APOLD1	AURKA;ENHA_NFKB1	32.6205289199895	3.57366992991955e-58	False	(array([-0.46994874,  0.8319294 ]), (1.1333333333333335, 0.08128078817733986))	False
APOLD1	AURKA;ENHA_KLF4	25.9365255876217	8.21909689535938e-65	False	(array([-0.46994874,  0.8319294 ]), (1.1666666666666667, -0.23300492610837442))	False
APOLD1	AURKA;ENHA_NFKB1	32.6205289199895	3.57366992991955e-58	False	(array([-0.46994874,  0.8319294 ]), (1.1333333333333335, 0.08128078817733986))	False
APOLD1	AURKA;ENHA_FOXP1	20.1245487053702	2.74475948657907e-52	False	(array([-0.46994874,  0.8319294 ]), (1.1333333333333335, -0.6339901477832512))	False
APOLD1	AURKA;ENHA_NFKB1	32.6205289199895	3.57366992991955e-58	False	(array([-0.46994874,  0.8319294 ]), (1.1333333333333335, 0.08128078817733986))	False
APOLD1	AURKA;ENHA_FOXP1	20.1245487053702	2.74475948657907e-52	False	(array([-0.46994874,  0.8319294 ]), (1.1333333333333335, -0.6339901477832512))	False
APOLD1	AURKA;ENHA_FOXP1	20.1245487053702	2.74475948657907e-52	False	(array([-0.46994874,  0.8319294 ]), (1.1333333333333335, -0.6339901477832512))	False
APOLD1	AURKA;ENHA_KLF4	25.9365255876217	8.21909689535938e-65	False	(array([-0.46994874,  0.8319294 ]), (1.1666666666666667, -0.23300492610837442))	False
APOLD1	MNAT1;PROM_FOXP1	1.92963760209486	0.005224386129089	False	(array([-0.97494326, -0.00584935]), (-1.1333333333333335, -1.0043478260869567))	False
APOLD1	CTBP1;PROM_FOXP1	1.02303242487724	0.91435216951069	False	(array([-0.66781985, -0.27980151]), (-1.1333333333333335, -1.0043478260869567))	False
APOLD1	AURKA;PROM_FOXP1	1.04438005214834	0.828437277774813	False	(array([-0.46994874,  0.8319294 ]), (-1.1333333333333335, -1.0043478260869567))	False
APOLD1	ENHA_NFIC;PROM_NFIB	5.19437509937563	6.32175606734354e-18	False	((1.1666666666666667, 0.05960591133004933), (-1.1, -0.23913043478260876))	False
APOLD1	ENHA_NFIA;PROM_NFIB	4.31155231116468	2.20558046915837e-10	False	((1.1, 0.037931034482758585), (-1.1, -0.23913043478260876))	False
APOLD1	ENHA_NFIX;PROM_NFIB	4.52862711882133	7.441388470031729e-11	False	((1.1, 0.0704433497536947), (-1.1, -0.23913043478260876))	False
APOLD1	ENHA_NFIA;PROM_NFIB	4.31155231116468	2.20558046915837e-10	False	((1.1, 0.037931034482758585), (-1.1, -0.23913043478260876))	False
APOLD1	ENHA_NFIC;PROM_NFIB	5.19437509937563	6.32175606734354e-18	False	((1.1666666666666667, 0.05960591133004933), (-1.1, -0.23913043478260876))	False
APOLD1	ENHA_NFIA;PROM_NFIB	4.31155231116468	2.20558046915837e-10	False	((1.1, 0.037931034482758585), (-1.1, -0.23913043478260876))	False
APOLD1	ENHA_NFIA;PROM_NFIB	4.31155231116468	2.20558046915837e-10	False	((1.1, 0.037931034482758585), (-1.1, -0.23913043478260876))	False
APOLD1	ENHA_NFIX;PROM_NFIB	4.52862711882133	7.441388470031729e-11	False	((1.1, 0.0704433497536947), (-1.1, -0.23913043478260876))	False
APOLD1	ENHA_NFIA;PROM_NFIB	4.31155231116468	2.20558046915837e-10	False	((1.1, 0.037931034482758585), (-1.1, -0.23913043478260876))	False
APOLD1	ENHA_NFIX;PROM_NFIB	4.52862711882133	7.441388470031729e-11	False	((1.1, 0.0704433497536947), (-1.1, -0.23913043478260876))	False
APOLD1	ENHA_NFIA;PROM_NFIB	4.31155231116468	2.20558046915837e-10	False	((1.1, 0.037931034482758585), (-1.1, -0.23913043478260876))	False
APOLD1	ENHA_NFIX;PROM_NFIB	4.52862711882133	7.441388470031729e-11	False	((1.1, 0.0704433497536947), (-1.1, -0.23913043478260876))	False
APOLD1	NFIA;PROM_NFIB	2.82711963427759	1.77917990173045e-12	False	(array([-0.60552266, -0.70346841]), (-1.1, -0.23913043478260876))	False
APOLD1	NFIC;PROM_NFIB	2.23815292863844	2.55081974221406e-08	False	(array([-0.74758162, -0.24953407]), (-1.1, -0.23913043478260876))	False
APOLD1	NFIX;PROM_NFIB	2.03243855792886	7.86596068242074e-07	False	(array([ 0.74082976, -0.73585639]), (-1.1, -0.23913043478260876))	False
APOLD1	ENHA_FOXA1;PIAS1	10.3937933676865	8.56586630114807e-55	False	((1.1666666666666667, -0.6881773399014779), array([-0.50073517, -0.00596633]))	False
APOLD1	ENHA_CREB1;PIAS1	18.7349185347601	2.3025165995346697e-83	False	((1.1, -0.9374384236453203), array([-0.50073517, -0.00596633]))	False
APOLD1	ENHA_STAT1;PIAS1	16.1070474003098	2.48293978185618e-60	False	((1.1333333333333335, 0.6665024630541874), array([-0.50073517, -0.00596633]))	False
APOLD1	ENHA_PRDM1;PIAS1	14.7962536216126	4.05646681493241e-46	False	((1.1, 0.33054187192118234), array([-0.50073517, -0.00596633]))	False
APOLD1	ENHA_FOXA1;PIAS1	10.3937933676865	8.56586630114807e-55	False	((1.1666666666666667, -0.6881773399014779), array([-0.50073517, -0.00596633]))	False
APOLD1	ENHA_PRDM1;PIAS1	14.7962536216126	4.05646681493241e-46	False	((1.1, 0.33054187192118234), array([-0.50073517, -0.00596633]))	False
APOLD1	ENHA_FOXA1;PIAS1	10.3937933676865	8.56586630114807e-55	False	((1.1666666666666667, -0.6881773399014779), array([-0.50073517, -0.00596633]))	False
APOLD1	ENHA_STAT1;PIAS1	16.1070474003098	2.48293978185618e-60	False	((1.1333333333333335, 0.6665024630541874), array([-0.50073517, -0.00596633]))	False
APOLD1	ENHA_FOXA1;PIAS1	10.3937933676865	8.56586630114807e-55	False	((1.1666666666666667, -0.6881773399014779), array([-0.50073517, -0.00596633]))	False
APOLD1	ENHA_PRDM1;PIAS1	14.7962536216126	4.05646681493241e-46	False	((1.1, 0.33054187192118234), array([-0.50073517, -0.00596633]))	False
APOLD1	ENHA_STAT1;PIAS1	16.1070474003098	2.48293978185618e-60	False	((1.1333333333333335, 0.6665024630541874), array([-0.50073517, -0.00596633]))	False
APOLD1	ENHA_JUN;PIAS1	8.0832589201247	2.2093265365180098e-57	False	((1.1666666666666667, -0.33054187192118223), array([-0.50073517, -0.00596633]))	False
APOLD1	ENHA_STAT1;PIAS1	16.1070474003098	2.48293978185618e-60	False	((1.1333333333333335, 0.6665024630541874), array([-0.50073517, -0.00596633]))	False
APOLD1	ENHA_FOXA1;PIAS1	10.3937933676865	8.56586630114807e-55	False	((1.1666666666666667, -0.6881773399014779), array([-0.50073517, -0.00596633]))	False
APOLD1	ENHA_FOXA1;PIAS1	10.3937933676865	8.56586630114807e-55	False	((1.1666666666666667, -0.6881773399014779), array([-0.50073517, -0.00596633]))	False
APOLD1	ENHA_TP53;PIAS1	28.5931925360335	2.86560100480345e-99	False	((1.1666666666666667, 0.8724137931034484), array([-0.50073517, -0.00596633]))	False
APOLD1	ENHA_FOXA1;PIAS1	10.3937933676865	8.56586630114807e-55	False	((1.1666666666666667, -0.6881773399014779), array([-0.50073517, -0.00596633]))	False
APOLD1	ENHA_PPARG;PIAS1	7.76865111424752	4.24201753197742e-56	False	((1.1666666666666667, 0.31970443349753697), array([-0.50073517, -0.00596633]))	False
APOLD1	ENHA_TP53;PIAS1	28.5931925360335	2.86560100480345e-99	False	((1.1666666666666667, 0.8724137931034484), array([-0.50073517, -0.00596633]))	False
APOLD1	ENHA_STAT1;PIAS1	16.1070474003098	2.48293978185618e-60	False	((1.1333333333333335, 0.6665024630541874), array([-0.50073517, -0.00596633]))	False
APOLD1	ENHA_PRDM1;PIAS1	14.7962536216126	4.05646681493241e-46	False	((1.1, 0.33054187192118234), array([-0.50073517, -0.00596633]))	False
APOLD1	ENHA_FOXA1;PIAS1	10.3937933676865	8.56586630114807e-55	False	((1.1666666666666667, -0.6881773399014779), array([-0.50073517, -0.00596633]))	False
APOLD1	ENHA_SREBF2;PIAS1	10.2085719719688	7.667654402644779e-69	False	((1.1666666666666667, 0.6448275862068966), array([-0.50073517, -0.00596633]))	False
APOLD1	ENHA_AR;PIAS1	11.1467121962441	1.97209616708709e-73	False	((1.1, -1.1), array([-0.50073517, -0.00596633]))	False
APOLD1	ENHA_SP3;PIAS1	20.3520379401968	7.641440028217011e-67	False	((1.1333333333333335, 0.6014778325123153), array([-0.50073517, -0.00596633]))	False
APOLD1	ENHA_JUN;PIAS1	8.0832589201247	2.2093265365180098e-57	False	((1.1666666666666667, -0.33054187192118223), array([-0.50073517, -0.00596633]))	False
APOLD1	ENHA_FOXA1;PIAS1	10.3937933676865	8.56586630114807e-55	False	((1.1666666666666667, -0.6881773399014779), array([-0.50073517, -0.00596633]))	False
APOLD1	ENHA_FOXA1;PIAS1	10.3937933676865	8.56586630114807e-55	False	((1.1666666666666667, -0.6881773399014779), array([-0.50073517, -0.00596633]))	False
APOLD1	ENHA_PRDM1;PIAS1	14.7962536216126	4.05646681493241e-46	False	((1.1, 0.33054187192118234), array([-0.50073517, -0.00596633]))	False
APOLD1	ENHA_HIF1A;PIAS1	6.86160361320221	1.09006901203984e-40	False	((1.1, -0.5147783251231527), array([-0.50073517, -0.00596633]))	False
APOLD1	ENHA_SP3;PIAS1	20.3520379401968	7.641440028217011e-67	False	((1.1333333333333335, 0.6014778325123153), array([-0.50073517, -0.00596633]))	False
APOLD1	ENHA_AR;PIAS1	11.1467121962441	1.97209616708709e-73	False	((1.1, -1.1), array([-0.50073517, -0.00596633]))	False
APOLD1	ENHA_PRDM1;PIAS1	14.7962536216126	4.05646681493241e-46	False	((1.1, 0.33054187192118234), array([-0.50073517, -0.00596633]))	False
APOLD1	ENHA_AR;PIAS1	11.1467121962441	1.97209616708709e-73	False	((1.1, -1.1), array([-0.50073517, -0.00596633]))	False
APOLD1	ENHA_PRDM1;PIAS1	14.7962536216126	4.05646681493241e-46	False	((1.1, 0.33054187192118234), array([-0.50073517, -0.00596633]))	False
APOLD1	ENHA_SP3;PIAS1	20.3520379401968	7.641440028217011e-67	False	((1.1333333333333335, 0.6014778325123153), array([-0.50073517, -0.00596633]))	False
APOLD1	ENHA_PRDM1;PIAS1	14.7962536216126	4.05646681493241e-46	False	((1.1, 0.33054187192118234), array([-0.50073517, -0.00596633]))	False
APOLD1	ENHA_HIF1A;PIAS1	6.86160361320221	1.09006901203984e-40	False	((1.1, -0.5147783251231527), array([-0.50073517, -0.00596633]))	False
APOLD1	ENHA_TP53;PIAS1	28.5931925360335	2.86560100480345e-99	False	((1.1666666666666667, 0.8724137931034484), array([-0.50073517, -0.00596633]))	False
APOLD1	ENHA_PRDM1;PIAS1	14.7962536216126	4.05646681493241e-46	False	((1.1, 0.33054187192118234), array([-0.50073517, -0.00596633]))	False
APOLD1	ENHA_SREBF2;PIAS1	10.2085719719688	7.667654402644779e-69	False	((1.1666666666666667, 0.6448275862068966), array([-0.50073517, -0.00596633]))	False
APOLD1	ENHA_STAT1;PIAS1	16.1070474003098	2.48293978185618e-60	False	((1.1333333333333335, 0.6665024630541874), array([-0.50073517, -0.00596633]))	False
APOLD1	ENHA_TP53;PIAS1	28.5931925360335	2.86560100480345e-99	False	((1.1666666666666667, 0.8724137931034484), array([-0.50073517, -0.00596633]))	False
APOLD1	ENHA_TP53;PIAS1	28.5931925360335	2.86560100480345e-99	False	((1.1666666666666667, 0.8724137931034484), array([-0.50073517, -0.00596633]))	False
APOLD1	ENHA_AR;PIAS1	11.1467121962441	1.97209616708709e-73	False	((1.1, -1.1), array([-0.50073517, -0.00596633]))	False
APOLD1	ENHA_TP53;PIAS1	28.5931925360335	2.86560100480345e-99	False	((1.1666666666666667, 0.8724137931034484), array([-0.50073517, -0.00596633]))	False
APOLD1	ENHA_FOXA1;PIAS1	10.3937933676865	8.56586630114807e-55	False	((1.1666666666666667, -0.6881773399014779), array([-0.50073517, -0.00596633]))	False
APOLD1	ENHA_STAT1;PIAS1	16.1070474003098	2.48293978185618e-60	False	((1.1333333333333335, 0.6665024630541874), array([-0.50073517, -0.00596633]))	False
APOLD1	ENHA_SREBF2;PIAS1	10.2085719719688	7.667654402644779e-69	False	((1.1666666666666667, 0.6448275862068966), array([-0.50073517, -0.00596633]))	False
APOLD1	ENHA_PRDM1;PIAS1	14.7962536216126	4.05646681493241e-46	False	((1.1, 0.33054187192118234), array([-0.50073517, -0.00596633]))	False
APOLD1	ENHA_STAT1;PIAS1	16.1070474003098	2.48293978185618e-60	False	((1.1333333333333335, 0.6665024630541874), array([-0.50073517, -0.00596633]))	False
APOLD1	ENHA_SP3;PIAS1	20.3520379401968	7.641440028217011e-67	False	((1.1333333333333335, 0.6014778325123153), array([-0.50073517, -0.00596633]))	False
APOLD1	ENHA_CREB1;PIAS1	18.7349185347601	2.3025165995346697e-83	False	((1.1, -0.9374384236453203), array([-0.50073517, -0.00596633]))	False
APOLD1	ENHA_JUN;PIAS1	8.0832589201247	2.2093265365180098e-57	False	((1.1666666666666667, -0.33054187192118223), array([-0.50073517, -0.00596633]))	False
APOLD1	ENHA_HIF1A;PIAS1	6.86160361320221	1.09006901203984e-40	False	((1.1, -0.5147783251231527), array([-0.50073517, -0.00596633]))	False
APOLD1	ENHA_AR;PIAS1	11.1467121962441	1.97209616708709e-73	False	((1.1, -1.1), array([-0.50073517, -0.00596633]))	False
APOLD1	ENHA_CREB1;PIAS1	18.7349185347601	2.3025165995346697e-83	False	((1.1, -0.9374384236453203), array([-0.50073517, -0.00596633]))	False
APOLD1	ENHA_STAT1;PIAS1	16.1070474003098	2.48293978185618e-60	False	((1.1333333333333335, 0.6665024630541874), array([-0.50073517, -0.00596633]))	False
APOLD1	ENHA_STAT1;PIAS1	16.1070474003098	2.48293978185618e-60	False	((1.1333333333333335, 0.6665024630541874), array([-0.50073517, -0.00596633]))	False
APOLD1	ENHA_PRDM1;PIAS1	14.7962536216126	4.05646681493241e-46	False	((1.1, 0.33054187192118234), array([-0.50073517, -0.00596633]))	False
APOLD1	ENHA_TP53;PIAS1	28.5931925360335	2.86560100480345e-99	False	((1.1666666666666667, 0.8724137931034484), array([-0.50073517, -0.00596633]))	False
APOLD1	ENHA_SP3;PIAS1	20.3520379401968	7.641440028217011e-67	False	((1.1333333333333335, 0.6014778325123153), array([-0.50073517, -0.00596633]))	False
APOLD1	ENHA_AR;PIAS1	11.1467121962441	1.97209616708709e-73	False	((1.1, -1.1), array([-0.50073517, -0.00596633]))	False
APOLD1	ENHA_PRDM1;PIAS1	14.7962536216126	4.05646681493241e-46	False	((1.1, 0.33054187192118234), array([-0.50073517, -0.00596633]))	False
APOLD1	ENHA_PPARG;PIAS1	7.76865111424752	4.24201753197742e-56	False	((1.1666666666666667, 0.31970443349753697), array([-0.50073517, -0.00596633]))	False
APOLD1	ENHA_FOXA1;PIAS1	10.3937933676865	8.56586630114807e-55	False	((1.1666666666666667, -0.6881773399014779), array([-0.50073517, -0.00596633]))	False
APOLD1	ENHA_SREBF2;PIAS1	10.2085719719688	7.667654402644779e-69	False	((1.1666666666666667, 0.6448275862068966), array([-0.50073517, -0.00596633]))	False
APOLD1	ENHA_PRDM1;PIAS1	14.7962536216126	4.05646681493241e-46	False	((1.1, 0.33054187192118234), array([-0.50073517, -0.00596633]))	False
APOLD1	ENHA_FOXA1;PIAS1	10.3937933676865	8.56586630114807e-55	False	((1.1666666666666667, -0.6881773399014779), array([-0.50073517, -0.00596633]))	False
APOLD1	ENHA_AR;PIAS1	11.1467121962441	1.97209616708709e-73	False	((1.1, -1.1), array([-0.50073517, -0.00596633]))	False
APOLD1	ENHA_STAT1;PIAS1	16.1070474003098	2.48293978185618e-60	False	((1.1333333333333335, 0.6665024630541874), array([-0.50073517, -0.00596633]))	False
APOLD1	ENHA_PRDM1;PIAS1	14.7962536216126	4.05646681493241e-46	False	((1.1, 0.33054187192118234), array([-0.50073517, -0.00596633]))	False
APOLD1	ENHA_FOXA1;PIAS1	10.3937933676865	8.56586630114807e-55	False	((1.1666666666666667, -0.6881773399014779), array([-0.50073517, -0.00596633]))	False
APOLD1	ENHA_STAT1;PIAS1	16.1070474003098	2.48293978185618e-60	False	((1.1333333333333335, 0.6665024630541874), array([-0.50073517, -0.00596633]))	False
APOLD1	ENHA_PRDM1;PIAS1	14.7962536216126	4.05646681493241e-46	False	((1.1, 0.33054187192118234), array([-0.50073517, -0.00596633]))	False
APOLD1	ENHA_GABPA;PROM_SP3	10.9485296272706	2.5230835422542602e-73	False	((1.1666666666666667, -0.6231527093596059), (-1.1, 0.33478260869565224))	False
APOLD1	ENHA_GABPA;PROM_SP3	10.9485296272706	2.5230835422542602e-73	False	((1.1666666666666667, -0.6231527093596059), (-1.1, 0.33478260869565224))	False
APOLD1	ENHA_GABPA;PROM_SP3	10.9485296272706	2.5230835422542602e-73	False	((1.1666666666666667, -0.6231527093596059), (-1.1, 0.33478260869565224))	False
APOLD1	ENHA_SP1;PROM_SP3	14.254271271342	9.46940741725895e-76	False	((1.1666666666666667, 0.5798029556650248), (-1.1, 0.33478260869565224))	False
APOLD1	ENHA_SP1;PROM_SP3	14.254271271342	9.46940741725895e-76	False	((1.1666666666666667, 0.5798029556650248), (-1.1, 0.33478260869565224))	False
APOLD1	ENHA_GABPA;PROM_SP3	10.9485296272706	2.5230835422542602e-73	False	((1.1666666666666667, -0.6231527093596059), (-1.1, 0.33478260869565224))	False
APOLD1	ENHA_GABPA;PROM_SP3	10.9485296272706	2.5230835422542602e-73	False	((1.1666666666666667, -0.6231527093596059), (-1.1, 0.33478260869565224))	False
APOLD1	ENHA_SP1;PROM_SP3	14.254271271342	9.46940741725895e-76	False	((1.1666666666666667, 0.5798029556650248), (-1.1, 0.33478260869565224))	False
APOLD1	PROM_SP3;STK19	6.47409822922515	1.4192477979845198e-40	False	((-1.1, 0.33478260869565224), array([-0.86851465, -0.19007096]))	False
APOLD1	ENHA_SP1;PROM_SP3	14.254271271342	9.46940741725895e-76	False	((1.1666666666666667, 0.5798029556650248), (-1.1, 0.33478260869565224))	False
APOLD1	ENHA_SP1;PROM_SP3	14.254271271342	9.46940741725895e-76	False	((1.1666666666666667, 0.5798029556650248), (-1.1, 0.33478260869565224))	False
APOLD1	ENHA_GABPA;PROM_SP3	10.9485296272706	2.5230835422542602e-73	False	((1.1666666666666667, -0.6231527093596059), (-1.1, 0.33478260869565224))	False
APOLD1	PIAS1;PROM_SP3	8.39947435605374	1.02823526516208e-34	False	(array([-0.50073517, -0.00596633]), (-1.1, 0.33478260869565224))	False
APOLD1	EPM2AIP1;PROM_ZBTB14	9.89614319862359	2.76224829682123e-60	False	(array([-0.85960372, -0.40840592]), (-1.1666666666666667, 0.8130434782608695))	False
APOLD1	POLR2L;PROM_ZBTB14	9.80709291555045	5.31061418520899e-68	False	(array([-0.71611619,  0.68740555]), (-1.1666666666666667, 0.8130434782608695))	False
APOLD1	MFAP1;PROM_ZBTB14	6.98393531582212	1.9845819845327301e-25	False	(array([-0.9283823 ,  0.39195743]), (-1.1666666666666667, 0.8130434782608695))	False
APOLD1	PROM_ZBTB14;SNRPB2	6.98393531582212	1.9845819845327301e-25	False	((-1.1666666666666667, 0.8130434782608695), array([0.94384449, 0.3483856 ]))	False
APOLD1	BYSL;PROM_ZBTB14	8.90065266512342	1.33721730472649e-62	False	(array([-0.52954596,  0.78540314]), (-1.1666666666666667, 0.8130434782608695))	False
APOLD1	PROM_ZBTB14;ZMAT2	6.98393531582212	1.9845819845327301e-25	False	((-1.1666666666666667, 0.8130434782608695), array([-0.96209607, -0.03142677]))	False
APOLD1	EAF1;PROM_ZBTB14	9.58789293696438	8.32548704934512e-40	False	(array([-0.0840053 , -0.98155107]), (-1.1666666666666667, 0.8130434782608695))	False
APOLD1	ATP5O;PROM_ZBTB14	10.190624532585	4.3989993078389197e-69	False	(array([ 0.81508197, -0.34725389]), (-1.1666666666666667, 0.8130434782608695))	False
APOLD1	NAA10;PROM_ZBTB14	8.2924246799191	6.78096650783627e-43	False	(array([0.94628273, 0.205257  ]), (-1.1666666666666667, 0.8130434782608695))	False
APOLD1	INTS3;PROM_ZBTB14	9.29556797962299	2.04361205885781e-62	False	(array([-0.87214783, -0.44712073]), (-1.1666666666666667, 0.8130434782608695))	False
APOLD1	PROM_ZBTB14;RPS7	12.4940781037033	1.70075316759039e-80	False	((-1.1666666666666667, 0.8130434782608695), array([-0.34783367,  0.93557159]))	False
APOLD1	MAD2L1BP;PROM_ZBTB14	12.4940781037033	1.70075316759039e-80	False	(array([ 0.08827437, -0.86414384]), (-1.1666666666666667, 0.8130434782608695))	False
APOLD1	MORF4L2;PROM_ZBTB14	9.02558117676212	1.02327541482783e-63	False	(array([0.49057412, 0.62952506]), (-1.1666666666666667, 0.8130434782608695))	False
APOLD1	PROM_ZBTB14;SDCBP	9.23006824585266	1.18582459801041e-63	False	((-1.1666666666666667, 0.8130434782608695), array([-0.2028385 ,  0.90370412]))	False
APOLD1	PROM_ZBTB14;RNPS1	7.76333760939931	1.8403552017741802e-47	False	((-1.1666666666666667, 0.8130434782608695), array([ 0.33580106, -0.95742233]))	False
APOLD1	PNKP;PROM_ZBTB14	7.51892072065125	1.00706215547901e-52	False	(array([0.93929679, 0.08348491]), (-1.1666666666666667, 0.8130434782608695))	False
APOLD1	PROM_ZBTB14;TXN2	9.13426155696706	2.44647699945657e-63	False	((-1.1666666666666667, 0.8130434782608695), array([0.52260207, 0.86813256]))	False
APOLD1	NACC1;PROM_ZBTB14	6.8411632247991	5.65898851402613e-47	False	(array([-0.23945359,  0.74349303]), (-1.1666666666666667, 0.8130434782608695))	False
APOLD1	EIF1AD;PROM_ZBTB14	8.60333494614456	2.07234252863575e-59	False	(array([-0.2304707, -0.9839183]), (-1.1666666666666667, 0.8130434782608695))	False
APOLD1	PIN1;PROM_ZBTB14	4.25177624599769	3.60887091586821e-26	False	(array([0.11941353, 0.54737666]), (-1.1666666666666667, 0.8130434782608695))	False
APOLD1	ENHA_BCL6;PROM_ZBTB7A	8.94954446231828	8.32890173183087e-41	False	((1.1666666666666667, -1.0133004926108375), (-1.1, 0.9086956521739129))	False
APOLD1	ENHA_TP53;PROM_ZBTB7A	8.2081075999798	3.9532108102919596e-56	False	((1.1666666666666667, 0.8724137931034484), (-1.1, 0.9086956521739129))	False
APOLD1	ENHA_TP53;PROM_ZBTB7A	8.2081075999798	3.9532108102919596e-56	False	((1.1666666666666667, 0.8724137931034484), (-1.1, 0.9086956521739129))	False
APOLD1	ENHA_AR;PROM_ZBTB7A	8.88591537690454	2.98387186872624e-53	False	((1.1, -1.1), (-1.1, 0.9086956521739129))	False
APOLD1	ENHA_AR;PROM_ZBTB7A	8.88591537690454	2.98387186872624e-53	False	((1.1, -1.1), (-1.1, 0.9086956521739129))	False
APOLD1	ENHA_AR;PROM_ZBTB7A	8.88591537690454	2.98387186872624e-53	False	((1.1, -1.1), (-1.1, 0.9086956521739129))	False
APOLD1	PROM_ZBTB7A;ZMYND8	5.84095271868038	5.74802981865626e-39	False	((-1.1, 0.9086956521739129), array([-0.79147509, -0.59761447]))	False
APOLD1	ENHA_TP53;PROM_ZBTB7A	8.2081075999798	3.9532108102919596e-56	False	((1.1666666666666667, 0.8724137931034484), (-1.1, 0.9086956521739129))	False
APOLD1	ENHA_BCL6;PROM_ZBTB7A	8.94954446231828	8.32890173183087e-41	False	((1.1666666666666667, -1.0133004926108375), (-1.1, 0.9086956521739129))	False
APOLD1	ENHA_TP53;PROM_ZBTB7A	8.2081075999798	3.9532108102919596e-56	False	((1.1666666666666667, 0.8724137931034484), (-1.1, 0.9086956521739129))	False
APOLD1	ENHA_AR;PROM_ZBTB7A	8.88591537690454	2.98387186872624e-53	False	((1.1, -1.1), (-1.1, 0.9086956521739129))	False
APOLD1	ENHA_TP53;PROM_ZBTB7A	8.2081075999798	3.9532108102919596e-56	False	((1.1666666666666667, 0.8724137931034484), (-1.1, 0.9086956521739129))	False
APOLD1	ENHA_AR;PROM_ZBTB7A	8.88591537690454	2.98387186872624e-53	False	((1.1, -1.1), (-1.1, 0.9086956521739129))	False
APOLD1	ENHA_TP53;PROM_ZBTB7A	8.2081075999798	3.9532108102919596e-56	False	((1.1666666666666667, 0.8724137931034484), (-1.1, 0.9086956521739129))	False
APOLD1	ENHA_AR;PROM_ZBTB7A	8.88591537690454	2.98387186872624e-53	False	((1.1, -1.1), (-1.1, 0.9086956521739129))	False
APOLD1	CHD8;PROM_ZBTB7A	4.46307712654273	1.4475663441600402e-31	False	(array([0.59278071, 0.82544571]), (-1.1, 0.9086956521739129))	False
APOLD1	BCL6;PROM_ZBTB7A	4.75274224003971	4.54206153543681e-34	False	(array([-0.11838588,  0.97193018]), (-1.1, 0.9086956521739129))	False
APOLD1	BAZ1A;PROM_ZBTB7A	5.77912165638572	2.2485408265963098e-42	False	(array([ 0.0391671 , -0.86335301]), (-1.1, 0.9086956521739129))	False
APOLD1	CHD3;PROM_ZBTB7A	4.33502700899913	1.7372843149624897e-30	False	(array([-0.17085149, -0.39404197]), (-1.1, 0.9086956521739129))	False
APOLD1	ENHA_AR;PROM_ZBTB7A	8.88591537690454	2.98387186872624e-53	False	((1.1, -1.1), (-1.1, 0.9086956521739129))	False
APOLD1	KHDRBS1;PROM_ZBTB7A	7.59722358776965	1.9178680891338902e-52	False	(array([0.05003449, 0.81790295]), (-1.1, 0.9086956521739129))	False
APOLD1	NFKBIB;PROM_ZBTB7A	4.16099432709398	1.11997053277276e-28	False	(array([0.82786973, 0.56847578]), (-1.1, 0.9086956521739129))	False
APOLD1	AR;PROM_ZBTB7A	2.6224150573028	4.29311891563541e-14	False	(array([0.49545375, 0.19918649]), (-1.1, 0.9086956521739129))	False
APOLD1	ENHA_FOXK2;PROM_NRF1	7.34024344094181	7.68829963431507e-47	False	((1.1666666666666667, -0.6556650246305419), (-1.1, 0.047826086956521685))	False
APOLD1	PROM_NRF1;SIRT7	8.37862001600324	8.2914082738454e-54	False	((-1.1, 0.047826086956521685), array([-0.97431772, -0.26852941]))	False
APOLD1	ENHA_FOXK2;PROM_NRF1	7.34024344094181	7.68829963431507e-47	False	((1.1666666666666667, -0.6556650246305419), (-1.1, 0.047826086956521685))	False
APOLD1	ENHA_FOXK2;PROM_NRF1	7.34024344094181	7.68829963431507e-47	False	((1.1666666666666667, -0.6556650246305419), (-1.1, 0.047826086956521685))	False
APOLD1	DYNLL2;PROM_NRF1	6.41363777086383	1.62646287923083e-24	False	(array([ 0.93166575, -0.29553342]), (-1.1, 0.047826086956521685))	False
APOLD1	CSNK2A1;PROM_NRF1	4.05449075083079	7.71199662972255e-26	False	(array([0.28074727, 0.92880309]), (-1.1, 0.047826086956521685))	False
APOLD1	FOXK2;PROM_NRF1	3.92380400939183	1.6180588329907e-25	False	(array([-0.60625396,  0.08395202]), (-1.1, 0.047826086956521685))	False
APOLD1	ENHA_FOXK2;PROM_NRF1	7.34024344094181	7.68829963431507e-47	False	((1.1666666666666667, -0.6556650246305419), (-1.1, 0.047826086956521685))	False
APOLD1	POGZ;PROM_NRF1	3.43351066125319	3.1484206612909e-20	False	(array([-0.8925105 ,  0.26577489]), (-1.1, 0.047826086956521685))	False
APOLD1	CCND1;PROM_NRF1	6.19742460508623	2.0297094685539e-43	False	(array([0.90102026, 0.4479082 ]), (-1.1, 0.047826086956521685))	False
APOLD1	ENHA_SREBF1;SIRT1	8.82337944205319	8.66157284471465e-62	False	((1.1333333333333335, 0.6339901477832512), array([0.75139196, 0.01811949]))	False
APOLD1	ENHA_FOS;SIRT1	8.2171000461409	1.2767567707914e-57	False	((1.1, -0.7098522167487685), array([0.75139196, 0.01811949]))	False
APOLD1	ENHA_RARA;SIRT1	8.62510108040593	1.52386755851936e-59	False	((1.1666666666666667, 0.3522167487684731), array([0.75139196, 0.01811949]))	False
APOLD1	ENHA_FOXO3;SIRT1	6.33645051754295	3.6367541514853903e-44	False	((1.1, -0.6448275862068966), array([0.75139196, 0.01811949]))	False
APOLD1	ENHA_RARA;SIRT1	8.62510108040593	1.52386755851936e-59	False	((1.1666666666666667, 0.3522167487684731), array([0.75139196, 0.01811949]))	False
APOLD1	ENHA_JUN;SIRT1	8.0585640375432	1.83044390318834e-54	False	((1.1666666666666667, -0.33054187192118223), array([0.75139196, 0.01811949]))	False
APOLD1	ENHA_TP73;SIRT1	9.57416482426027	5.71109725026777e-66	False	((1.1, 0.8832512315270937), array([0.75139196, 0.01811949]))	False
APOLD1	ENHA_TP53;SIRT1	10.3711044971118	3.41444682613851e-69	False	((1.1666666666666667, 0.8724137931034484), array([0.75139196, 0.01811949]))	False
APOLD1	ENHA_TP53;SIRT1	10.3711044971118	3.41444682613851e-69	False	((1.1666666666666667, 0.8724137931034484), array([0.75139196, 0.01811949]))	False
APOLD1	ENHA_ESRRA;SIRT1	7.7206877696187	2.1483699959513003e-55	False	((1.1333333333333335, -0.7640394088669951), array([0.75139196, 0.01811949]))	False
APOLD1	ENHA_RARA;SIRT1	8.62510108040593	1.52386755851936e-59	False	((1.1666666666666667, 0.3522167487684731), array([0.75139196, 0.01811949]))	False
APOLD1	ENHA_AR;SIRT1	10.0310891083716	3.75674539165678e-69	False	((1.1, -1.1), array([0.75139196, 0.01811949]))	False
APOLD1	ENHA_SREBF1;SIRT1	8.82337944205319	8.66157284471465e-62	False	((1.1333333333333335, 0.6339901477832512), array([0.75139196, 0.01811949]))	False
APOLD1	ENHA_RARA;SIRT1	8.62510108040593	1.52386755851936e-59	False	((1.1666666666666667, 0.3522167487684731), array([0.75139196, 0.01811949]))	False
APOLD1	ENHA_SREBF1;SIRT1	8.82337944205319	8.66157284471465e-62	False	((1.1333333333333335, 0.6339901477832512), array([0.75139196, 0.01811949]))	False
APOLD1	ENHA_VDR;SIRT1	7.40236695380734	1.10375794335786e-53	False	((1.1, 0.9157635467980296), array([0.75139196, 0.01811949]))	False
APOLD1	ENHA_JUN;SIRT1	8.0585640375432	1.83044390318834e-54	False	((1.1666666666666667, -0.33054187192118223), array([0.75139196, 0.01811949]))	False
APOLD1	ENHA_HES1;SIRT1	7.27422927807282	4.6899541761701805e-46	False	((1.1, -0.5472906403940887), array([0.75139196, 0.01811949]))	False
APOLD1	ENHA_VDR;SIRT1	7.40236695380734	1.10375794335786e-53	False	((1.1, 0.9157635467980296), array([0.75139196, 0.01811949]))	False
APOLD1	ENHA_FOS;SIRT1	8.2171000461409	1.2767567707914e-57	False	((1.1, -0.7098522167487685), array([0.75139196, 0.01811949]))	False
APOLD1	ENHA_HES1;SIRT1	7.27422927807282	4.6899541761701805e-46	False	((1.1, -0.5472906403940887), array([0.75139196, 0.01811949]))	False
APOLD1	ENHA_MYC;SIRT1	7.86811648496798	1.3075784492759101e-53	False	((1.1666666666666667, -0.005418719211822687), array([0.75139196, 0.01811949]))	False
APOLD1	ENHA_AR;SIRT1	10.0310891083716	3.75674539165678e-69	False	((1.1, -1.1), array([0.75139196, 0.01811949]))	False
APOLD1	ENHA_AR;SIRT1	10.0310891083716	3.75674539165678e-69	False	((1.1, -1.1), array([0.75139196, 0.01811949]))	False
APOLD1	ENHA_FOXO3;SIRT1	6.33645051754295	3.6367541514853903e-44	False	((1.1, -0.6448275862068966), array([0.75139196, 0.01811949]))	False
APOLD1	ENHA_HOXB9;SIRT1	4.80066025569306	1.9665894900793503e-15	False	((1.1, -0.4497536945812808), array([0.75139196, 0.01811949]))	False
APOLD1	ENHA_VDR;SIRT1	7.40236695380734	1.10375794335786e-53	False	((1.1, 0.9157635467980296), array([0.75139196, 0.01811949]))	False
APOLD1	ENHA_HES1;SIRT1	7.27422927807282	4.6899541761701805e-46	False	((1.1, -0.5472906403940887), array([0.75139196, 0.01811949]))	False
APOLD1	ENHA_MYC;SIRT1	7.86811648496798	1.3075784492759101e-53	False	((1.1666666666666667, -0.005418719211822687), array([0.75139196, 0.01811949]))	False
APOLD1	ENHA_TP73;SIRT1	9.57416482426027	5.71109725026777e-66	False	((1.1, 0.8832512315270937), array([0.75139196, 0.01811949]))	False
APOLD1	ENHA_TP53;SIRT1	10.3711044971118	3.41444682613851e-69	False	((1.1666666666666667, 0.8724137931034484), array([0.75139196, 0.01811949]))	False
APOLD1	ENHA_TP73;SIRT1	9.57416482426027	5.71109725026777e-66	False	((1.1, 0.8832512315270937), array([0.75139196, 0.01811949]))	False
APOLD1	ENHA_TP53;SIRT1	10.3711044971118	3.41444682613851e-69	False	((1.1666666666666667, 0.8724137931034484), array([0.75139196, 0.01811949]))	False
APOLD1	ENHA_TP53;SIRT1	10.3711044971118	3.41444682613851e-69	False	((1.1666666666666667, 0.8724137931034484), array([0.75139196, 0.01811949]))	False
APOLD1	ENHA_ESRRA;SIRT1	7.7206877696187	2.1483699959513003e-55	False	((1.1333333333333335, -0.7640394088669951), array([0.75139196, 0.01811949]))	False
APOLD1	ENHA_AR;SIRT1	10.0310891083716	3.75674539165678e-69	False	((1.1, -1.1), array([0.75139196, 0.01811949]))	False
APOLD1	ENHA_RARA;SIRT1	8.62510108040593	1.52386755851936e-59	False	((1.1666666666666667, 0.3522167487684731), array([0.75139196, 0.01811949]))	False
APOLD1	ENHA_TP53;SIRT1	10.3711044971118	3.41444682613851e-69	False	((1.1666666666666667, 0.8724137931034484), array([0.75139196, 0.01811949]))	False
APOLD1	ENHA_VDR;SIRT1	7.40236695380734	1.10375794335786e-53	False	((1.1, 0.9157635467980296), array([0.75139196, 0.01811949]))	False
APOLD1	ENHA_RARA;SIRT1	8.62510108040593	1.52386755851936e-59	False	((1.1666666666666667, 0.3522167487684731), array([0.75139196, 0.01811949]))	False
APOLD1	ENHA_MYC;SIRT1	7.86811648496798	1.3075784492759101e-53	False	((1.1666666666666667, -0.005418719211822687), array([0.75139196, 0.01811949]))	False
APOLD1	ENHA_RARA;SIRT1	8.62510108040593	1.52386755851936e-59	False	((1.1666666666666667, 0.3522167487684731), array([0.75139196, 0.01811949]))	False
APOLD1	ENHA_CLOCK;SIRT1	8.21777983087986	1.08595456502199e-46	False	((1.1666666666666667, -0.9482758620689655), array([0.75139196, 0.01811949]))	False
APOLD1	ENHA_SREBF1;SIRT1	8.82337944205319	8.66157284471465e-62	False	((1.1333333333333335, 0.6339901477832512), array([0.75139196, 0.01811949]))	False
APOLD1	ENHA_ESRRA;SIRT1	7.7206877696187	2.1483699959513003e-55	False	((1.1333333333333335, -0.7640394088669951), array([0.75139196, 0.01811949]))	False
APOLD1	ENHA_JUN;SIRT1	8.0585640375432	1.83044390318834e-54	False	((1.1666666666666667, -0.33054187192118223), array([0.75139196, 0.01811949]))	False
APOLD1	ENHA_HES1;SIRT1	7.27422927807282	4.6899541761701805e-46	False	((1.1, -0.5472906403940887), array([0.75139196, 0.01811949]))	False
APOLD1	ENHA_MYC;SIRT1	7.86811648496798	1.3075784492759101e-53	False	((1.1666666666666667, -0.005418719211822687), array([0.75139196, 0.01811949]))	False
APOLD1	ENHA_AR;SIRT1	10.0310891083716	3.75674539165678e-69	False	((1.1, -1.1), array([0.75139196, 0.01811949]))	False
APOLD1	ENHA_SREBF1;SIRT1	8.82337944205319	8.66157284471465e-62	False	((1.1333333333333335, 0.6339901477832512), array([0.75139196, 0.01811949]))	False
APOLD1	ENHA_FOS;SIRT1	8.2171000461409	1.2767567707914e-57	False	((1.1, -0.7098522167487685), array([0.75139196, 0.01811949]))	False
APOLD1	ENHA_CLOCK;SIRT1	8.21777983087986	1.08595456502199e-46	False	((1.1666666666666667, -0.9482758620689655), array([0.75139196, 0.01811949]))	False
APOLD1	ENHA_TP53;SIRT1	10.3711044971118	3.41444682613851e-69	False	((1.1666666666666667, 0.8724137931034484), array([0.75139196, 0.01811949]))	False
APOLD1	ENHA_AR;SIRT1	10.0310891083716	3.75674539165678e-69	False	((1.1, -1.1), array([0.75139196, 0.01811949]))	False
APOLD1	ENHA_FOXO3;SIRT1	6.33645051754295	3.6367541514853903e-44	False	((1.1, -0.6448275862068966), array([0.75139196, 0.01811949]))	False
APOLD1	ENHA_AR;SIRT1	10.0310891083716	3.75674539165678e-69	False	((1.1, -1.1), array([0.75139196, 0.01811949]))	False
APOLD1	ENHA_ESRRA;SIRT1	7.7206877696187	2.1483699959513003e-55	False	((1.1333333333333335, -0.7640394088669951), array([0.75139196, 0.01811949]))	False
APOLD1	ENHA_RARA;SIRT1	8.62510108040593	1.52386755851936e-59	False	((1.1666666666666667, 0.3522167487684731), array([0.75139196, 0.01811949]))	False
APOLD1	ENHA_RUNX2;PROM_HES1	4.41233324278624	3.5745320001116304e-19	False	((1.1333333333333335, 0.47142857142857153), (-1.1666666666666667, -0.9086956521739131))	False
APOLD1	ENHA_STAT3;PROM_HES1	5.26379527335089	7.52682546898776e-21	False	((1.1666666666666667, 0.6773399014778327), (-1.1666666666666667, -0.9086956521739131))	False
APOLD1	ENHA_STAT3;PROM_HES1	5.26379527335089	7.52682546898776e-21	False	((1.1666666666666667, 0.6773399014778327), (-1.1666666666666667, -0.9086956521739131))	False
APOLD1	ENHA_RUNX2;PROM_HES1	4.41233324278624	3.5745320001116304e-19	False	((1.1333333333333335, 0.47142857142857153), (-1.1666666666666667, -0.9086956521739131))	False
APOLD1	ENHA_RUNX2;PROM_HES1	4.41233324278624	3.5745320001116304e-19	False	((1.1333333333333335, 0.47142857142857153), (-1.1666666666666667, -0.9086956521739131))	False
APOLD1	ENHA_RUNX2;PROM_HES1	4.41233324278624	3.5745320001116304e-19	False	((1.1333333333333335, 0.47142857142857153), (-1.1666666666666667, -0.9086956521739131))	False
APOLD1	ENHA_RUNX2;PROM_HES1	4.41233324278624	3.5745320001116304e-19	False	((1.1333333333333335, 0.47142857142857153), (-1.1666666666666667, -0.9086956521739131))	False
APOLD1	ENHA_STAT3;PROM_HES1	5.26379527335089	7.52682546898776e-21	False	((1.1666666666666667, 0.6773399014778327), (-1.1666666666666667, -0.9086956521739131))	False
APOLD1	ENHA_RUNX2;PROM_HES1	4.41233324278624	3.5745320001116304e-19	False	((1.1333333333333335, 0.47142857142857153), (-1.1666666666666667, -0.9086956521739131))	False
APOLD1	ENHA_STAT3;PROM_HES1	5.26379527335089	7.52682546898776e-21	False	((1.1666666666666667, 0.6773399014778327), (-1.1666666666666667, -0.9086956521739131))	False
APOLD1	FANCL;PROM_HES1	6.29444810043213	5.82628666160743e-12	False	(array([0.59551374, 0.59049947]), (-1.1666666666666667, -0.9086956521739131))	False
APOLD1	ENHA_HEY1;PROM_HES1	6.17341509442076	5.955161178169571e-15	False	((1.1333333333333335, -0.5364532019704433), (-1.1666666666666667, -0.9086956521739131))	False
APOLD1	PROM_HES1;RUNX2	3.33270643079121	9.129363639742431e-15	False	((-1.1666666666666667, -0.9086956521739131), array([-0.80360784, -0.637776  ]))	False
APOLD1	ENHA_STAT3;PROM_HES1	5.26379527335089	7.52682546898776e-21	False	((1.1666666666666667, 0.6773399014778327), (-1.1666666666666667, -0.9086956521739131))	False
APOLD1	ENHA_STAT3;PROM_HES1	5.26379527335089	7.52682546898776e-21	False	((1.1666666666666667, 0.6773399014778327), (-1.1666666666666667, -0.9086956521739131))	False
APOLD1	PROM_HES1;TLE1	2.50815302128382	2.10982495587094e-10	False	((-1.1666666666666667, -0.9086956521739131), array([-0.95006903,  0.13985069]))	False
APOLD1	ENHA_RUNX2;PROM_HES1	4.41233324278624	3.5745320001116304e-19	False	((1.1333333333333335, 0.47142857142857153), (-1.1666666666666667, -0.9086956521739131))	False
APOLD1	PROM_HES1;SIRT1	2.12801360417081	1.26882464109487e-07	False	((-1.1666666666666667, -0.9086956521739131), array([0.75139196, 0.01811949]))	False
APOLD1	CBX5;ENHA_ZNF460	13.6097762436731	1.30481781058778e-53	False	(array([-0.81866247,  0.59997229]), (1.1333333333333335, 1.0891625615763547))	False
APOLD1	CBX5;ENHA_ZNF274	8.71164529000363	3.2896597979415804e-60	False	(array([-0.81866247,  0.59997229]), (1.1666666666666667, 1.0674876847290644))	False
APOLD1	CBX5;ENHA_ZNF460	13.6097762436731	1.30481781058778e-53	False	(array([-0.81866247,  0.59997229]), (1.1333333333333335, 1.0891625615763547))	False
APOLD1	CBX5;ENHA_ZNF274	8.71164529000363	3.2896597979415804e-60	False	(array([-0.81866247,  0.59997229]), (1.1666666666666667, 1.0674876847290644))	False
APOLD1	CBX5;ENHA_ZNF274	8.71164529000363	3.2896597979415804e-60	False	(array([-0.81866247,  0.59997229]), (1.1666666666666667, 1.0674876847290644))	False
APOLD1	CBX5;ENHA_ZNF460	13.6097762436731	1.30481781058778e-53	False	(array([-0.81866247,  0.59997229]), (1.1333333333333335, 1.0891625615763547))	False
APOLD1	CBX5;ENHA_KLF11	12.6447832863521	1.84471372913305e-69	False	(array([-0.81866247,  0.59997229]), (1.1, -0.28719211822660096))	False
APOLD1	CBX5;ENHA_KLF11	12.6447832863521	1.84471372913305e-69	False	(array([-0.81866247,  0.59997229]), (1.1, -0.28719211822660096))	False
APOLD1	CBX5;ENHA_ZNF460	13.6097762436731	1.30481781058778e-53	False	(array([-0.81866247,  0.59997229]), (1.1333333333333335, 1.0891625615763547))	False
APOLD1	CBX5;ENHA_ZNF274	8.71164529000363	3.2896597979415804e-60	False	(array([-0.81866247,  0.59997229]), (1.1666666666666667, 1.0674876847290644))	False
APOLD1	CBX5;ENHA_ZNF460	13.6097762436731	1.30481781058778e-53	False	(array([-0.81866247,  0.59997229]), (1.1333333333333335, 1.0891625615763547))	False
APOLD1	CBX5;ENHA_ZNF274	8.71164529000363	3.2896597979415804e-60	False	(array([-0.81866247,  0.59997229]), (1.1666666666666667, 1.0674876847290644))	False
APOLD1	CBX5;ENHA_ZNF460	13.6097762436731	1.30481781058778e-53	False	(array([-0.81866247,  0.59997229]), (1.1333333333333335, 1.0891625615763547))	False
APOLD1	CBX5;ENHA_KLF11	12.6447832863521	1.84471372913305e-69	False	(array([-0.81866247,  0.59997229]), (1.1, -0.28719211822660096))	False
APOLD1	CBX5;ENHA_ZNF460	13.6097762436731	1.30481781058778e-53	False	(array([-0.81866247,  0.59997229]), (1.1333333333333335, 1.0891625615763547))	False
APOLD1	CBX5;ENHA_KLF11	12.6447832863521	1.84471372913305e-69	False	(array([-0.81866247,  0.59997229]), (1.1, -0.28719211822660096))	False
APOLD1	CBX5;ENHA_ZNF274	8.71164529000363	3.2896597979415804e-60	False	(array([-0.81866247,  0.59997229]), (1.1666666666666667, 1.0674876847290644))	False
APOLD1	CBX5;PROM_ZNF460	8.87171350843981	5.7979177517285e-42	False	(array([-0.81866247,  0.59997229]), (-1.1666666666666667, 1.1))	False
APOLD1	ENHA_ZEB1;KAT5	43.1205028833641	3.1082808141069803e-58	False	((1.1, 1.0133004926108375), array([ 0.0659003 , -0.17472338]))	False
APOLD1	ENHA_NFKB1;KAT5	167.731512114672	4.3765501710968905e-53	False	((1.1333333333333335, 0.08128078817733986), array([ 0.0659003 , -0.17472338]))	False
APOLD1	ENHA_CREB1;KAT5	23.517924450224	2.65308731697525e-82	False	((1.1, -0.9374384236453203), array([ 0.0659003 , -0.17472338]))	False
APOLD1	ENHA_NFKB1;KAT5	167.731512114672	4.3765501710968905e-53	False	((1.1333333333333335, 0.08128078817733986), array([ 0.0659003 , -0.17472338]))	False
APOLD1	ENHA_ZEB1;KAT5	43.1205028833641	3.1082808141069803e-58	False	((1.1, 1.0133004926108375), array([ 0.0659003 , -0.17472338]))	False
APOLD1	ENHA_ZNF24;KAT5	9.00783305623492	7.42692872206961e-62	False	((1.1333333333333335, 1.056650246305419), array([ 0.0659003 , -0.17472338]))	False
APOLD1	ENHA_ZEB1;KAT5	43.1205028833641	3.1082808141069803e-58	False	((1.1, 1.0133004926108375), array([ 0.0659003 , -0.17472338]))	False
APOLD1	ENHA_ZEB1;KAT5	43.1205028833641	3.1082808141069803e-58	False	((1.1, 1.0133004926108375), array([ 0.0659003 , -0.17472338]))	False
APOLD1	ENHA_NFKB1;KAT5	167.731512114672	4.3765501710968905e-53	False	((1.1333333333333335, 0.08128078817733986), array([ 0.0659003 , -0.17472338]))	False
APOLD1	ENHA_ZEB1;KAT5	43.1205028833641	3.1082808141069803e-58	False	((1.1, 1.0133004926108375), array([ 0.0659003 , -0.17472338]))	False
APOLD1	ENHA_NFKB1;KAT5	167.731512114672	4.3765501710968905e-53	False	((1.1333333333333335, 0.08128078817733986), array([ 0.0659003 , -0.17472338]))	False
APOLD1	ENHA_TP53;KAT5	39.7512779512022	1.48062715099311e-98	False	((1.1666666666666667, 0.8724137931034484), array([ 0.0659003 , -0.17472338]))	False
APOLD1	ENHA_PPARG;KAT5	6.92545239530428	3.68108013959897e-50	False	((1.1666666666666667, 0.31970443349753697), array([ 0.0659003 , -0.17472338]))	False
APOLD1	ENHA_ZNF24;KAT5	9.00783305623492	7.42692872206961e-62	False	((1.1333333333333335, 1.056650246305419), array([ 0.0659003 , -0.17472338]))	False
APOLD1	ENHA_TP53;KAT5	39.7512779512022	1.48062715099311e-98	False	((1.1666666666666667, 0.8724137931034484), array([ 0.0659003 , -0.17472338]))	False
APOLD1	ENHA_KLF4;KAT5	59.6429462563632	1.4773155389816501e-52	False	((1.1666666666666667, -0.23300492610837442), array([ 0.0659003 , -0.17472338]))	False
APOLD1	ENHA_NFKB1;KAT5	167.731512114672	4.3765501710968905e-53	False	((1.1333333333333335, 0.08128078817733986), array([ 0.0659003 , -0.17472338]))	False
APOLD1	ENHA_AR;KAT5	10.7155977923193	2.32388995792169e-70	False	((1.1, -1.1), array([ 0.0659003 , -0.17472338]))	False
APOLD1	ENHA_NFKB1;KAT5	167.731512114672	4.3765501710968905e-53	False	((1.1333333333333335, 0.08128078817733986), array([ 0.0659003 , -0.17472338]))	False
APOLD1	ENHA_ZEB1;KAT5	43.1205028833641	3.1082808141069803e-58	False	((1.1, 1.0133004926108375), array([ 0.0659003 , -0.17472338]))	False
APOLD1	ENHA_KLF4;KAT5	59.6429462563632	1.4773155389816501e-52	False	((1.1666666666666667, -0.23300492610837442), array([ 0.0659003 , -0.17472338]))	False
APOLD1	ENHA_ZEB1;KAT5	43.1205028833641	3.1082808141069803e-58	False	((1.1, 1.0133004926108375), array([ 0.0659003 , -0.17472338]))	False
APOLD1	ENHA_KLF4;KAT5	59.6429462563632	1.4773155389816501e-52	False	((1.1666666666666667, -0.23300492610837442), array([ 0.0659003 , -0.17472338]))	False
APOLD1	ENHA_MYC;KAT5	8.21609644834508	7.34484652566299e-59	False	((1.1666666666666667, -0.005418719211822687), array([ 0.0659003 , -0.17472338]))	False
APOLD1	ENHA_KLF4;KAT5	59.6429462563632	1.4773155389816501e-52	False	((1.1666666666666667, -0.23300492610837442), array([ 0.0659003 , -0.17472338]))	False
APOLD1	ENHA_AR;KAT5	10.7155977923193	2.32388995792169e-70	False	((1.1, -1.1), array([ 0.0659003 , -0.17472338]))	False
APOLD1	ENHA_AR;KAT5	10.7155977923193	2.32388995792169e-70	False	((1.1, -1.1), array([ 0.0659003 , -0.17472338]))	False
APOLD1	ENHA_ZNF24;KAT5	9.00783305623492	7.42692872206961e-62	False	((1.1333333333333335, 1.056650246305419), array([ 0.0659003 , -0.17472338]))	False
APOLD1	ENHA_KLF4;KAT5	59.6429462563632	1.4773155389816501e-52	False	((1.1666666666666667, -0.23300492610837442), array([ 0.0659003 , -0.17472338]))	False
APOLD1	ENHA_NFKB1;KAT5	167.731512114672	4.3765501710968905e-53	False	((1.1333333333333335, 0.08128078817733986), array([ 0.0659003 , -0.17472338]))	False
APOLD1	ENHA_NFKB1;KAT5	167.731512114672	4.3765501710968905e-53	False	((1.1333333333333335, 0.08128078817733986), array([ 0.0659003 , -0.17472338]))	False
APOLD1	ENHA_MYC;KAT5	8.21609644834508	7.34484652566299e-59	False	((1.1666666666666667, -0.005418719211822687), array([ 0.0659003 , -0.17472338]))	False
APOLD1	ENHA_CEBPA;KAT5	9.09656029437981	3.44693031518178e-62	False	((1.1666666666666667, -0.9807881773399015), array([ 0.0659003 , -0.17472338]))	False
APOLD1	ENHA_KLF4;KAT5	59.6429462563632	1.4773155389816501e-52	False	((1.1666666666666667, -0.23300492610837442), array([ 0.0659003 , -0.17472338]))	False
APOLD1	ENHA_TP53;KAT5	39.7512779512022	1.48062715099311e-98	False	((1.1666666666666667, 0.8724137931034484), array([ 0.0659003 , -0.17472338]))	False
APOLD1	ENHA_NFKB1;KAT5	167.731512114672	4.3765501710968905e-53	False	((1.1333333333333335, 0.08128078817733986), array([ 0.0659003 , -0.17472338]))	False
APOLD1	ENHA_TP53;KAT5	39.7512779512022	1.48062715099311e-98	False	((1.1666666666666667, 0.8724137931034484), array([ 0.0659003 , -0.17472338]))	False
APOLD1	ENHA_KLF4;KAT5	59.6429462563632	1.4773155389816501e-52	False	((1.1666666666666667, -0.23300492610837442), array([ 0.0659003 , -0.17472338]))	False
APOLD1	ENHA_HMBOX1;KAT5	4.99485420489438	1.2269530676215e-24	False	((1.1333333333333335, -0.5039408866995074), array([ 0.0659003 , -0.17472338]))	False
APOLD1	ENHA_ZEB1;KAT5	43.1205028833641	3.1082808141069803e-58	False	((1.1, 1.0133004926108375), array([ 0.0659003 , -0.17472338]))	False
APOLD1	ENHA_TP53;KAT5	39.7512779512022	1.48062715099311e-98	False	((1.1666666666666667, 0.8724137931034484), array([ 0.0659003 , -0.17472338]))	False
APOLD1	ENHA_NR1D2;KAT5	7.26619829491735	7.37770454676775e-53	False	((1.1, 0.1354679802955665), array([ 0.0659003 , -0.17472338]))	False
APOLD1	ENHA_AR;KAT5	10.7155977923193	2.32388995792169e-70	False	((1.1, -1.1), array([ 0.0659003 , -0.17472338]))	False
APOLD1	ENHA_ZEB1;KAT5	43.1205028833641	3.1082808141069803e-58	False	((1.1, 1.0133004926108375), array([ 0.0659003 , -0.17472338]))	False
APOLD1	ENHA_NFKB1;KAT5	167.731512114672	4.3765501710968905e-53	False	((1.1333333333333335, 0.08128078817733986), array([ 0.0659003 , -0.17472338]))	False
APOLD1	ENHA_TP53;KAT5	39.7512779512022	1.48062715099311e-98	False	((1.1666666666666667, 0.8724137931034484), array([ 0.0659003 , -0.17472338]))	False
APOLD1	ENHA_ZEB1;KAT5	43.1205028833641	3.1082808141069803e-58	False	((1.1, 1.0133004926108375), array([ 0.0659003 , -0.17472338]))	False
APOLD1	ENHA_NFKB1;KAT5	167.731512114672	4.3765501710968905e-53	False	((1.1333333333333335, 0.08128078817733986), array([ 0.0659003 , -0.17472338]))	False
APOLD1	ENHA_ZNF24;KAT5	9.00783305623492	7.42692872206961e-62	False	((1.1333333333333335, 1.056650246305419), array([ 0.0659003 , -0.17472338]))	False
APOLD1	ENHA_ETV6;KAT5	6.12225937728409	2.00835142570684e-39	False	((1.1666666666666667, -0.7206896551724138), array([ 0.0659003 , -0.17472338]))	False
APOLD1	ENHA_NFKB1;KAT5	167.731512114672	4.3765501710968905e-53	False	((1.1333333333333335, 0.08128078817733986), array([ 0.0659003 , -0.17472338]))	False
APOLD1	ENHA_MYC;KAT5	8.21609644834508	7.34484652566299e-59	False	((1.1666666666666667, -0.005418719211822687), array([ 0.0659003 , -0.17472338]))	False
APOLD1	ENHA_ATF3;KAT5	6.9104730571445	3.28032741625833e-45	False	((1.1, -1.0674876847290642), array([ 0.0659003 , -0.17472338]))	False
APOLD1	ENHA_CREB1;KAT5	23.517924450224	2.65308731697525e-82	False	((1.1, -0.9374384236453203), array([ 0.0659003 , -0.17472338]))	False
APOLD1	ENHA_CEBPA;KAT5	9.09656029437981	3.44693031518178e-62	False	((1.1666666666666667, -0.9807881773399015), array([ 0.0659003 , -0.17472338]))	False
APOLD1	ENHA_ZNF24;KAT5	9.00783305623492	7.42692872206961e-62	False	((1.1333333333333335, 1.056650246305419), array([ 0.0659003 , -0.17472338]))	False
APOLD1	ENHA_KLF4;KAT5	59.6429462563632	1.4773155389816501e-52	False	((1.1666666666666667, -0.23300492610837442), array([ 0.0659003 , -0.17472338]))	False
APOLD1	ENHA_MYC;KAT5	8.21609644834508	7.34484652566299e-59	False	((1.1666666666666667, -0.005418719211822687), array([ 0.0659003 , -0.17472338]))	False
APOLD1	ENHA_CEBPA;KAT5	9.09656029437981	3.44693031518178e-62	False	((1.1666666666666667, -0.9807881773399015), array([ 0.0659003 , -0.17472338]))	False
APOLD1	ENHA_AR;KAT5	10.7155977923193	2.32388995792169e-70	False	((1.1, -1.1), array([ 0.0659003 , -0.17472338]))	False
APOLD1	ENHA_ZEB1;KAT5	43.1205028833641	3.1082808141069803e-58	False	((1.1, 1.0133004926108375), array([ 0.0659003 , -0.17472338]))	False
APOLD1	ENHA_CREB1;KAT5	23.517924450224	2.65308731697525e-82	False	((1.1, -0.9374384236453203), array([ 0.0659003 , -0.17472338]))	False
APOLD1	ENHA_ZEB1;KAT5	43.1205028833641	3.1082808141069803e-58	False	((1.1, 1.0133004926108375), array([ 0.0659003 , -0.17472338]))	False
APOLD1	ENHA_KLF4;KAT5	59.6429462563632	1.4773155389816501e-52	False	((1.1666666666666667, -0.23300492610837442), array([ 0.0659003 , -0.17472338]))	False
APOLD1	ENHA_ZEB1;KAT5	43.1205028833641	3.1082808141069803e-58	False	((1.1, 1.0133004926108375), array([ 0.0659003 , -0.17472338]))	False
APOLD1	ENHA_TP53;KAT5	39.7512779512022	1.48062715099311e-98	False	((1.1666666666666667, 0.8724137931034484), array([ 0.0659003 , -0.17472338]))	False
APOLD1	ENHA_ZBTB14;KAT5	5.22156461251889	5.64918983937408e-37	False	((1.1, 0.9482758620689657), array([ 0.0659003 , -0.17472338]))	False
APOLD1	ENHA_KLF4;KAT5	59.6429462563632	1.4773155389816501e-52	False	((1.1666666666666667, -0.23300492610837442), array([ 0.0659003 , -0.17472338]))	False
APOLD1	ENHA_AR;KAT5	10.7155977923193	2.32388995792169e-70	False	((1.1, -1.1), array([ 0.0659003 , -0.17472338]))	False
APOLD1	ENHA_PPARG;KAT5	6.92545239530428	3.68108013959897e-50	False	((1.1666666666666667, 0.31970443349753697), array([ 0.0659003 , -0.17472338]))	False
APOLD1	ENHA_NFKB1;KAT5	167.731512114672	4.3765501710968905e-53	False	((1.1333333333333335, 0.08128078817733986), array([ 0.0659003 , -0.17472338]))	False
APOLD1	ENHA_ZNF24;KAT5	9.00783305623492	7.42692872206961e-62	False	((1.1333333333333335, 1.056650246305419), array([ 0.0659003 , -0.17472338]))	False
APOLD1	ENHA_KLF4;KAT5	59.6429462563632	1.4773155389816501e-52	False	((1.1666666666666667, -0.23300492610837442), array([ 0.0659003 , -0.17472338]))	False
APOLD1	ENHA_NFKB1;KAT5	167.731512114672	4.3765501710968905e-53	False	((1.1333333333333335, 0.08128078817733986), array([ 0.0659003 , -0.17472338]))	False
APOLD1	ENHA_ZEB1;KAT5	43.1205028833641	3.1082808141069803e-58	False	((1.1, 1.0133004926108375), array([ 0.0659003 , -0.17472338]))	False
APOLD1	ENHA_ETV6;KAT5	6.12225937728409	2.00835142570684e-39	False	((1.1666666666666667, -0.7206896551724138), array([ 0.0659003 , -0.17472338]))	False
APOLD1	ENHA_NFKB1;KAT5	167.731512114672	4.3765501710968905e-53	False	((1.1333333333333335, 0.08128078817733986), array([ 0.0659003 , -0.17472338]))	False
APOLD1	ENHA_AR;KAT5	10.7155977923193	2.32388995792169e-70	False	((1.1, -1.1), array([ 0.0659003 , -0.17472338]))	False
APOLD1	ENHA_ZNF24;KAT5	9.00783305623492	7.42692872206961e-62	False	((1.1333333333333335, 1.056650246305419), array([ 0.0659003 , -0.17472338]))	False
APOLD1	ENHA_KLF4;KAT5	59.6429462563632	1.4773155389816501e-52	False	((1.1666666666666667, -0.23300492610837442), array([ 0.0659003 , -0.17472338]))	False
APOLD1	KAT5;PROM_ZBTB14	3.86906577682877	8.47057183727806e-23	False	(array([ 0.0659003 , -0.17472338]), (-1.1666666666666667, 0.8130434782608695))	False
APOLD1	ENHA_STAT3;PROM_KLF15	11.1716678385268	4.78693234371019e-75	False	((1.1666666666666667, 0.6773399014778327), (-1.1333333333333335, -0.7173913043478262))	False
APOLD1	ENHA_STAT3;PROM_KLF15	11.1716678385268	4.78693234371019e-75	False	((1.1666666666666667, 0.6773399014778327), (-1.1333333333333335, -0.7173913043478262))	False
APOLD1	ENHA_STAT3;PROM_KLF15	11.1716678385268	4.78693234371019e-75	False	((1.1666666666666667, 0.6773399014778327), (-1.1333333333333335, -0.7173913043478262))	False
APOLD1	ENHA_STAT3;PROM_KLF15	11.1716678385268	4.78693234371019e-75	False	((1.1666666666666667, 0.6773399014778327), (-1.1333333333333335, -0.7173913043478262))	False
APOLD1	PROM_KLF15;ZBTB24	7.40491754054927	7.71887456915112e-33	False	((-1.1333333333333335, -0.7173913043478262), array([-0.34879995, -0.90518699]))	False
APOLD1	CRK;PROM_KLF15	25.6535395451687	5.54045431315213e-90	False	(array([-0.92605428, -0.3323782 ]), (-1.1333333333333335, -0.7173913043478262))	False
APOLD1	APPL1;PROM_KLF15	25.7978537484895	2.55190548712344e-104	False	(array([ 0.28613124, -0.95491675]), (-1.1333333333333335, -0.7173913043478262))	False
APOLD1	PRKAB2;PROM_KLF15	26.4807000601972	7.59967806477373e-100	False	(array([ 0.47382684, -0.9105407 ]), (-1.1333333333333335, -0.7173913043478262))	False
APOLD1	ENHA_STAT3;PROM_KLF15	11.1716678385268	4.78693234371019e-75	False	((1.1666666666666667, 0.6773399014778327), (-1.1333333333333335, -0.7173913043478262))	False
APOLD1	ENHA_STAT3;PROM_KLF15	11.1716678385268	4.78693234371019e-75	False	((1.1666666666666667, 0.6773399014778327), (-1.1333333333333335, -0.7173913043478262))	False
APOLD1	ENHA_TWIST1;KAT2B	6.53918778923048	8.25169829998927e-48	False	((1.1333333333333335, 0.8940886699507391), array([ 0.09292231, -0.58006133]))	False
APOLD1	ENHA_TCF3;KAT2B	30.9404855886324	9.588853140227439e-56	False	((1.1333333333333335, 0.6990147783251233), array([ 0.09292231, -0.58006133]))	False
APOLD1	ENHA_RARA;KAT2B	10.091520274186	1.3035953182603898e-57	False	((1.1666666666666667, 0.3522167487684731), array([ 0.09292231, -0.58006133]))	False
APOLD1	ENHA_IRF1;KAT2B	64.973151394255	2.55696110281407e-41	False	((1.1333333333333335, -0.4064039408866995), array([ 0.09292231, -0.58006133]))	False
APOLD1	ENHA_IRF1;KAT2B	64.973151394255	2.55696110281407e-41	False	((1.1333333333333335, -0.4064039408866995), array([ 0.09292231, -0.58006133]))	False
APOLD1	ENHA_RARA;KAT2B	10.091520274186	1.3035953182603898e-57	False	((1.1666666666666667, 0.3522167487684731), array([ 0.09292231, -0.58006133]))	False
APOLD1	ENHA_IRF2;KAT2B	7.67630168035312	1.49587011720838e-55	False	((1.1666666666666667, -0.39556650246305414), array([ 0.09292231, -0.58006133]))	False
APOLD1	ENHA_IRF1;KAT2B	64.973151394255	2.55696110281407e-41	False	((1.1333333333333335, -0.4064039408866995), array([ 0.09292231, -0.58006133]))	False
APOLD1	ENHA_KLF13;KAT2B	5.20058161196007	2.1534564801219497e-34	False	((1.1333333333333335, -0.2763546798029557), array([ 0.09292231, -0.58006133]))	False
APOLD1	ENHA_TCF3;KAT2B	30.9404855886324	9.588853140227439e-56	False	((1.1333333333333335, 0.6990147783251233), array([ 0.09292231, -0.58006133]))	False
APOLD1	ENHA_IRF1;KAT2B	64.973151394255	2.55696110281407e-41	False	((1.1333333333333335, -0.4064039408866995), array([ 0.09292231, -0.58006133]))	False
APOLD1	ENHA_ETV1;KAT2B	11.1729636915779	7.42071932045076e-64	False	((1.1666666666666667, -0.7532019704433498), array([ 0.09292231, -0.58006133]))	False
APOLD1	ENHA_TWIST1;KAT2B	6.53918778923048	8.25169829998927e-48	False	((1.1333333333333335, 0.8940886699507391), array([ 0.09292231, -0.58006133]))	False
APOLD1	ENHA_TP73;KAT2B	9.8800612395075	1.2414964801903501e-67	False	((1.1, 0.8832512315270937), array([ 0.09292231, -0.58006133]))	False
APOLD1	ENHA_IRF1;KAT2B	64.973151394255	2.55696110281407e-41	False	((1.1333333333333335, -0.4064039408866995), array([ 0.09292231, -0.58006133]))	False
APOLD1	ENHA_TP53;KAT2B	36.771954838437	2.0699288852722e-93	False	((1.1666666666666667, 0.8724137931034484), array([ 0.09292231, -0.58006133]))	False
APOLD1	ENHA_TP53;KAT2B	36.771954838437	2.0699288852722e-93	False	((1.1666666666666667, 0.8724137931034484), array([ 0.09292231, -0.58006133]))	False
APOLD1	ENHA_ESRRA;KAT2B	9.1993720790516	5.7370532106756405e-58	False	((1.1333333333333335, -0.7640394088669951), array([ 0.09292231, -0.58006133]))	False
APOLD1	ENHA_IRF1;KAT2B	64.973151394255	2.55696110281407e-41	False	((1.1333333333333335, -0.4064039408866995), array([ 0.09292231, -0.58006133]))	False
APOLD1	ENHA_RARA;KAT2B	10.091520274186	1.3035953182603898e-57	False	((1.1666666666666667, 0.3522167487684731), array([ 0.09292231, -0.58006133]))	False
APOLD1	ENHA_IRF1;KAT2B	64.973151394255	2.55696110281407e-41	False	((1.1333333333333335, -0.4064039408866995), array([ 0.09292231, -0.58006133]))	False
APOLD1	ENHA_AR;KAT2B	10.4209518901736	8.7096765937508e-69	False	((1.1, -1.1), array([ 0.09292231, -0.58006133]))	False
APOLD1	ENHA_TWIST1;KAT2B	6.53918778923048	8.25169829998927e-48	False	((1.1333333333333335, 0.8940886699507391), array([ 0.09292231, -0.58006133]))	False
APOLD1	ENHA_RARA;KAT2B	10.091520274186	1.3035953182603898e-57	False	((1.1666666666666667, 0.3522167487684731), array([ 0.09292231, -0.58006133]))	False
APOLD1	ENHA_KLF15;KAT2B	5.58837540362783	7.54904692745184e-41	False	((1.1666666666666667, -0.2655172413793103), array([ 0.09292231, -0.58006133]))	False
APOLD1	ENHA_KLF2;KAT2B	19.476853193113	1.92587002565418e-56	False	((1.1, -0.25467980295566506), array([ 0.09292231, -0.58006133]))	False
APOLD1	ENHA_TCF3;KAT2B	30.9404855886324	9.588853140227439e-56	False	((1.1333333333333335, 0.6990147783251233), array([ 0.09292231, -0.58006133]))	False
APOLD1	ENHA_RBPJ;KAT2B	14.0347953981695	5.10291120050829e-74	False	((1.1, 0.36305418719211824), array([ 0.09292231, -0.58006133]))	False
APOLD1	ENHA_IRF1;KAT2B	64.973151394255	2.55696110281407e-41	False	((1.1333333333333335, -0.4064039408866995), array([ 0.09292231, -0.58006133]))	False
APOLD1	ENHA_TCF3;KAT2B	30.9404855886324	9.588853140227439e-56	False	((1.1333333333333335, 0.6990147783251233), array([ 0.09292231, -0.58006133]))	False
APOLD1	ENHA_IRF1;KAT2B	64.973151394255	2.55696110281407e-41	False	((1.1333333333333335, -0.4064039408866995), array([ 0.09292231, -0.58006133]))	False
APOLD1	ENHA_IRF1;KAT2B	64.973151394255	2.55696110281407e-41	False	((1.1333333333333335, -0.4064039408866995), array([ 0.09292231, -0.58006133]))	False
APOLD1	ENHA_HIF1A;KAT2B	6.55849741085504	3.93811204692777e-40	False	((1.1, -0.5147783251231527), array([ 0.09292231, -0.58006133]))	False
APOLD1	ENHA_IRF1;KAT2B	64.973151394255	2.55696110281407e-41	False	((1.1333333333333335, -0.4064039408866995), array([ 0.09292231, -0.58006133]))	False
APOLD1	ENHA_CEBPB;KAT2B	10.640447267249	1.09809054890822e-56	False	((1.1, -0.9699507389162563), array([ 0.09292231, -0.58006133]))	False
APOLD1	ENHA_KLF2;KAT2B	19.476853193113	1.92587002565418e-56	False	((1.1, -0.25467980295566506), array([ 0.09292231, -0.58006133]))	False
APOLD1	ENHA_IRF1;KAT2B	64.973151394255	2.55696110281407e-41	False	((1.1333333333333335, -0.4064039408866995), array([ 0.09292231, -0.58006133]))	False
APOLD1	ENHA_AR;KAT2B	10.4209518901736	8.7096765937508e-69	False	((1.1, -1.1), array([ 0.09292231, -0.58006133]))	False
APOLD1	ENHA_TCF3;KAT2B	30.9404855886324	9.588853140227439e-56	False	((1.1333333333333335, 0.6990147783251233), array([ 0.09292231, -0.58006133]))	False
APOLD1	ENHA_AR;KAT2B	10.4209518901736	8.7096765937508e-69	False	((1.1, -1.1), array([ 0.09292231, -0.58006133]))	False
APOLD1	ENHA_TWIST1;KAT2B	6.53918778923048	8.25169829998927e-48	False	((1.1333333333333335, 0.8940886699507391), array([ 0.09292231, -0.58006133]))	False
APOLD1	ENHA_RBPJ;KAT2B	14.0347953981695	5.10291120050829e-74	False	((1.1, 0.36305418719211824), array([ 0.09292231, -0.58006133]))	False
APOLD1	ENHA_IRF1;KAT2B	64.973151394255	2.55696110281407e-41	False	((1.1333333333333335, -0.4064039408866995), array([ 0.09292231, -0.58006133]))	False
APOLD1	ENHA_RBPJ;KAT2B	14.0347953981695	5.10291120050829e-74	False	((1.1, 0.36305418719211824), array([ 0.09292231, -0.58006133]))	False
APOLD1	ENHA_IRF1;KAT2B	64.973151394255	2.55696110281407e-41	False	((1.1333333333333335, -0.4064039408866995), array([ 0.09292231, -0.58006133]))	False
APOLD1	ENHA_HOXB9;KAT2B	3.9266723857153	1.0730664917927e-14	False	((1.1, -0.4497536945812808), array([ 0.09292231, -0.58006133]))	False
APOLD1	ENHA_KLF2;KAT2B	19.476853193113	1.92587002565418e-56	False	((1.1, -0.25467980295566506), array([ 0.09292231, -0.58006133]))	False
APOLD1	ENHA_IRF1;KAT2B	64.973151394255	2.55696110281407e-41	False	((1.1333333333333335, -0.4064039408866995), array([ 0.09292231, -0.58006133]))	False
APOLD1	ENHA_KLF2;KAT2B	19.476853193113	1.92587002565418e-56	False	((1.1, -0.25467980295566506), array([ 0.09292231, -0.58006133]))	False
APOLD1	ENHA_TWIST1;KAT2B	6.53918778923048	8.25169829998927e-48	False	((1.1333333333333335, 0.8940886699507391), array([ 0.09292231, -0.58006133]))	False
APOLD1	ENHA_HIF1A;KAT2B	6.55849741085504	3.93811204692777e-40	False	((1.1, -0.5147783251231527), array([ 0.09292231, -0.58006133]))	False
APOLD1	ENHA_TCF3;KAT2B	30.9404855886324	9.588853140227439e-56	False	((1.1333333333333335, 0.6990147783251233), array([ 0.09292231, -0.58006133]))	False
APOLD1	ENHA_IRF1;KAT2B	64.973151394255	2.55696110281407e-41	False	((1.1333333333333335, -0.4064039408866995), array([ 0.09292231, -0.58006133]))	False
APOLD1	ENHA_CEBPB;KAT2B	10.640447267249	1.09809054890822e-56	False	((1.1, -0.9699507389162563), array([ 0.09292231, -0.58006133]))	False
APOLD1	ENHA_KLF15;KAT2B	5.58837540362783	7.54904692745184e-41	False	((1.1666666666666667, -0.2655172413793103), array([ 0.09292231, -0.58006133]))	False
APOLD1	ENHA_KLF2;KAT2B	19.476853193113	1.92587002565418e-56	False	((1.1, -0.25467980295566506), array([ 0.09292231, -0.58006133]))	False
APOLD1	ENHA_TP73;KAT2B	9.8800612395075	1.2414964801903501e-67	False	((1.1, 0.8832512315270937), array([ 0.09292231, -0.58006133]))	False
APOLD1	ENHA_IRF1;KAT2B	64.973151394255	2.55696110281407e-41	False	((1.1333333333333335, -0.4064039408866995), array([ 0.09292231, -0.58006133]))	False
APOLD1	ENHA_TP53;KAT2B	36.771954838437	2.0699288852722e-93	False	((1.1666666666666667, 0.8724137931034484), array([ 0.09292231, -0.58006133]))	False
APOLD1	ENHA_TP73;KAT2B	9.8800612395075	1.2414964801903501e-67	False	((1.1, 0.8832512315270937), array([ 0.09292231, -0.58006133]))	False
APOLD1	ENHA_IRF1;KAT2B	64.973151394255	2.55696110281407e-41	False	((1.1333333333333335, -0.4064039408866995), array([ 0.09292231, -0.58006133]))	False
APOLD1	ENHA_CEBPB;KAT2B	10.640447267249	1.09809054890822e-56	False	((1.1, -0.9699507389162563), array([ 0.09292231, -0.58006133]))	False
APOLD1	ENHA_TP53;KAT2B	36.771954838437	2.0699288852722e-93	False	((1.1666666666666667, 0.8724137931034484), array([ 0.09292231, -0.58006133]))	False
APOLD1	ENHA_KLF13;KAT2B	5.20058161196007	2.1534564801219497e-34	False	((1.1333333333333335, -0.2763546798029557), array([ 0.09292231, -0.58006133]))	False
APOLD1	ENHA_KLF2;KAT2B	19.476853193113	1.92587002565418e-56	False	((1.1, -0.25467980295566506), array([ 0.09292231, -0.58006133]))	False
APOLD1	ENHA_TCF3;KAT2B	30.9404855886324	9.588853140227439e-56	False	((1.1333333333333335, 0.6990147783251233), array([ 0.09292231, -0.58006133]))	False
APOLD1	ENHA_TP53;KAT2B	36.771954838437	2.0699288852722e-93	False	((1.1666666666666667, 0.8724137931034484), array([ 0.09292231, -0.58006133]))	False
APOLD1	ENHA_ESRRA;KAT2B	9.1993720790516	5.7370532106756405e-58	False	((1.1333333333333335, -0.7640394088669951), array([ 0.09292231, -0.58006133]))	False
APOLD1	ENHA_AR;KAT2B	10.4209518901736	8.7096765937508e-69	False	((1.1, -1.1), array([ 0.09292231, -0.58006133]))	False
APOLD1	ENHA_TCF3;KAT2B	30.9404855886324	9.588853140227439e-56	False	((1.1333333333333335, 0.6990147783251233), array([ 0.09292231, -0.58006133]))	False
APOLD1	ENHA_IRF1;KAT2B	64.973151394255	2.55696110281407e-41	False	((1.1333333333333335, -0.4064039408866995), array([ 0.09292231, -0.58006133]))	False
APOLD1	ENHA_RARA;KAT2B	10.091520274186	1.3035953182603898e-57	False	((1.1666666666666667, 0.3522167487684731), array([ 0.09292231, -0.58006133]))	False
APOLD1	ENHA_TP53;KAT2B	36.771954838437	2.0699288852722e-93	False	((1.1666666666666667, 0.8724137931034484), array([ 0.09292231, -0.58006133]))	False
APOLD1	ENHA_TCF3;KAT2B	30.9404855886324	9.588853140227439e-56	False	((1.1333333333333335, 0.6990147783251233), array([ 0.09292231, -0.58006133]))	False
APOLD1	ENHA_IRF1;KAT2B	64.973151394255	2.55696110281407e-41	False	((1.1333333333333335, -0.4064039408866995), array([ 0.09292231, -0.58006133]))	False
APOLD1	ENHA_RARA;KAT2B	10.091520274186	1.3035953182603898e-57	False	((1.1666666666666667, 0.3522167487684731), array([ 0.09292231, -0.58006133]))	False
APOLD1	ENHA_RBPJ;KAT2B	14.0347953981695	5.10291120050829e-74	False	((1.1, 0.36305418719211824), array([ 0.09292231, -0.58006133]))	False
APOLD1	ENHA_IRF1;KAT2B	64.973151394255	2.55696110281407e-41	False	((1.1333333333333335, -0.4064039408866995), array([ 0.09292231, -0.58006133]))	False
APOLD1	ENHA_ETV1;KAT2B	11.1729636915779	7.42071932045076e-64	False	((1.1666666666666667, -0.7532019704433498), array([ 0.09292231, -0.58006133]))	False
APOLD1	ENHA_RARA;KAT2B	10.091520274186	1.3035953182603898e-57	False	((1.1666666666666667, 0.3522167487684731), array([ 0.09292231, -0.58006133]))	False
APOLD1	ENHA_ESRRA;KAT2B	9.1993720790516	5.7370532106756405e-58	False	((1.1333333333333335, -0.7640394088669951), array([ 0.09292231, -0.58006133]))	False
APOLD1	ENHA_KLF2;KAT2B	19.476853193113	1.92587002565418e-56	False	((1.1, -0.25467980295566506), array([ 0.09292231, -0.58006133]))	False
APOLD1	ENHA_IRF1;KAT2B	64.973151394255	2.55696110281407e-41	False	((1.1333333333333335, -0.4064039408866995), array([ 0.09292231, -0.58006133]))	False
APOLD1	ENHA_KLF2;KAT2B	19.476853193113	1.92587002565418e-56	False	((1.1, -0.25467980295566506), array([ 0.09292231, -0.58006133]))	False
APOLD1	ENHA_IRF2;KAT2B	7.67630168035312	1.49587011720838e-55	False	((1.1666666666666667, -0.39556650246305414), array([ 0.09292231, -0.58006133]))	False
APOLD1	ENHA_HIF1A;KAT2B	6.55849741085504	3.93811204692777e-40	False	((1.1, -0.5147783251231527), array([ 0.09292231, -0.58006133]))	False
APOLD1	ENHA_IRF1;KAT2B	64.973151394255	2.55696110281407e-41	False	((1.1333333333333335, -0.4064039408866995), array([ 0.09292231, -0.58006133]))	False
APOLD1	ENHA_CEBPB;KAT2B	10.640447267249	1.09809054890822e-56	False	((1.1, -0.9699507389162563), array([ 0.09292231, -0.58006133]))	False
APOLD1	ENHA_CEBPB;KAT2B	10.640447267249	1.09809054890822e-56	False	((1.1, -0.9699507389162563), array([ 0.09292231, -0.58006133]))	False
APOLD1	ENHA_AR;KAT2B	10.4209518901736	8.7096765937508e-69	False	((1.1, -1.1), array([ 0.09292231, -0.58006133]))	False
APOLD1	ENHA_TCF3;KAT2B	30.9404855886324	9.588853140227439e-56	False	((1.1333333333333335, 0.6990147783251233), array([ 0.09292231, -0.58006133]))	False
APOLD1	ENHA_IRF1;KAT2B	64.973151394255	2.55696110281407e-41	False	((1.1333333333333335, -0.4064039408866995), array([ 0.09292231, -0.58006133]))	False
APOLD1	ENHA_IRF2;KAT2B	7.67630168035312	1.49587011720838e-55	False	((1.1666666666666667, -0.39556650246305414), array([ 0.09292231, -0.58006133]))	False
APOLD1	ENHA_TCF3;KAT2B	30.9404855886324	9.588853140227439e-56	False	((1.1333333333333335, 0.6990147783251233), array([ 0.09292231, -0.58006133]))	False
APOLD1	ENHA_RBPJ;KAT2B	14.0347953981695	5.10291120050829e-74	False	((1.1, 0.36305418719211824), array([ 0.09292231, -0.58006133]))	False
APOLD1	ENHA_IRF1;KAT2B	64.973151394255	2.55696110281407e-41	False	((1.1333333333333335, -0.4064039408866995), array([ 0.09292231, -0.58006133]))	False
APOLD1	ENHA_TCF3;KAT2B	30.9404855886324	9.588853140227439e-56	False	((1.1333333333333335, 0.6990147783251233), array([ 0.09292231, -0.58006133]))	False
APOLD1	ENHA_TP53;KAT2B	36.771954838437	2.0699288852722e-93	False	((1.1666666666666667, 0.8724137931034484), array([ 0.09292231, -0.58006133]))	False
APOLD1	ENHA_KLF2;KAT2B	19.476853193113	1.92587002565418e-56	False	((1.1, -0.25467980295566506), array([ 0.09292231, -0.58006133]))	False
APOLD1	ENHA_TWIST1;KAT2B	6.53918778923048	8.25169829998927e-48	False	((1.1333333333333335, 0.8940886699507391), array([ 0.09292231, -0.58006133]))	False
APOLD1	ENHA_AR;KAT2B	10.4209518901736	8.7096765937508e-69	False	((1.1, -1.1), array([ 0.09292231, -0.58006133]))	False
APOLD1	ENHA_RBPJ;KAT2B	14.0347953981695	5.10291120050829e-74	False	((1.1, 0.36305418719211824), array([ 0.09292231, -0.58006133]))	False
APOLD1	ENHA_KLF15;KAT2B	5.58837540362783	7.54904692745184e-41	False	((1.1666666666666667, -0.2655172413793103), array([ 0.09292231, -0.58006133]))	False
APOLD1	ENHA_KLF13;KAT2B	5.20058161196007	2.1534564801219497e-34	False	((1.1333333333333335, -0.2763546798029557), array([ 0.09292231, -0.58006133]))	False
APOLD1	ENHA_KLF2;KAT2B	19.476853193113	1.92587002565418e-56	False	((1.1, -0.25467980295566506), array([ 0.09292231, -0.58006133]))	False
APOLD1	ENHA_IRF1;KAT2B	64.973151394255	2.55696110281407e-41	False	((1.1333333333333335, -0.4064039408866995), array([ 0.09292231, -0.58006133]))	False
APOLD1	ENHA_CEBPB;KAT2B	10.640447267249	1.09809054890822e-56	False	((1.1, -0.9699507389162563), array([ 0.09292231, -0.58006133]))	False
APOLD1	ENHA_TCF3;KAT2B	30.9404855886324	9.588853140227439e-56	False	((1.1333333333333335, 0.6990147783251233), array([ 0.09292231, -0.58006133]))	False
APOLD1	ENHA_IRF1;KAT2B	64.973151394255	2.55696110281407e-41	False	((1.1333333333333335, -0.4064039408866995), array([ 0.09292231, -0.58006133]))	False
APOLD1	ENHA_ETV1;KAT2B	11.1729636915779	7.42071932045076e-64	False	((1.1666666666666667, -0.7532019704433498), array([ 0.09292231, -0.58006133]))	False
APOLD1	ENHA_RBPJ;KAT2B	14.0347953981695	5.10291120050829e-74	False	((1.1, 0.36305418719211824), array([ 0.09292231, -0.58006133]))	False
APOLD1	ENHA_IRF1;KAT2B	64.973151394255	2.55696110281407e-41	False	((1.1333333333333335, -0.4064039408866995), array([ 0.09292231, -0.58006133]))	False
APOLD1	ENHA_AR;KAT2B	10.4209518901736	8.7096765937508e-69	False	((1.1, -1.1), array([ 0.09292231, -0.58006133]))	False
APOLD1	ENHA_ESRRA;KAT2B	9.1993720790516	5.7370532106756405e-58	False	((1.1333333333333335, -0.7640394088669951), array([ 0.09292231, -0.58006133]))	False
APOLD1	ENHA_ETV1;KAT2B	11.1729636915779	7.42071932045076e-64	False	((1.1666666666666667, -0.7532019704433498), array([ 0.09292231, -0.58006133]))	False
APOLD1	ENHA_RARA;KAT2B	10.091520274186	1.3035953182603898e-57	False	((1.1666666666666667, 0.3522167487684731), array([ 0.09292231, -0.58006133]))	False
APOLD1	KAT2B;PROM_IRF1	0.778509155529352	0.240144682965851	False	(array([ 0.09292231, -0.58006133]), (-1.1, -0.8130434782608696))	False
APOLD1	KAT2B;PROM_KLF15	9.70638232445791	2.2361333830304e-31	False	(array([ 0.09292231, -0.58006133]), (-1.1333333333333335, -0.7173913043478262))	False
APOLD1	MCM7;PROM_SP2	10.6058620669756	5.56475347055359e-69	False	(array([-0.83371331,  0.6233516 ]), (-1.1666666666666667, 0.23913043478260865))	False
APOLD1	BANP;PROM_SP2	37.9867053586482	3.50291934691414e-44	False	(array([-0.5726951 ,  0.44330997]), (-1.1666666666666667, 0.23913043478260865))	False
APOLD1	APP;PROM_SP2	27.4629310202613	6.61923198843833e-33	False	(array([ 0.64550293, -0.47574581]), (-1.1666666666666667, 0.23913043478260865))	False
APOLD1	ENHA_CREB1;FHL2	21.4304050908868	1.1199311249147e-80	False	((1.1, -0.9374384236453203), array([-0.50149096,  0.20382112]))	False
APOLD1	ENHA_RUNX2;FHL2	13.686591880598	7.92153736518165e-66	False	((1.1333333333333335, 0.47142857142857153), array([-0.50149096,  0.20382112]))	False
APOLD1	ENHA_SRF;FHL2	8.52273650820518	1.04804685773536e-59	False	((1.1, 0.655665024630542), array([-0.50149096,  0.20382112]))	False
APOLD1	ENHA_SP2;FHL2	45.2610301500114	1.2564655065809e-51	False	((1.1, 0.59064039408867), array([-0.50149096,  0.20382112]))	False
APOLD1	ENHA_SP2;FHL2	45.2610301500114	1.2564655065809e-51	False	((1.1, 0.59064039408867), array([-0.50149096,  0.20382112]))	False
APOLD1	ENHA_SP2;FHL2	45.2610301500114	1.2564655065809e-51	False	((1.1, 0.59064039408867), array([-0.50149096,  0.20382112]))	False
APOLD1	ENHA_REL;FHL2	7.59434082311401	2.77878212278395e-54	False	((1.1333333333333335, 0.3738916256157636), array([-0.50149096,  0.20382112]))	False
APOLD1	ENHA_RUNX2;FHL2	13.686591880598	7.92153736518165e-66	False	((1.1333333333333335, 0.47142857142857153), array([-0.50149096,  0.20382112]))	False
APOLD1	ENHA_SP2;FHL2	45.2610301500114	1.2564655065809e-51	False	((1.1, 0.59064039408867), array([-0.50149096,  0.20382112]))	False
APOLD1	ENHA_AR;FHL2	10.5576688422108	5.5390178343876595e-70	False	((1.1, -1.1), array([-0.50149096,  0.20382112]))	False
APOLD1	ENHA_REL;FHL2	7.59434082311401	2.77878212278395e-54	False	((1.1333333333333335, 0.3738916256157636), array([-0.50149096,  0.20382112]))	False
APOLD1	ENHA_SP2;FHL2	45.2610301500114	1.2564655065809e-51	False	((1.1, 0.59064039408867), array([-0.50149096,  0.20382112]))	False
APOLD1	ENHA_RUNX2;FHL2	13.686591880598	7.92153736518165e-66	False	((1.1333333333333335, 0.47142857142857153), array([-0.50149096,  0.20382112]))	False
APOLD1	ENHA_SRF;FHL2	8.52273650820518	1.04804685773536e-59	False	((1.1, 0.655665024630542), array([-0.50149096,  0.20382112]))	False
APOLD1	ENHA_RUNX2;FHL2	13.686591880598	7.92153736518165e-66	False	((1.1333333333333335, 0.47142857142857153), array([-0.50149096,  0.20382112]))	False
APOLD1	ENHA_RFX3;FHL2	8.38452165846917	5.4945612086893705e-59	False	((1.1333333333333335, 0.4064039408866995), array([-0.50149096,  0.20382112]))	False
APOLD1	ENHA_HIF1A;FHL2	6.53056395155234	9.240555854448109e-40	False	((1.1, -0.5147783251231527), array([-0.50149096,  0.20382112]))	False
APOLD1	ENHA_MYC;FHL2	8.14896020277113	2.01558213458848e-58	False	((1.1666666666666667, -0.005418719211822687), array([-0.50149096,  0.20382112]))	False
APOLD1	ENHA_SP2;FHL2	45.2610301500114	1.2564655065809e-51	False	((1.1, 0.59064039408867), array([-0.50149096,  0.20382112]))	False
APOLD1	ENHA_AR;FHL2	10.5576688422108	5.5390178343876595e-70	False	((1.1, -1.1), array([-0.50149096,  0.20382112]))	False
APOLD1	ENHA_RUNX2;FHL2	13.686591880598	7.92153736518165e-66	False	((1.1333333333333335, 0.47142857142857153), array([-0.50149096,  0.20382112]))	False
APOLD1	ENHA_AR;FHL2	10.5576688422108	5.5390178343876595e-70	False	((1.1, -1.1), array([-0.50149096,  0.20382112]))	False
APOLD1	ENHA_RUNX2;FHL2	13.686591880598	7.92153736518165e-66	False	((1.1333333333333335, 0.47142857142857153), array([-0.50149096,  0.20382112]))	False
APOLD1	ENHA_SP2;FHL2	45.2610301500114	1.2564655065809e-51	False	((1.1, 0.59064039408867), array([-0.50149096,  0.20382112]))	False
APOLD1	ENHA_SP2;FHL2	45.2610301500114	1.2564655065809e-51	False	((1.1, 0.59064039408867), array([-0.50149096,  0.20382112]))	False
APOLD1	ENHA_SRF;FHL2	8.52273650820518	1.04804685773536e-59	False	((1.1, 0.655665024630542), array([-0.50149096,  0.20382112]))	False
APOLD1	ENHA_SP2;FHL2	45.2610301500114	1.2564655065809e-51	False	((1.1, 0.59064039408867), array([-0.50149096,  0.20382112]))	False
APOLD1	ENHA_HIF1A;FHL2	6.53056395155234	9.240555854448109e-40	False	((1.1, -0.5147783251231527), array([-0.50149096,  0.20382112]))	False
APOLD1	ENHA_MYC;FHL2	8.14896020277113	2.01558213458848e-58	False	((1.1666666666666667, -0.005418719211822687), array([-0.50149096,  0.20382112]))	False
APOLD1	ENHA_SP2;FHL2	45.2610301500114	1.2564655065809e-51	False	((1.1, 0.59064039408867), array([-0.50149096,  0.20382112]))	False
APOLD1	ENHA_RFX3;FHL2	8.38452165846917	5.4945612086893705e-59	False	((1.1333333333333335, 0.4064039408866995), array([-0.50149096,  0.20382112]))	False
APOLD1	ENHA_SRF;FHL2	8.52273650820518	1.04804685773536e-59	False	((1.1, 0.655665024630542), array([-0.50149096,  0.20382112]))	False
APOLD1	ENHA_SP2;FHL2	45.2610301500114	1.2564655065809e-51	False	((1.1, 0.59064039408867), array([-0.50149096,  0.20382112]))	False
APOLD1	ENHA_SRF;FHL2	8.52273650820518	1.04804685773536e-59	False	((1.1, 0.655665024630542), array([-0.50149096,  0.20382112]))	False
APOLD1	ENHA_AR;FHL2	10.5576688422108	5.5390178343876595e-70	False	((1.1, -1.1), array([-0.50149096,  0.20382112]))	False
APOLD1	ENHA_MYC;FHL2	8.14896020277113	2.01558213458848e-58	False	((1.1666666666666667, -0.005418719211822687), array([-0.50149096,  0.20382112]))	False
APOLD1	ENHA_ATF3;FHL2	6.84199379675153	1.23405093033862e-44	False	((1.1, -1.0674876847290642), array([-0.50149096,  0.20382112]))	False
APOLD1	ENHA_CREB1;FHL2	21.4304050908868	1.1199311249147e-80	False	((1.1, -0.9374384236453203), array([-0.50149096,  0.20382112]))	False
APOLD1	ENHA_RFX3;FHL2	8.38452165846917	5.4945612086893705e-59	False	((1.1333333333333335, 0.4064039408866995), array([-0.50149096,  0.20382112]))	False
APOLD1	ENHA_HIF1A;FHL2	6.53056395155234	9.240555854448109e-40	False	((1.1, -0.5147783251231527), array([-0.50149096,  0.20382112]))	False
APOLD1	ENHA_RUNX2;FHL2	13.686591880598	7.92153736518165e-66	False	((1.1333333333333335, 0.47142857142857153), array([-0.50149096,  0.20382112]))	False
APOLD1	ENHA_MYC;FHL2	8.14896020277113	2.01558213458848e-58	False	((1.1666666666666667, -0.005418719211822687), array([-0.50149096,  0.20382112]))	False
APOLD1	ENHA_SP2;FHL2	45.2610301500114	1.2564655065809e-51	False	((1.1, 0.59064039408867), array([-0.50149096,  0.20382112]))	False
APOLD1	ENHA_AR;FHL2	10.5576688422108	5.5390178343876595e-70	False	((1.1, -1.1), array([-0.50149096,  0.20382112]))	False
APOLD1	ENHA_CREB1;FHL2	21.4304050908868	1.1199311249147e-80	False	((1.1, -0.9374384236453203), array([-0.50149096,  0.20382112]))	False
APOLD1	ENHA_SP2;FHL2	45.2610301500114	1.2564655065809e-51	False	((1.1, 0.59064039408867), array([-0.50149096,  0.20382112]))	False
APOLD1	ENHA_SRF;FHL2	8.52273650820518	1.04804685773536e-59	False	((1.1, 0.655665024630542), array([-0.50149096,  0.20382112]))	False
APOLD1	ENHA_SP2;FHL2	45.2610301500114	1.2564655065809e-51	False	((1.1, 0.59064039408867), array([-0.50149096,  0.20382112]))	False
APOLD1	ENHA_AR;FHL2	10.5576688422108	5.5390178343876595e-70	False	((1.1, -1.1), array([-0.50149096,  0.20382112]))	False
APOLD1	ENHA_SP2;FHL2	45.2610301500114	1.2564655065809e-51	False	((1.1, 0.59064039408867), array([-0.50149096,  0.20382112]))	False
APOLD1	ENHA_AR;FHL2	10.5576688422108	5.5390178343876595e-70	False	((1.1, -1.1), array([-0.50149096,  0.20382112]))	False
APOLD1	ENHA_SRF;FHL2	8.52273650820518	1.04804685773536e-59	False	((1.1, 0.655665024630542), array([-0.50149096,  0.20382112]))	False
APOLD1	ENHA_RUNX2;FHL2	13.686591880598	7.92153736518165e-66	False	((1.1333333333333335, 0.47142857142857153), array([-0.50149096,  0.20382112]))	False
APOLD1	ENHA_RFX3;FHL2	8.38452165846917	5.4945612086893705e-59	False	((1.1333333333333335, 0.4064039408866995), array([-0.50149096,  0.20382112]))	False
APOLD1	FHL2;PROM_NRF1	3.31954459384925	3.7348799726650703e-19	False	(array([-0.50149096,  0.20382112]), (-1.1, 0.047826086956521685))	False
APOLD1	FHL2;PROM_SP2	31.5240627456094	2.58299085917139e-37	False	(array([-0.50149096,  0.20382112]), (-1.1666666666666667, 0.23913043478260865))	False
APOLD1	ENHA_STAT1;SMARCA4	23.3086817771591	2.2664999083505202e-59	False	((1.1333333333333335, 0.6665024630541874), array([ 0.38400571, -0.72074925]))	False
APOLD1	ENHA_SP1;SMARCA4	inf	4.06121110791583e-32	False	((1.1666666666666667, 0.5798029556650248), array([ 0.38400571, -0.72074925]))	False
APOLD1	ENHA_JUNB;SMARCA4	8.4212144864878	7.80709997357226e-56	False	((1.1, -0.31970443349753697), array([ 0.38400571, -0.72074925]))	False
APOLD1	ENHA_REST;SMARCA4	19.550402215373	6.06319240213792e-51	False	((1.1666666666666667, 0.384729064039409), array([ 0.38400571, -0.72074925]))	False
APOLD1	ENHA_IRF1;SMARCA4	60.0346661597881	1.69424264431325e-38	False	((1.1333333333333335, -0.4064039408866995), array([ 0.38400571, -0.72074925]))	False
APOLD1	ENHA_STAT3;SMARCA4	6.4761642331178	1.80873239676204e-47	False	((1.1666666666666667, 0.6773399014778327), array([ 0.38400571, -0.72074925]))	False
APOLD1	ENHA_STAT1;SMARCA4	23.3086817771591	2.2664999083505202e-59	False	((1.1333333333333335, 0.6665024630541874), array([ 0.38400571, -0.72074925]))	False
APOLD1	ENHA_SP1;SMARCA4	inf	4.06121110791583e-32	False	((1.1666666666666667, 0.5798029556650248), array([ 0.38400571, -0.72074925]))	False
APOLD1	ENHA_IRF1;SMARCA4	60.0346661597881	1.69424264431325e-38	False	((1.1333333333333335, -0.4064039408866995), array([ 0.38400571, -0.72074925]))	False
APOLD1	ENHA_SP1;SMARCA4	inf	4.06121110791583e-32	False	((1.1666666666666667, 0.5798029556650248), array([ 0.38400571, -0.72074925]))	False
APOLD1	ENHA_IRF1;SMARCA4	60.0346661597881	1.69424264431325e-38	False	((1.1333333333333335, -0.4064039408866995), array([ 0.38400571, -0.72074925]))	False
APOLD1	ENHA_STAT1;SMARCA4	23.3086817771591	2.2664999083505202e-59	False	((1.1333333333333335, 0.6665024630541874), array([ 0.38400571, -0.72074925]))	False
APOLD1	ENHA_IRF1;SMARCA4	60.0346661597881	1.69424264431325e-38	False	((1.1333333333333335, -0.4064039408866995), array([ 0.38400571, -0.72074925]))	False
APOLD1	ENHA_STAT1;SMARCA4	23.3086817771591	2.2664999083505202e-59	False	((1.1333333333333335, 0.6665024630541874), array([ 0.38400571, -0.72074925]))	False
APOLD1	ENHA_SP1;SMARCA4	inf	4.06121110791583e-32	False	((1.1666666666666667, 0.5798029556650248), array([ 0.38400571, -0.72074925]))	False
APOLD1	ENHA_JUNB;SMARCA4	8.4212144864878	7.80709997357226e-56	False	((1.1, -0.31970443349753697), array([ 0.38400571, -0.72074925]))	False
APOLD1	ENHA_IRF1;SMARCA4	60.0346661597881	1.69424264431325e-38	False	((1.1333333333333335, -0.4064039408866995), array([ 0.38400571, -0.72074925]))	False
APOLD1	ENHA_SP1;SMARCA4	inf	4.06121110791583e-32	False	((1.1666666666666667, 0.5798029556650248), array([ 0.38400571, -0.72074925]))	False
APOLD1	ENHA_TP53;SMARCA4	5.12974045938442	3.53367744584787e-37	False	((1.1666666666666667, 0.8724137931034484), array([ 0.38400571, -0.72074925]))	False
APOLD1	ENHA_STAT3;SMARCA4	6.4761642331178	1.80873239676204e-47	False	((1.1666666666666667, 0.6773399014778327), array([ 0.38400571, -0.72074925]))	False
APOLD1	ENHA_TP53;SMARCA4	5.12974045938442	3.53367744584787e-37	False	((1.1666666666666667, 0.8724137931034484), array([ 0.38400571, -0.72074925]))	False
APOLD1	ENHA_NR4A2;SMARCA4	9.01042514816621	1.29535431187655e-63	False	((1.1666666666666667, 0.22216748768472905), array([ 0.38400571, -0.72074925]))	False
APOLD1	ENHA_IRF1;SMARCA4	60.0346661597881	1.69424264431325e-38	False	((1.1333333333333335, -0.4064039408866995), array([ 0.38400571, -0.72074925]))	False
APOLD1	ENHA_STAT1;SMARCA4	23.3086817771591	2.2664999083505202e-59	False	((1.1333333333333335, 0.6665024630541874), array([ 0.38400571, -0.72074925]))	False
APOLD1	ENHA_SP1;SMARCA4	inf	4.06121110791583e-32	False	((1.1666666666666667, 0.5798029556650248), array([ 0.38400571, -0.72074925]))	False
APOLD1	ENHA_NR3C1;SMARCA4	10.7553133260964	5.8160758171786e-67	False	((1.1666666666666667, 0.18965517241379315), array([ 0.38400571, -0.72074925]))	False
APOLD1	ENHA_IRF1;SMARCA4	60.0346661597881	1.69424264431325e-38	False	((1.1333333333333335, -0.4064039408866995), array([ 0.38400571, -0.72074925]))	False
APOLD1	ENHA_AR;SMARCA4	6.37185183324598	1.52837836702811e-46	False	((1.1, -1.1), array([ 0.38400571, -0.72074925]))	False
APOLD1	ENHA_REST;SMARCA4	19.550402215373	6.06319240213792e-51	False	((1.1666666666666667, 0.384729064039409), array([ 0.38400571, -0.72074925]))	False
APOLD1	ENHA_RBPJ;SMARCA4	13.612077392253	3.26516921770313e-72	False	((1.1, 0.36305418719211824), array([ 0.38400571, -0.72074925]))	False
APOLD1	ENHA_IRF1;SMARCA4	60.0346661597881	1.69424264431325e-38	False	((1.1333333333333335, -0.4064039408866995), array([ 0.38400571, -0.72074925]))	False
APOLD1	ENHA_SP1;SMARCA4	inf	4.06121110791583e-32	False	((1.1666666666666667, 0.5798029556650248), array([ 0.38400571, -0.72074925]))	False
APOLD1	ENHA_REST;SMARCA4	19.550402215373	6.06319240213792e-51	False	((1.1666666666666667, 0.384729064039409), array([ 0.38400571, -0.72074925]))	False
APOLD1	ENHA_IRF1;SMARCA4	60.0346661597881	1.69424264431325e-38	False	((1.1333333333333335, -0.4064039408866995), array([ 0.38400571, -0.72074925]))	False
APOLD1	ENHA_SP1;SMARCA4	inf	4.06121110791583e-32	False	((1.1666666666666667, 0.5798029556650248), array([ 0.38400571, -0.72074925]))	False
APOLD1	ENHA_JUNB;SMARCA4	8.4212144864878	7.80709997357226e-56	False	((1.1, -0.31970443349753697), array([ 0.38400571, -0.72074925]))	False
APOLD1	ENHA_IRF1;SMARCA4	60.0346661597881	1.69424264431325e-38	False	((1.1333333333333335, -0.4064039408866995), array([ 0.38400571, -0.72074925]))	False
APOLD1	ENHA_IRF1;SMARCA4	60.0346661597881	1.69424264431325e-38	False	((1.1333333333333335, -0.4064039408866995), array([ 0.38400571, -0.72074925]))	False
APOLD1	ENHA_MYC;SMARCA4	5.6345473795867	4.13114839561199e-38	False	((1.1666666666666667, -0.005418719211822687), array([ 0.38400571, -0.72074925]))	False
APOLD1	ENHA_IRF1;SMARCA4	60.0346661597881	1.69424264431325e-38	False	((1.1333333333333335, -0.4064039408866995), array([ 0.38400571, -0.72074925]))	False
APOLD1	ENHA_AR;SMARCA4	6.37185183324598	1.52837836702811e-46	False	((1.1, -1.1), array([ 0.38400571, -0.72074925]))	False
APOLD1	ENHA_SP1;SMARCA4	inf	4.06121110791583e-32	False	((1.1666666666666667, 0.5798029556650248), array([ 0.38400571, -0.72074925]))	False
APOLD1	ENHA_AR;SMARCA4	6.37185183324598	1.52837836702811e-46	False	((1.1, -1.1), array([ 0.38400571, -0.72074925]))	False
APOLD1	ENHA_RBPJ;SMARCA4	13.612077392253	3.26516921770313e-72	False	((1.1, 0.36305418719211824), array([ 0.38400571, -0.72074925]))	False
APOLD1	ENHA_STAT3;SMARCA4	6.4761642331178	1.80873239676204e-47	False	((1.1666666666666667, 0.6773399014778327), array([ 0.38400571, -0.72074925]))	False
APOLD1	ENHA_IRF1;SMARCA4	60.0346661597881	1.69424264431325e-38	False	((1.1333333333333335, -0.4064039408866995), array([ 0.38400571, -0.72074925]))	False
APOLD1	ENHA_NR3C1;SMARCA4	10.7553133260964	5.8160758171786e-67	False	((1.1666666666666667, 0.18965517241379315), array([ 0.38400571, -0.72074925]))	False
APOLD1	ENHA_RBPJ;SMARCA4	13.612077392253	3.26516921770313e-72	False	((1.1, 0.36305418719211824), array([ 0.38400571, -0.72074925]))	False
APOLD1	ENHA_IRF1;SMARCA4	60.0346661597881	1.69424264431325e-38	False	((1.1333333333333335, -0.4064039408866995), array([ 0.38400571, -0.72074925]))	False
APOLD1	ENHA_STAT3;SMARCA4	6.4761642331178	1.80873239676204e-47	False	((1.1666666666666667, 0.6773399014778327), array([ 0.38400571, -0.72074925]))	False
APOLD1	ENHA_IRF1;SMARCA4	60.0346661597881	1.69424264431325e-38	False	((1.1333333333333335, -0.4064039408866995), array([ 0.38400571, -0.72074925]))	False
APOLD1	ENHA_REST;SMARCA4	19.550402215373	6.06319240213792e-51	False	((1.1666666666666667, 0.384729064039409), array([ 0.38400571, -0.72074925]))	False
APOLD1	ENHA_IRF1;SMARCA4	60.0346661597881	1.69424264431325e-38	False	((1.1333333333333335, -0.4064039408866995), array([ 0.38400571, -0.72074925]))	False
APOLD1	ENHA_SP1;SMARCA4	inf	4.06121110791583e-32	False	((1.1666666666666667, 0.5798029556650248), array([ 0.38400571, -0.72074925]))	False
APOLD1	ENHA_MYC;SMARCA4	5.6345473795867	4.13114839561199e-38	False	((1.1666666666666667, -0.005418719211822687), array([ 0.38400571, -0.72074925]))	False
APOLD1	ENHA_CEBPA;SMARCA4	8.44391501984477	3.1281121220336103e-58	False	((1.1666666666666667, -0.9807881773399015), array([ 0.38400571, -0.72074925]))	False
APOLD1	ENHA_REST;SMARCA4	19.550402215373	6.06319240213792e-51	False	((1.1666666666666667, 0.384729064039409), array([ 0.38400571, -0.72074925]))	False
APOLD1	ENHA_IRF1;SMARCA4	60.0346661597881	1.69424264431325e-38	False	((1.1333333333333335, -0.4064039408866995), array([ 0.38400571, -0.72074925]))	False
APOLD1	ENHA_SP1;SMARCA4	inf	4.06121110791583e-32	False	((1.1666666666666667, 0.5798029556650248), array([ 0.38400571, -0.72074925]))	False
APOLD1	ENHA_TP53;SMARCA4	5.12974045938442	3.53367744584787e-37	False	((1.1666666666666667, 0.8724137931034484), array([ 0.38400571, -0.72074925]))	False
APOLD1	ENHA_IRF1;SMARCA4	60.0346661597881	1.69424264431325e-38	False	((1.1333333333333335, -0.4064039408866995), array([ 0.38400571, -0.72074925]))	False
APOLD1	ENHA_STAT1;SMARCA4	23.3086817771591	2.2664999083505202e-59	False	((1.1333333333333335, 0.6665024630541874), array([ 0.38400571, -0.72074925]))	False
APOLD1	ENHA_TP53;SMARCA4	5.12974045938442	3.53367744584787e-37	False	((1.1666666666666667, 0.8724137931034484), array([ 0.38400571, -0.72074925]))	False
APOLD1	ENHA_SP1;SMARCA4	inf	4.06121110791583e-32	False	((1.1666666666666667, 0.5798029556650248), array([ 0.38400571, -0.72074925]))	False
APOLD1	ENHA_TP53;SMARCA4	5.12974045938442	3.53367744584787e-37	False	((1.1666666666666667, 0.8724137931034484), array([ 0.38400571, -0.72074925]))	False
APOLD1	ENHA_AR;SMARCA4	6.37185183324598	1.52837836702811e-46	False	((1.1, -1.1), array([ 0.38400571, -0.72074925]))	False
APOLD1	ENHA_IRF1;SMARCA4	60.0346661597881	1.69424264431325e-38	False	((1.1333333333333335, -0.4064039408866995), array([ 0.38400571, -0.72074925]))	False
APOLD1	ENHA_TP53;SMARCA4	5.12974045938442	3.53367744584787e-37	False	((1.1666666666666667, 0.8724137931034484), array([ 0.38400571, -0.72074925]))	False
APOLD1	ENHA_IRF1;SMARCA4	60.0346661597881	1.69424264431325e-38	False	((1.1333333333333335, -0.4064039408866995), array([ 0.38400571, -0.72074925]))	False
APOLD1	ENHA_STAT1;SMARCA4	23.3086817771591	2.2664999083505202e-59	False	((1.1333333333333335, 0.6665024630541874), array([ 0.38400571, -0.72074925]))	False
APOLD1	ENHA_RBPJ;SMARCA4	13.612077392253	3.26516921770313e-72	False	((1.1, 0.36305418719211824), array([ 0.38400571, -0.72074925]))	False
APOLD1	ENHA_IRF1;SMARCA4	60.0346661597881	1.69424264431325e-38	False	((1.1333333333333335, -0.4064039408866995), array([ 0.38400571, -0.72074925]))	False
APOLD1	ENHA_REST;SMARCA4	19.550402215373	6.06319240213792e-51	False	((1.1666666666666667, 0.384729064039409), array([ 0.38400571, -0.72074925]))	False
APOLD1	ENHA_MYC;SMARCA4	5.6345473795867	4.13114839561199e-38	False	((1.1666666666666667, -0.005418719211822687), array([ 0.38400571, -0.72074925]))	False
APOLD1	ENHA_STAT1;SMARCA4	23.3086817771591	2.2664999083505202e-59	False	((1.1333333333333335, 0.6665024630541874), array([ 0.38400571, -0.72074925]))	False
APOLD1	ENHA_NR4A2;SMARCA4	9.01042514816621	1.29535431187655e-63	False	((1.1666666666666667, 0.22216748768472905), array([ 0.38400571, -0.72074925]))	False
APOLD1	ENHA_IRF1;SMARCA4	60.0346661597881	1.69424264431325e-38	False	((1.1333333333333335, -0.4064039408866995), array([ 0.38400571, -0.72074925]))	False
APOLD1	ENHA_ATF3;SMARCA4	6.72298391817372	3.6112030783549994e-44	False	((1.1, -1.0674876847290642), array([ 0.38400571, -0.72074925]))	False
APOLD1	ENHA_CEBPA;SMARCA4	8.44391501984477	3.1281121220336103e-58	False	((1.1666666666666667, -0.9807881773399015), array([ 0.38400571, -0.72074925]))	False
APOLD1	ENHA_IRF1;SMARCA4	60.0346661597881	1.69424264431325e-38	False	((1.1333333333333335, -0.4064039408866995), array([ 0.38400571, -0.72074925]))	False
APOLD1	ENHA_MYC;SMARCA4	5.6345473795867	4.13114839561199e-38	False	((1.1666666666666667, -0.005418719211822687), array([ 0.38400571, -0.72074925]))	False
APOLD1	ENHA_CEBPA;SMARCA4	8.44391501984477	3.1281121220336103e-58	False	((1.1666666666666667, -0.9807881773399015), array([ 0.38400571, -0.72074925]))	False
APOLD1	ENHA_NR3C1;SMARCA4	10.7553133260964	5.8160758171786e-67	False	((1.1666666666666667, 0.18965517241379315), array([ 0.38400571, -0.72074925]))	False
APOLD1	ENHA_AR;SMARCA4	6.37185183324598	1.52837836702811e-46	False	((1.1, -1.1), array([ 0.38400571, -0.72074925]))	False
APOLD1	ENHA_SP1;SMARCA4	inf	4.06121110791583e-32	False	((1.1666666666666667, 0.5798029556650248), array([ 0.38400571, -0.72074925]))	False
APOLD1	ENHA_IRF1;SMARCA4	60.0346661597881	1.69424264431325e-38	False	((1.1333333333333335, -0.4064039408866995), array([ 0.38400571, -0.72074925]))	False
APOLD1	ENHA_STAT1;SMARCA4	23.3086817771591	2.2664999083505202e-59	False	((1.1333333333333335, 0.6665024630541874), array([ 0.38400571, -0.72074925]))	False
APOLD1	ENHA_RBPJ;SMARCA4	13.612077392253	3.26516921770313e-72	False	((1.1, 0.36305418719211824), array([ 0.38400571, -0.72074925]))	False
APOLD1	ENHA_STAT1;SMARCA4	23.3086817771591	2.2664999083505202e-59	False	((1.1333333333333335, 0.6665024630541874), array([ 0.38400571, -0.72074925]))	False
APOLD1	ENHA_JUNB;SMARCA4	8.4212144864878	7.80709997357226e-56	False	((1.1, -0.31970443349753697), array([ 0.38400571, -0.72074925]))	False
APOLD1	ENHA_IRF1;SMARCA4	60.0346661597881	1.69424264431325e-38	False	((1.1333333333333335, -0.4064039408866995), array([ 0.38400571, -0.72074925]))	False
APOLD1	ENHA_SP1;SMARCA4	inf	4.06121110791583e-32	False	((1.1666666666666667, 0.5798029556650248), array([ 0.38400571, -0.72074925]))	False
APOLD1	ENHA_TP53;SMARCA4	5.12974045938442	3.53367744584787e-37	False	((1.1666666666666667, 0.8724137931034484), array([ 0.38400571, -0.72074925]))	False
APOLD1	ENHA_NR3C1;SMARCA4	10.7553133260964	5.8160758171786e-67	False	((1.1666666666666667, 0.18965517241379315), array([ 0.38400571, -0.72074925]))	False
APOLD1	ENHA_AR;SMARCA4	6.37185183324598	1.52837836702811e-46	False	((1.1, -1.1), array([ 0.38400571, -0.72074925]))	False
APOLD1	ENHA_SP1;SMARCA4	inf	4.06121110791583e-32	False	((1.1666666666666667, 0.5798029556650248), array([ 0.38400571, -0.72074925]))	False
APOLD1	ENHA_RBPJ;SMARCA4	13.612077392253	3.26516921770313e-72	False	((1.1, 0.36305418719211824), array([ 0.38400571, -0.72074925]))	False
APOLD1	ENHA_IRF1;SMARCA4	60.0346661597881	1.69424264431325e-38	False	((1.1333333333333335, -0.4064039408866995), array([ 0.38400571, -0.72074925]))	False
APOLD1	ENHA_SP1;SMARCA4	inf	4.06121110791583e-32	False	((1.1666666666666667, 0.5798029556650248), array([ 0.38400571, -0.72074925]))	False
APOLD1	ENHA_REST;SMARCA4	19.550402215373	6.06319240213792e-51	False	((1.1666666666666667, 0.384729064039409), array([ 0.38400571, -0.72074925]))	False
APOLD1	ENHA_IRF1;SMARCA4	60.0346661597881	1.69424264431325e-38	False	((1.1333333333333335, -0.4064039408866995), array([ 0.38400571, -0.72074925]))	False
APOLD1	ENHA_RBPJ;SMARCA4	13.612077392253	3.26516921770313e-72	False	((1.1, 0.36305418719211824), array([ 0.38400571, -0.72074925]))	False
APOLD1	ENHA_STAT3;SMARCA4	6.4761642331178	1.80873239676204e-47	False	((1.1666666666666667, 0.6773399014778327), array([ 0.38400571, -0.72074925]))	False
APOLD1	ENHA_NR4A2;SMARCA4	9.01042514816621	1.29535431187655e-63	False	((1.1666666666666667, 0.22216748768472905), array([ 0.38400571, -0.72074925]))	False
APOLD1	ENHA_NR3C1;SMARCA4	10.7553133260964	5.8160758171786e-67	False	((1.1666666666666667, 0.18965517241379315), array([ 0.38400571, -0.72074925]))	False
APOLD1	ENHA_IRF1;SMARCA4	60.0346661597881	1.69424264431325e-38	False	((1.1333333333333335, -0.4064039408866995), array([ 0.38400571, -0.72074925]))	False
APOLD1	ENHA_AR;SMARCA4	6.37185183324598	1.52837836702811e-46	False	((1.1, -1.1), array([ 0.38400571, -0.72074925]))	False
APOLD1	ENHA_SP1;SMARCA4	inf	4.06121110791583e-32	False	((1.1666666666666667, 0.5798029556650248), array([ 0.38400571, -0.72074925]))	False
APOLD1	ENHA_STAT3;SMARCA4	6.4761642331178	1.80873239676204e-47	False	((1.1666666666666667, 0.6773399014778327), array([ 0.38400571, -0.72074925]))	False
APOLD1	ENHA_STAT1;SMARCA4	23.3086817771591	2.2664999083505202e-59	False	((1.1333333333333335, 0.6665024630541874), array([ 0.38400571, -0.72074925]))	False
APOLD1	ENHA_STAT1;SMARCA4	23.3086817771591	2.2664999083505202e-59	False	((1.1333333333333335, 0.6665024630541874), array([ 0.38400571, -0.72074925]))	False
APOLD1	ENHA_NR4A2;SMARCA4	9.01042514816621	1.29535431187655e-63	False	((1.1666666666666667, 0.22216748768472905), array([ 0.38400571, -0.72074925]))	False
APOLD1	PROM_IRF1;SMARCA4	0.765985256139873	0.208323930487104	False	((-1.1, -0.8130434782608696), array([ 0.38400571, -0.72074925]))	False
APOLD1	ENHA_RUNX2;HIF1A	9.04995599594974	1.2929935105371601e-54	False	((1.1333333333333335, 0.47142857142857153), array([0.86929427, 0.21420161]))	False
APOLD1	ENHA_MAFK;HIF1A	7.69962161330238	1.44187579755416e-32	False	((1.1, -0.15714285714285714), array([0.86929427, 0.21420161]))	False
APOLD1	ENHA_MAFK;HIF1A	7.69962161330238	1.44187579755416e-32	False	((1.1, -0.15714285714285714), array([0.86929427, 0.21420161]))	False
APOLD1	ENHA_SP1;HIF1A	8.70717275984942	6.22307607326992e-33	False	((1.1666666666666667, 0.5798029556650248), array([0.86929427, 0.21420161]))	False
APOLD1	ENHA_MAFK;HIF1A	7.69962161330238	1.44187579755416e-32	False	((1.1, -0.15714285714285714), array([0.86929427, 0.21420161]))	False
APOLD1	ENHA_ARNT2;HIF1A	4.79451095544533	2.19648396828154e-22	False	((1.1333333333333335, -1.0891625615763547), array([0.86929427, 0.21420161]))	False
APOLD1	ENHA_MAFK;HIF1A	7.69962161330238	1.44187579755416e-32	False	((1.1, -0.15714285714285714), array([0.86929427, 0.21420161]))	False
APOLD1	ENHA_BHLHE41;HIF1A	4.57222704123611	9.90309105332446e-21	False	((1.1333333333333335, -0.9916256157635469), array([0.86929427, 0.21420161]))	False
APOLD1	ENHA_MAFK;HIF1A	7.69962161330238	1.44187579755416e-32	False	((1.1, -0.15714285714285714), array([0.86929427, 0.21420161]))	False
APOLD1	ENHA_SP1;HIF1A	8.70717275984942	6.22307607326992e-33	False	((1.1666666666666667, 0.5798029556650248), array([0.86929427, 0.21420161]))	False
APOLD1	ENHA_RUNX2;HIF1A	9.04995599594974	1.2929935105371601e-54	False	((1.1333333333333335, 0.47142857142857153), array([0.86929427, 0.21420161]))	False
APOLD1	ENHA_MAFK;HIF1A	7.69962161330238	1.44187579755416e-32	False	((1.1, -0.15714285714285714), array([0.86929427, 0.21420161]))	False
APOLD1	ENHA_MAFG;HIF1A	8.35401517299655	2.0375952893351003e-55	False	((1.1666666666666667, -0.1679802955665024), array([0.86929427, 0.21420161]))	False
APOLD1	ENHA_ESRRA;HIF1A	7.74866566849785	2.24799918764135e-53	False	((1.1333333333333335, -0.7640394088669951), array([0.86929427, 0.21420161]))	False
APOLD1	ENHA_BHLHE41;HIF1A	4.57222704123611	9.90309105332446e-21	False	((1.1333333333333335, -0.9916256157635469), array([0.86929427, 0.21420161]))	False
APOLD1	ENHA_MAFK;HIF1A	7.69962161330238	1.44187579755416e-32	False	((1.1, -0.15714285714285714), array([0.86929427, 0.21420161]))	False
APOLD1	ENHA_MAFK;HIF1A	7.69962161330238	1.44187579755416e-32	False	((1.1, -0.15714285714285714), array([0.86929427, 0.21420161]))	False
APOLD1	ENHA_SP1;HIF1A	8.70717275984942	6.22307607326992e-33	False	((1.1666666666666667, 0.5798029556650248), array([0.86929427, 0.21420161]))	False
APOLD1	ENHA_RUNX2;HIF1A	9.04995599594974	1.2929935105371601e-54	False	((1.1333333333333335, 0.47142857142857153), array([0.86929427, 0.21420161]))	False
APOLD1	ENHA_MAFK;HIF1A	7.69962161330238	1.44187579755416e-32	False	((1.1, -0.15714285714285714), array([0.86929427, 0.21420161]))	False
APOLD1	ENHA_SP1;HIF1A	8.70717275984942	6.22307607326992e-33	False	((1.1666666666666667, 0.5798029556650248), array([0.86929427, 0.21420161]))	False
APOLD1	ENHA_RUNX2;HIF1A	9.04995599594974	1.2929935105371601e-54	False	((1.1333333333333335, 0.47142857142857153), array([0.86929427, 0.21420161]))	False
APOLD1	ENHA_MAX;HIF1A	10.4289856887674	8.3660901928126e-65	False	((1.1333333333333335, -0.14630541871921177), array([0.86929427, 0.21420161]))	False
APOLD1	ENHA_SP1;HIF1A	8.70717275984942	6.22307607326992e-33	False	((1.1666666666666667, 0.5798029556650248), array([0.86929427, 0.21420161]))	False
APOLD1	ENHA_RUNX2;HIF1A	9.04995599594974	1.2929935105371601e-54	False	((1.1333333333333335, 0.47142857142857153), array([0.86929427, 0.21420161]))	False
APOLD1	ENHA_MAX;HIF1A	10.4289856887674	8.3660901928126e-65	False	((1.1333333333333335, -0.14630541871921177), array([0.86929427, 0.21420161]))	False
APOLD1	ENHA_RUNX2;HIF1A	9.04995599594974	1.2929935105371601e-54	False	((1.1333333333333335, 0.47142857142857153), array([0.86929427, 0.21420161]))	False
APOLD1	ENHA_MAFK;HIF1A	7.69962161330238	1.44187579755416e-32	False	((1.1, -0.15714285714285714), array([0.86929427, 0.21420161]))	False
APOLD1	ENHA_MAX;HIF1A	10.4289856887674	8.3660901928126e-65	False	((1.1333333333333335, -0.14630541871921177), array([0.86929427, 0.21420161]))	False
APOLD1	ENHA_MAFK;HIF1A	7.69962161330238	1.44187579755416e-32	False	((1.1, -0.15714285714285714), array([0.86929427, 0.21420161]))	False
APOLD1	ENHA_MAFG;HIF1A	8.35401517299655	2.0375952893351003e-55	False	((1.1666666666666667, -0.1679802955665024), array([0.86929427, 0.21420161]))	False
APOLD1	ENHA_SP1;HIF1A	8.70717275984942	6.22307607326992e-33	False	((1.1666666666666667, 0.5798029556650248), array([0.86929427, 0.21420161]))	False
APOLD1	ENHA_MAFK;HIF1A	7.69962161330238	1.44187579755416e-32	False	((1.1, -0.15714285714285714), array([0.86929427, 0.21420161]))	False
APOLD1	ENHA_ESRRA;HIF1A	7.74866566849785	2.24799918764135e-53	False	((1.1333333333333335, -0.7640394088669951), array([0.86929427, 0.21420161]))	False
APOLD1	ENHA_MAX;HIF1A	10.4289856887674	8.3660901928126e-65	False	((1.1333333333333335, -0.14630541871921177), array([0.86929427, 0.21420161]))	False
APOLD1	ENHA_MAX;HIF1A	10.4289856887674	8.3660901928126e-65	False	((1.1333333333333335, -0.14630541871921177), array([0.86929427, 0.21420161]))	False
APOLD1	ENHA_ESRRA;HIF1A	7.74866566849785	2.24799918764135e-53	False	((1.1333333333333335, -0.7640394088669951), array([0.86929427, 0.21420161]))	False
APOLD1	ENHA_MAFK;HIF1A	7.69962161330238	1.44187579755416e-32	False	((1.1, -0.15714285714285714), array([0.86929427, 0.21420161]))	False
APOLD1	ENHA_MAFK;HIF1A	7.69962161330238	1.44187579755416e-32	False	((1.1, -0.15714285714285714), array([0.86929427, 0.21420161]))	False
APOLD1	ENHA_MAFK;HIF1A	7.69962161330238	1.44187579755416e-32	False	((1.1, -0.15714285714285714), array([0.86929427, 0.21420161]))	False
APOLD1	ENHA_SP1;HIF1A	8.70717275984942	6.22307607326992e-33	False	((1.1666666666666667, 0.5798029556650248), array([0.86929427, 0.21420161]))	False
APOLD1	ENHA_MAX;HIF1A	10.4289856887674	8.3660901928126e-65	False	((1.1333333333333335, -0.14630541871921177), array([0.86929427, 0.21420161]))	False
APOLD1	ENHA_XBP1;HIF1A	4.57748465562492	2.9082582255743104e-15	False	((1.1333333333333335, 0.926600985221675), array([0.86929427, 0.21420161]))	False
APOLD1	ENHA_SP1;HIF1A	8.70717275984942	6.22307607326992e-33	False	((1.1666666666666667, 0.5798029556650248), array([0.86929427, 0.21420161]))	False
APOLD1	ENHA_MAX;HIF1A	10.4289856887674	8.3660901928126e-65	False	((1.1333333333333335, -0.14630541871921177), array([0.86929427, 0.21420161]))	False
APOLD1	ENHA_MAFK;HIF1A	7.69962161330238	1.44187579755416e-32	False	((1.1, -0.15714285714285714), array([0.86929427, 0.21420161]))	False
APOLD1	ENHA_MAFG;HIF1A	8.35401517299655	2.0375952893351003e-55	False	((1.1666666666666667, -0.1679802955665024), array([0.86929427, 0.21420161]))	False
APOLD1	ENHA_RUNX2;HIF1A	9.04995599594974	1.2929935105371601e-54	False	((1.1333333333333335, 0.47142857142857153), array([0.86929427, 0.21420161]))	False
APOLD1	ENHA_ESRRA;HIF1A	7.74866566849785	2.24799918764135e-53	False	((1.1333333333333335, -0.7640394088669951), array([0.86929427, 0.21420161]))	False
APOLD1	ENHA_XBP1;HIF1A	4.57748465562492	2.9082582255743104e-15	False	((1.1333333333333335, 0.926600985221675), array([0.86929427, 0.21420161]))	False
APOLD1	ENHA_FOXA1;HMGA1	12.0037095166255	3.05975095839848e-54	False	((1.1666666666666667, -0.6881773399014779), array([-0.30093105, -0.96300243]))	False
APOLD1	ENHA_CREB1;HMGA1	24.1844526411289	4.83948680701053e-84	False	((1.1, -0.9374384236453203), array([-0.30093105, -0.96300243]))	False
APOLD1	ENHA_SP1;HMGA1	26.890694209744	2.3961876813863702e-54	False	((1.1666666666666667, 0.5798029556650248), array([-0.30093105, -0.96300243]))	False
APOLD1	ENHA_FOXA1;HMGA1	12.0037095166255	3.05975095839848e-54	False	((1.1666666666666667, -0.6881773399014779), array([-0.30093105, -0.96300243]))	False
APOLD1	ENHA_POU2F2;HMGA1	5.96724506488009	5.98055457188664e-43	False	((1.1, 0.29802955665024644), array([-0.30093105, -0.96300243]))	False
APOLD1	ENHA_FOXA1;HMGA1	12.0037095166255	3.05975095839848e-54	False	((1.1666666666666667, -0.6881773399014779), array([-0.30093105, -0.96300243]))	False
APOLD1	ENHA_SP1;HMGA1	26.890694209744	2.3961876813863702e-54	False	((1.1666666666666667, 0.5798029556650248), array([-0.30093105, -0.96300243]))	False
APOLD1	ENHA_FOXA1;HMGA1	12.0037095166255	3.05975095839848e-54	False	((1.1666666666666667, -0.6881773399014779), array([-0.30093105, -0.96300243]))	False
APOLD1	ENHA_FOXA1;HMGA1	12.0037095166255	3.05975095839848e-54	False	((1.1666666666666667, -0.6881773399014779), array([-0.30093105, -0.96300243]))	False
APOLD1	ENHA_FOXA1;HMGA1	12.0037095166255	3.05975095839848e-54	False	((1.1666666666666667, -0.6881773399014779), array([-0.30093105, -0.96300243]))	False
APOLD1	ENHA_POU2F2;HMGA1	5.96724506488009	5.98055457188664e-43	False	((1.1, 0.29802955665024644), array([-0.30093105, -0.96300243]))	False
APOLD1	ENHA_SP1;HMGA1	26.890694209744	2.3961876813863702e-54	False	((1.1666666666666667, 0.5798029556650248), array([-0.30093105, -0.96300243]))	False
APOLD1	ENHA_FOXA1;HMGA1	12.0037095166255	3.05975095839848e-54	False	((1.1666666666666667, -0.6881773399014779), array([-0.30093105, -0.96300243]))	False
APOLD1	ENHA_FOXA1;HMGA1	12.0037095166255	3.05975095839848e-54	False	((1.1666666666666667, -0.6881773399014779), array([-0.30093105, -0.96300243]))	False
APOLD1	ENHA_FOXA1;HMGA1	12.0037095166255	3.05975095839848e-54	False	((1.1666666666666667, -0.6881773399014779), array([-0.30093105, -0.96300243]))	False
APOLD1	ENHA_SP1;HMGA1	26.890694209744	2.3961876813863702e-54	False	((1.1666666666666667, 0.5798029556650248), array([-0.30093105, -0.96300243]))	False
APOLD1	ENHA_FOXA1;HMGA1	12.0037095166255	3.05975095839848e-54	False	((1.1666666666666667, -0.6881773399014779), array([-0.30093105, -0.96300243]))	False
APOLD1	ENHA_POU2F2;HMGA1	5.96724506488009	5.98055457188664e-43	False	((1.1, 0.29802955665024644), array([-0.30093105, -0.96300243]))	False
APOLD1	ENHA_CEBPB;HMGA1	11.0910262764206	5.02122003908171e-59	False	((1.1, -0.9699507389162563), array([-0.30093105, -0.96300243]))	False
APOLD1	ENHA_POU2F2;HMGA1	5.96724506488009	5.98055457188664e-43	False	((1.1, 0.29802955665024644), array([-0.30093105, -0.96300243]))	False
APOLD1	ENHA_CEBPB;HMGA1	11.0910262764206	5.02122003908171e-59	False	((1.1, -0.9699507389162563), array([-0.30093105, -0.96300243]))	False
APOLD1	ENHA_SP1;HMGA1	26.890694209744	2.3961876813863702e-54	False	((1.1666666666666667, 0.5798029556650248), array([-0.30093105, -0.96300243]))	False
APOLD1	ENHA_CEBPB;HMGA1	11.0910262764206	5.02122003908171e-59	False	((1.1, -0.9699507389162563), array([-0.30093105, -0.96300243]))	False
APOLD1	ENHA_POU2F2;HMGA1	5.96724506488009	5.98055457188664e-43	False	((1.1, 0.29802955665024644), array([-0.30093105, -0.96300243]))	False
APOLD1	ENHA_SP1;HMGA1	26.890694209744	2.3961876813863702e-54	False	((1.1666666666666667, 0.5798029556650248), array([-0.30093105, -0.96300243]))	False
APOLD1	ENHA_FOXA1;HMGA1	12.0037095166255	3.05975095839848e-54	False	((1.1666666666666667, -0.6881773399014779), array([-0.30093105, -0.96300243]))	False
APOLD1	ENHA_POU2F2;HMGA1	5.96724506488009	5.98055457188664e-43	False	((1.1, 0.29802955665024644), array([-0.30093105, -0.96300243]))	False
APOLD1	ENHA_CREB1;HMGA1	24.1844526411289	4.83948680701053e-84	False	((1.1, -0.9374384236453203), array([-0.30093105, -0.96300243]))	False
APOLD1	ENHA_CEBPB;HMGA1	11.0910262764206	5.02122003908171e-59	False	((1.1, -0.9699507389162563), array([-0.30093105, -0.96300243]))	False
APOLD1	ENHA_CEBPB;HMGA1	11.0910262764206	5.02122003908171e-59	False	((1.1, -0.9699507389162563), array([-0.30093105, -0.96300243]))	False
APOLD1	ENHA_SP1;HMGA1	26.890694209744	2.3961876813863702e-54	False	((1.1666666666666667, 0.5798029556650248), array([-0.30093105, -0.96300243]))	False
APOLD1	ENHA_CREB1;HMGA1	24.1844526411289	4.83948680701053e-84	False	((1.1, -0.9374384236453203), array([-0.30093105, -0.96300243]))	False
APOLD1	ENHA_CEBPB;HMGA1	11.0910262764206	5.02122003908171e-59	False	((1.1, -0.9699507389162563), array([-0.30093105, -0.96300243]))	False
APOLD1	ENHA_SP1;HMGA1	26.890694209744	2.3961876813863702e-54	False	((1.1666666666666667, 0.5798029556650248), array([-0.30093105, -0.96300243]))	False
APOLD1	ENHA_FOXA1;HMGA1	12.0037095166255	3.05975095839848e-54	False	((1.1666666666666667, -0.6881773399014779), array([-0.30093105, -0.96300243]))	False
APOLD1	ENHA_POU2F2;HMGA1	5.96724506488009	5.98055457188664e-43	False	((1.1, 0.29802955665024644), array([-0.30093105, -0.96300243]))	False
APOLD1	ENHA_FOXA1;HMGA1	12.0037095166255	3.05975095839848e-54	False	((1.1666666666666667, -0.6881773399014779), array([-0.30093105, -0.96300243]))	False
APOLD1	ENHA_SP1;HMGA1	26.890694209744	2.3961876813863702e-54	False	((1.1666666666666667, 0.5798029556650248), array([-0.30093105, -0.96300243]))	False
APOLD1	ENHA_FOXA1;HMGA1	12.0037095166255	3.05975095839848e-54	False	((1.1666666666666667, -0.6881773399014779), array([-0.30093105, -0.96300243]))	False
APOLD1	ENHA_POU2F2;HMGA1	5.96724506488009	5.98055457188664e-43	False	((1.1, 0.29802955665024644), array([-0.30093105, -0.96300243]))	False
APOLD1	ENHA_POU2F2;HMGA1	5.96724506488009	5.98055457188664e-43	False	((1.1, 0.29802955665024644), array([-0.30093105, -0.96300243]))	False
APOLD1	ENHA_MEF2A;MEF2D	9.59255042435575	8.89763707351664e-60	False	((1.1, -0.12463054187192113), array([0.89867217, 0.08005106]))	False
APOLD1	ENHA_MEF2A;MEF2D	9.59255042435575	8.89763707351664e-60	False	((1.1, -0.12463054187192113), array([0.89867217, 0.08005106]))	False
APOLD1	ENHA_MEF2A;MEF2D	9.59255042435575	8.89763707351664e-60	False	((1.1, -0.12463054187192113), array([0.89867217, 0.08005106]))	False
APOLD1	ENHA_MEF2A;MEF2D	9.59255042435575	8.89763707351664e-60	False	((1.1, -0.12463054187192113), array([0.89867217, 0.08005106]))	False
APOLD1	ENHA_MEF2A;MEF2D	9.59255042435575	8.89763707351664e-60	False	((1.1, -0.12463054187192113), array([0.89867217, 0.08005106]))	False
APOLD1	ENHA_NFATC2;MEF2D	9.11978183840331	2.4328296162858096e-30	False	((1.1, 0.005418719211822687), array([0.89867217, 0.08005106]))	False
APOLD1	ENHA_SP1;MEF2D	8.19277665546887	9.45078947448073e-59	False	((1.1666666666666667, 0.5798029556650248), array([0.89867217, 0.08005106]))	False
APOLD1	ENHA_MEF2A;MEF2D	9.59255042435575	8.89763707351664e-60	False	((1.1, -0.12463054187192113), array([0.89867217, 0.08005106]))	False
APOLD1	ENHA_MEF2A;MEF2D	9.59255042435575	8.89763707351664e-60	False	((1.1, -0.12463054187192113), array([0.89867217, 0.08005106]))	False
APOLD1	ENHA_MEF2A;MEF2C	9.1598221914692	5.75180275834149e-60	False	((1.1, -0.12463054187192113), array([0.57207174, 0.74368805]))	False
APOLD1	ENHA_TEAD1;MEF2C	11.2823691202116	1.40562879006673e-71	False	((1.1333333333333335, 0.7315270935960592), array([0.57207174, 0.74368805]))	False
APOLD1	ENHA_MEF2A;MEF2C	9.1598221914692	5.75180275834149e-60	False	((1.1, -0.12463054187192113), array([0.57207174, 0.74368805]))	False
APOLD1	ENHA_TEAD1;MEF2C	11.2823691202116	1.40562879006673e-71	False	((1.1333333333333335, 0.7315270935960592), array([0.57207174, 0.74368805]))	False
APOLD1	ENHA_SP1;MEF2C	13.0118546415722	4.68912248389433e-75	False	((1.1666666666666667, 0.5798029556650248), array([0.57207174, 0.74368805]))	False
APOLD1	ENHA_TEAD1;MEF2C	11.2823691202116	1.40562879006673e-71	False	((1.1333333333333335, 0.7315270935960592), array([0.57207174, 0.74368805]))	False
APOLD1	ENHA_MEF2A;MEF2C	9.1598221914692	5.75180275834149e-60	False	((1.1, -0.12463054187192113), array([0.57207174, 0.74368805]))	False
APOLD1	ENHA_TEAD1;MEF2C	11.2823691202116	1.40562879006673e-71	False	((1.1333333333333335, 0.7315270935960592), array([0.57207174, 0.74368805]))	False
APOLD1	ENHA_MEF2A;MEF2C	9.1598221914692	5.75180275834149e-60	False	((1.1, -0.12463054187192113), array([0.57207174, 0.74368805]))	False
APOLD1	ENHA_MEF2A;MEF2C	9.1598221914692	5.75180275834149e-60	False	((1.1, -0.12463054187192113), array([0.57207174, 0.74368805]))	False
APOLD1	ENHA_TEAD1;MEF2C	11.2823691202116	1.40562879006673e-71	False	((1.1333333333333335, 0.7315270935960592), array([0.57207174, 0.74368805]))	False
APOLD1	ENHA_SP1;MEF2C	13.0118546415722	4.68912248389433e-75	False	((1.1666666666666667, 0.5798029556650248), array([0.57207174, 0.74368805]))	False
APOLD1	ENHA_MEF2A;MEF2C	9.1598221914692	5.75180275834149e-60	False	((1.1, -0.12463054187192113), array([0.57207174, 0.74368805]))	False
APOLD1	ENHA_TEAD1;MEF2C	11.2823691202116	1.40562879006673e-71	False	((1.1333333333333335, 0.7315270935960592), array([0.57207174, 0.74368805]))	False
APOLD1	ENHA_MEF2A;MEF2C	9.1598221914692	5.75180275834149e-60	False	((1.1, -0.12463054187192113), array([0.57207174, 0.74368805]))	False
APOLD1	ENHA_MEF2A;MEF2C	9.1598221914692	5.75180275834149e-60	False	((1.1, -0.12463054187192113), array([0.57207174, 0.74368805]))	False
APOLD1	ENHA_MEF2A;MEF2C	9.1598221914692	5.75180275834149e-60	False	((1.1, -0.12463054187192113), array([0.57207174, 0.74368805]))	False
APOLD1	ENHA_TEAD1;MEF2C	11.2823691202116	1.40562879006673e-71	False	((1.1333333333333335, 0.7315270935960592), array([0.57207174, 0.74368805]))	False
APOLD1	ENHA_SP1;MEF2C	13.0118546415722	4.68912248389433e-75	False	((1.1666666666666667, 0.5798029556650248), array([0.57207174, 0.74368805]))	False
APOLD1	ENHA_TEAD1;MEF2C	11.2823691202116	1.40562879006673e-71	False	((1.1333333333333335, 0.7315270935960592), array([0.57207174, 0.74368805]))	False
APOLD1	ENHA_SP1;MEF2C	13.0118546415722	4.68912248389433e-75	False	((1.1666666666666667, 0.5798029556650248), array([0.57207174, 0.74368805]))	False
APOLD1	ENHA_TEAD1;MEF2C	11.2823691202116	1.40562879006673e-71	False	((1.1333333333333335, 0.7315270935960592), array([0.57207174, 0.74368805]))	False
APOLD1	ENHA_MEF2A;MEF2C	9.1598221914692	5.75180275834149e-60	False	((1.1, -0.12463054187192113), array([0.57207174, 0.74368805]))	False
APOLD1	ENHA_SP1;MEF2C	13.0118546415722	4.68912248389433e-75	False	((1.1666666666666667, 0.5798029556650248), array([0.57207174, 0.74368805]))	False
APOLD1	ENHA_MEF2A;MEF2C	9.1598221914692	5.75180275834149e-60	False	((1.1, -0.12463054187192113), array([0.57207174, 0.74368805]))	False
APOLD1	ENHA_THAP11;PSMC5	10.8543175840959	7.056570417156511e-63	False	((1.1, 0.8507389162561578), array([-0.32740214,  0.83596477]))	False
APOLD1	ENHA_SP1;PSMC5	12.3800907208953	2.1758132150607e-54	False	((1.1666666666666667, 0.5798029556650248), array([-0.32740214,  0.83596477]))	False
APOLD1	ENHA_FOS;PSMC5	9.94962615658182	3.0300400120738602e-68	False	((1.1, -0.7098522167487685), array([-0.32740214,  0.83596477]))	False
APOLD1	ENHA_THAP11;PSMC5	10.8543175840959	7.056570417156511e-63	False	((1.1, 0.8507389162561578), array([-0.32740214,  0.83596477]))	False
APOLD1	ENHA_SP1;PSMC5	12.3800907208953	2.1758132150607e-54	False	((1.1666666666666667, 0.5798029556650248), array([-0.32740214,  0.83596477]))	False
APOLD1	ENHA_RORA;PSMC5	6.98919989806996	1.3239322917939599e-48	False	((1.1333333333333335, 0.43891625615763563), array([-0.32740214,  0.83596477]))	False
APOLD1	ENHA_SP1;PSMC5	12.3800907208953	2.1758132150607e-54	False	((1.1666666666666667, 0.5798029556650248), array([-0.32740214,  0.83596477]))	False
APOLD1	ENHA_FOS;PSMC5	9.94962615658182	3.0300400120738602e-68	False	((1.1, -0.7098522167487685), array([-0.32740214,  0.83596477]))	False
APOLD1	ENHA_THAP11;PSMC5	10.8543175840959	7.056570417156511e-63	False	((1.1, 0.8507389162561578), array([-0.32740214,  0.83596477]))	False
APOLD1	ENHA_THAP11;PSMC5	10.8543175840959	7.056570417156511e-63	False	((1.1, 0.8507389162561578), array([-0.32740214,  0.83596477]))	False
APOLD1	ENHA_SP1;PSMC5	12.3800907208953	2.1758132150607e-54	False	((1.1666666666666667, 0.5798029556650248), array([-0.32740214,  0.83596477]))	False
APOLD1	ENHA_THAP11;PSMC5	10.8543175840959	7.056570417156511e-63	False	((1.1, 0.8507389162561578), array([-0.32740214,  0.83596477]))	False
APOLD1	ENHA_SP1;PSMC5	12.3800907208953	2.1758132150607e-54	False	((1.1666666666666667, 0.5798029556650248), array([-0.32740214,  0.83596477]))	False
APOLD1	ENHA_THAP11;PSMC5	10.8543175840959	7.056570417156511e-63	False	((1.1, 0.8507389162561578), array([-0.32740214,  0.83596477]))	False
APOLD1	ENHA_SP1;PSMC5	12.3800907208953	2.1758132150607e-54	False	((1.1666666666666667, 0.5798029556650248), array([-0.32740214,  0.83596477]))	False
APOLD1	ENHA_THAP11;PSMC5	10.8543175840959	7.056570417156511e-63	False	((1.1, 0.8507389162561578), array([-0.32740214,  0.83596477]))	False
APOLD1	ENHA_THRB;PSMC5	8.39512537857666	5.50806567199259e-60	False	((1.1333333333333335, 0.8615763546798032), array([-0.32740214,  0.83596477]))	False
APOLD1	ENHA_THAP11;PSMC5	10.8543175840959	7.056570417156511e-63	False	((1.1, 0.8507389162561578), array([-0.32740214,  0.83596477]))	False
APOLD1	ENHA_THAP11;PSMC5	10.8543175840959	7.056570417156511e-63	False	((1.1, 0.8507389162561578), array([-0.32740214,  0.83596477]))	False
APOLD1	ENHA_FOS;PSMC5	9.94962615658182	3.0300400120738602e-68	False	((1.1, -0.7098522167487685), array([-0.32740214,  0.83596477]))	False
APOLD1	ENHA_RORA;PSMC5	6.98919989806996	1.3239322917939599e-48	False	((1.1333333333333335, 0.43891625615763563), array([-0.32740214,  0.83596477]))	False
APOLD1	ENHA_SP1;PSMC5	12.3800907208953	2.1758132150607e-54	False	((1.1666666666666667, 0.5798029556650248), array([-0.32740214,  0.83596477]))	False
APOLD1	ENHA_THRB;PSMC5	8.39512537857666	5.50806567199259e-60	False	((1.1333333333333335, 0.8615763546798032), array([-0.32740214,  0.83596477]))	False
APOLD1	ENHA_SP1;PSMC5	12.3800907208953	2.1758132150607e-54	False	((1.1666666666666667, 0.5798029556650248), array([-0.32740214,  0.83596477]))	False
APOLD1	ENHA_RORA;PSMC5	6.98919989806996	1.3239322917939599e-48	False	((1.1333333333333335, 0.43891625615763563), array([-0.32740214,  0.83596477]))	False
APOLD1	ENHA_NR4A1;VHL	7.76834347616115	4.67781800042197e-55	False	((1.1333333333333335, 0.2113300492610839), array([0.06154469, 0.54458548]))	False
APOLD1	ENHA_TP53;VHL	26.4103876089007	1.74268469196868e-104	False	((1.1666666666666667, 0.8724137931034484), array([0.06154469, 0.54458548]))	False
APOLD1	ENHA_TP53;VHL	26.4103876089007	1.74268469196868e-104	False	((1.1666666666666667, 0.8724137931034484), array([0.06154469, 0.54458548]))	False
APOLD1	ENHA_AR;VHL	12.3885374796995	3.01086445158751e-80	False	((1.1, -1.1), array([0.06154469, 0.54458548]))	False
APOLD1	ENHA_NR4A1;VHL	7.76834347616115	4.67781800042197e-55	False	((1.1333333333333335, 0.2113300492610839), array([0.06154469, 0.54458548]))	False
APOLD1	ENHA_HIF1A;VHL	8.20044468801035	2.05565339156702e-45	False	((1.1, -0.5147783251231527), array([0.06154469, 0.54458548]))	False
APOLD1	ENHA_KLF4;VHL	9.94993452892655	4.11359203034159e-65	False	((1.1666666666666667, -0.23300492610837442), array([0.06154469, 0.54458548]))	False
APOLD1	ENHA_AR;VHL	12.3885374796995	3.01086445158751e-80	False	((1.1, -1.1), array([0.06154469, 0.54458548]))	False
APOLD1	ENHA_AR;VHL	12.3885374796995	3.01086445158751e-80	False	((1.1, -1.1), array([0.06154469, 0.54458548]))	False
APOLD1	ENHA_HIF1A;VHL	8.20044468801035	2.05565339156702e-45	False	((1.1, -0.5147783251231527), array([0.06154469, 0.54458548]))	False
APOLD1	ENHA_KLF4;VHL	9.94993452892655	4.11359203034159e-65	False	((1.1666666666666667, -0.23300492610837442), array([0.06154469, 0.54458548]))	False
APOLD1	ENHA_TP53;VHL	26.4103876089007	1.74268469196868e-104	False	((1.1666666666666667, 0.8724137931034484), array([0.06154469, 0.54458548]))	False
APOLD1	ENHA_TP53;VHL	26.4103876089007	1.74268469196868e-104	False	((1.1666666666666667, 0.8724137931034484), array([0.06154469, 0.54458548]))	False
APOLD1	ENHA_NR4A1;VHL	7.76834347616115	4.67781800042197e-55	False	((1.1333333333333335, 0.2113300492610839), array([0.06154469, 0.54458548]))	False
APOLD1	ENHA_TP53;VHL	26.4103876089007	1.74268469196868e-104	False	((1.1666666666666667, 0.8724137931034484), array([0.06154469, 0.54458548]))	False
APOLD1	ENHA_AR;VHL	12.3885374796995	3.01086445158751e-80	False	((1.1, -1.1), array([0.06154469, 0.54458548]))	False
APOLD1	ENHA_NR4A1;VHL	7.76834347616115	4.67781800042197e-55	False	((1.1333333333333335, 0.2113300492610839), array([0.06154469, 0.54458548]))	False
APOLD1	ENHA_TP53;VHL	26.4103876089007	1.74268469196868e-104	False	((1.1666666666666667, 0.8724137931034484), array([0.06154469, 0.54458548]))	False
APOLD1	ENHA_NR4A1;VHL	7.76834347616115	4.67781800042197e-55	False	((1.1333333333333335, 0.2113300492610839), array([0.06154469, 0.54458548]))	False
APOLD1	ENHA_NR4A1;VHL	7.76834347616115	4.67781800042197e-55	False	((1.1333333333333335, 0.2113300492610839), array([0.06154469, 0.54458548]))	False
APOLD1	ENHA_HIF1A;VHL	8.20044468801035	2.05565339156702e-45	False	((1.1, -0.5147783251231527), array([0.06154469, 0.54458548]))	False
APOLD1	ENHA_KLF4;VHL	9.94993452892655	4.11359203034159e-65	False	((1.1666666666666667, -0.23300492610837442), array([0.06154469, 0.54458548]))	False
APOLD1	ENHA_NR4A1;VHL	7.76834347616115	4.67781800042197e-55	False	((1.1333333333333335, 0.2113300492610839), array([0.06154469, 0.54458548]))	False
APOLD1	ENHA_AR;VHL	12.3885374796995	3.01086445158751e-80	False	((1.1, -1.1), array([0.06154469, 0.54458548]))	False
APOLD1	ENHA_SP1;VHL	6.39999860425445	1.98852275621145e-44	False	((1.1666666666666667, 0.5798029556650248), array([0.06154469, 0.54458548]))	False
APOLD1	ENHA_NR4A1;VHL	7.76834347616115	4.67781800042197e-55	False	((1.1333333333333335, 0.2113300492610839), array([0.06154469, 0.54458548]))	False
APOLD1	ENHA_TP53;VHL	26.4103876089007	1.74268469196868e-104	False	((1.1666666666666667, 0.8724137931034484), array([0.06154469, 0.54458548]))	False
APOLD1	ENHA_KLF4;VHL	9.94993452892655	4.11359203034159e-65	False	((1.1666666666666667, -0.23300492610837442), array([0.06154469, 0.54458548]))	False
APOLD1	ENHA_AR;VHL	12.3885374796995	3.01086445158751e-80	False	((1.1, -1.1), array([0.06154469, 0.54458548]))	False
APOLD1	ENHA_AR;VHL	12.3885374796995	3.01086445158751e-80	False	((1.1, -1.1), array([0.06154469, 0.54458548]))	False
APOLD1	ENHA_SP1;VHL	6.39999860425445	1.98852275621145e-44	False	((1.1666666666666667, 0.5798029556650248), array([0.06154469, 0.54458548]))	False
APOLD1	ENHA_NR4A1;VHL	7.76834347616115	4.67781800042197e-55	False	((1.1333333333333335, 0.2113300492610839), array([0.06154469, 0.54458548]))	False
APOLD1	ENHA_NR4A1;VHL	7.76834347616115	4.67781800042197e-55	False	((1.1333333333333335, 0.2113300492610839), array([0.06154469, 0.54458548]))	False
APOLD1	ENHA_KLF4;VHL	9.94993452892655	4.11359203034159e-65	False	((1.1666666666666667, -0.23300492610837442), array([0.06154469, 0.54458548]))	False
APOLD1	ENHA_NR4A1;VHL	7.76834347616115	4.67781800042197e-55	False	((1.1333333333333335, 0.2113300492610839), array([0.06154469, 0.54458548]))	False
APOLD1	ENHA_NFKB2;STAT3	7.36335246928511	7.3763804792477e-46	False	((1.1666666666666667, 0.09211822660098523), array([-0.56564256,  0.17211018]))	False
APOLD1	ENHA_TWIST1;STAT3	5.20234251819112	2.04517840873808e-37	False	((1.1333333333333335, 0.8940886699507391), array([-0.56564256,  0.17211018]))	False
APOLD1	ENHA_NFKB1;STAT3	7.62613164266259	8.76046328557968e-38	False	((1.1333333333333335, 0.08128078817733986), array([-0.56564256,  0.17211018]))	False
APOLD1	ENHA_STAT1;STAT3	6.72812548273276	2.1553179974179298e-43	False	((1.1333333333333335, 0.6665024630541874), array([-0.56564256,  0.17211018]))	False
APOLD1	ENHA_SP1;STAT3	4.51887293518229	2.43809732035903e-18	False	((1.1666666666666667, 0.5798029556650248), array([-0.56564256,  0.17211018]))	False
APOLD1	ENHA_NFKB1;STAT3	7.62613164266259	8.76046328557968e-38	False	((1.1333333333333335, 0.08128078817733986), array([-0.56564256,  0.17211018]))	False
APOLD1	ENHA_NR4A1;STAT3	5.88900873464451	3.16501542440142e-43	False	((1.1333333333333335, 0.2113300492610839), array([-0.56564256,  0.17211018]))	False
APOLD1	ENHA_SP1;STAT3	4.51887293518229	2.43809732035903e-18	False	((1.1666666666666667, 0.5798029556650248), array([-0.56564256,  0.17211018]))	False
APOLD1	ENHA_STAT1;STAT3	6.72812548273276	2.1553179974179298e-43	False	((1.1333333333333335, 0.6665024630541874), array([-0.56564256,  0.17211018]))	False
APOLD1	ENHA_JUN;STAT3	6.42941905062148	1.81211356552777e-44	False	((1.1666666666666667, -0.33054187192118223), array([-0.56564256,  0.17211018]))	False
APOLD1	ENHA_NFKB1;STAT3	7.62613164266259	8.76046328557968e-38	False	((1.1333333333333335, 0.08128078817733986), array([-0.56564256,  0.17211018]))	False
APOLD1	ENHA_STAT1;STAT3	6.72812548273276	2.1553179974179298e-43	False	((1.1333333333333335, 0.6665024630541874), array([-0.56564256,  0.17211018]))	False
APOLD1	ENHA_SP1;STAT3	4.51887293518229	2.43809732035903e-18	False	((1.1666666666666667, 0.5798029556650248), array([-0.56564256,  0.17211018]))	False
APOLD1	ENHA_TWIST1;STAT3	5.20234251819112	2.04517840873808e-37	False	((1.1333333333333335, 0.8940886699507391), array([-0.56564256,  0.17211018]))	False
APOLD1	ENHA_BHLHE40;STAT3	4.55222517308647	1.15619733351127e-26	False	((1.1, -1.0024630541871922), array([-0.56564256,  0.17211018]))	False
APOLD1	ENHA_NFKB1;STAT3	7.62613164266259	8.76046328557968e-38	False	((1.1333333333333335, 0.08128078817733986), array([-0.56564256,  0.17211018]))	False
APOLD1	ENHA_SP1;STAT3	4.51887293518229	2.43809732035903e-18	False	((1.1666666666666667, 0.5798029556650248), array([-0.56564256,  0.17211018]))	False
APOLD1	ENHA_NFKB2;STAT3	7.36335246928511	7.3763804792477e-46	False	((1.1666666666666667, 0.09211822660098523), array([-0.56564256,  0.17211018]))	False
APOLD1	ENHA_NFKB1;STAT3	7.62613164266259	8.76046328557968e-38	False	((1.1333333333333335, 0.08128078817733986), array([-0.56564256,  0.17211018]))	False
APOLD1	ENHA_STAT1;STAT3	6.72812548273276	2.1553179974179298e-43	False	((1.1333333333333335, 0.6665024630541874), array([-0.56564256,  0.17211018]))	False
APOLD1	ENHA_SP1;STAT3	4.51887293518229	2.43809732035903e-18	False	((1.1666666666666667, 0.5798029556650248), array([-0.56564256,  0.17211018]))	False
APOLD1	ENHA_NR3C1;STAT3	7.91022308911765	1.2819890198918698e-56	False	((1.1666666666666667, 0.18965517241379315), array([-0.56564256,  0.17211018]))	False
APOLD1	ENHA_AR;STAT3	8.66677426402284	1.212608463566e-61	False	((1.1, -1.1), array([-0.56564256,  0.17211018]))	False
APOLD1	ENHA_NR4A1;STAT3	5.88900873464451	3.16501542440142e-43	False	((1.1333333333333335, 0.2113300492610839), array([-0.56564256,  0.17211018]))	False
APOLD1	ENHA_TWIST1;STAT3	5.20234251819112	2.04517840873808e-37	False	((1.1333333333333335, 0.8940886699507391), array([-0.56564256,  0.17211018]))	False
APOLD1	ENHA_BHLHE40;STAT3	4.55222517308647	1.15619733351127e-26	False	((1.1, -1.0024630541871922), array([-0.56564256,  0.17211018]))	False
APOLD1	ENHA_NFKB1;STAT3	7.62613164266259	8.76046328557968e-38	False	((1.1333333333333335, 0.08128078817733986), array([-0.56564256,  0.17211018]))	False
APOLD1	ENHA_KLF15;STAT3	4.58715743453133	1.17746668268174e-31	False	((1.1666666666666667, -0.2655172413793103), array([-0.56564256,  0.17211018]))	False
APOLD1	ENHA_SP1;STAT3	4.51887293518229	2.43809732035903e-18	False	((1.1666666666666667, 0.5798029556650248), array([-0.56564256,  0.17211018]))	False
APOLD1	ENHA_JUN;STAT3	6.42941905062148	1.81211356552777e-44	False	((1.1666666666666667, -0.33054187192118223), array([-0.56564256,  0.17211018]))	False
APOLD1	ENHA_HES1;STAT3	5.18000107963309	3.34680665932959e-33	False	((1.1, -0.5472906403940887), array([-0.56564256,  0.17211018]))	False
APOLD1	ENHA_SP1;STAT3	4.51887293518229	2.43809732035903e-18	False	((1.1666666666666667, 0.5798029556650248), array([-0.56564256,  0.17211018]))	False
APOLD1	ENHA_HES1;STAT3	5.18000107963309	3.34680665932959e-33	False	((1.1, -0.5472906403940887), array([-0.56564256,  0.17211018]))	False
APOLD1	ENHA_HIF1A;STAT3	6.07148298573874	3.2303370002137295e-33	False	((1.1, -0.5147783251231527), array([-0.56564256,  0.17211018]))	True
APOLD1	ENHA_BHLHE40;STAT3	4.55222517308647	1.15619733351127e-26	False	((1.1, -1.0024630541871922), array([-0.56564256,  0.17211018]))	False
APOLD1	ENHA_AR;STAT3	8.66677426402284	1.212608463566e-61	False	((1.1, -1.1), array([-0.56564256,  0.17211018]))	False
APOLD1	ENHA_SP1;STAT3	4.51887293518229	2.43809732035903e-18	False	((1.1666666666666667, 0.5798029556650248), array([-0.56564256,  0.17211018]))	False
APOLD1	ENHA_AR;STAT3	8.66677426402284	1.212608463566e-61	False	((1.1, -1.1), array([-0.56564256,  0.17211018]))	False
APOLD1	ENHA_NFKB2;STAT3	7.36335246928511	7.3763804792477e-46	False	((1.1666666666666667, 0.09211822660098523), array([-0.56564256,  0.17211018]))	False
APOLD1	ENHA_NFKB1;STAT3	7.62613164266259	8.76046328557968e-38	False	((1.1333333333333335, 0.08128078817733986), array([-0.56564256,  0.17211018]))	False
APOLD1	ENHA_HES1;STAT3	5.18000107963309	3.34680665932959e-33	False	((1.1, -0.5472906403940887), array([-0.56564256,  0.17211018]))	False
APOLD1	ENHA_TWIST1;STAT3	5.20234251819112	2.04517840873808e-37	False	((1.1333333333333335, 0.8940886699507391), array([-0.56564256,  0.17211018]))	False
APOLD1	ENHA_HIF1A;STAT3	6.07148298573874	3.2303370002137295e-33	False	((1.1, -0.5147783251231527), array([-0.56564256,  0.17211018]))	True
APOLD1	ENHA_BHLHE40;STAT3	4.55222517308647	1.15619733351127e-26	False	((1.1, -1.0024630541871922), array([-0.56564256,  0.17211018]))	False
APOLD1	ENHA_NFKB1;STAT3	7.62613164266259	8.76046328557968e-38	False	((1.1333333333333335, 0.08128078817733986), array([-0.56564256,  0.17211018]))	False
APOLD1	ENHA_SP1;STAT3	4.51887293518229	2.43809732035903e-18	False	((1.1666666666666667, 0.5798029556650248), array([-0.56564256,  0.17211018]))	False
APOLD1	ENHA_KLF15;STAT3	4.58715743453133	1.17746668268174e-31	False	((1.1666666666666667, -0.2655172413793103), array([-0.56564256,  0.17211018]))	False
APOLD1	ENHA_SP1;STAT3	4.51887293518229	2.43809732035903e-18	False	((1.1666666666666667, 0.5798029556650248), array([-0.56564256,  0.17211018]))	False
APOLD1	ENHA_NFKB2;STAT3	7.36335246928511	7.3763804792477e-46	False	((1.1666666666666667, 0.09211822660098523), array([-0.56564256,  0.17211018]))	False
APOLD1	ENHA_NFKB1;STAT3	7.62613164266259	8.76046328557968e-38	False	((1.1333333333333335, 0.08128078817733986), array([-0.56564256,  0.17211018]))	False
APOLD1	ENHA_STAT1;STAT3	6.72812548273276	2.1553179974179298e-43	False	((1.1333333333333335, 0.6665024630541874), array([-0.56564256,  0.17211018]))	False
APOLD1	ENHA_SP1;STAT3	4.51887293518229	2.43809732035903e-18	False	((1.1666666666666667, 0.5798029556650248), array([-0.56564256,  0.17211018]))	False
APOLD1	ENHA_NR4A1;STAT3	5.88900873464451	3.16501542440142e-43	False	((1.1333333333333335, 0.2113300492610839), array([-0.56564256,  0.17211018]))	False
APOLD1	ENHA_AR;STAT3	8.66677426402284	1.212608463566e-61	False	((1.1, -1.1), array([-0.56564256,  0.17211018]))	False
APOLD1	ENHA_NFKB2;STAT3	7.36335246928511	7.3763804792477e-46	False	((1.1666666666666667, 0.09211822660098523), array([-0.56564256,  0.17211018]))	False
APOLD1	ENHA_NFKB1;STAT3	7.62613164266259	8.76046328557968e-38	False	((1.1333333333333335, 0.08128078817733986), array([-0.56564256,  0.17211018]))	False
APOLD1	ENHA_NR4A1;STAT3	5.88900873464451	3.16501542440142e-43	False	((1.1333333333333335, 0.2113300492610839), array([-0.56564256,  0.17211018]))	False
APOLD1	ENHA_STAT1;STAT3	6.72812548273276	2.1553179974179298e-43	False	((1.1333333333333335, 0.6665024630541874), array([-0.56564256,  0.17211018]))	False
APOLD1	ENHA_NFKB1;STAT3	7.62613164266259	8.76046328557968e-38	False	((1.1333333333333335, 0.08128078817733986), array([-0.56564256,  0.17211018]))	False
APOLD1	ENHA_NFKB2;STAT3	7.36335246928511	7.3763804792477e-46	False	((1.1666666666666667, 0.09211822660098523), array([-0.56564256,  0.17211018]))	False
APOLD1	ENHA_NFKB1;STAT3	7.62613164266259	8.76046328557968e-38	False	((1.1333333333333335, 0.08128078817733986), array([-0.56564256,  0.17211018]))	False
APOLD1	ENHA_STAT1;STAT3	6.72812548273276	2.1553179974179298e-43	False	((1.1333333333333335, 0.6665024630541874), array([-0.56564256,  0.17211018]))	False
APOLD1	ENHA_NR4A1;STAT3	5.88900873464451	3.16501542440142e-43	False	((1.1333333333333335, 0.2113300492610839), array([-0.56564256,  0.17211018]))	False
APOLD1	ENHA_ATF3;STAT3	5.78293970496408	1.16119133846579e-33	False	((1.1, -1.0674876847290642), array([-0.56564256,  0.17211018]))	False
APOLD1	ENHA_JUN;STAT3	6.42941905062148	1.81211356552777e-44	False	((1.1666666666666667, -0.33054187192118223), array([-0.56564256,  0.17211018]))	False
APOLD1	ENHA_NR4A1;STAT3	5.88900873464451	3.16501542440142e-43	False	((1.1333333333333335, 0.2113300492610839), array([-0.56564256,  0.17211018]))	False
APOLD1	ENHA_HES1;STAT3	5.18000107963309	3.34680665932959e-33	False	((1.1, -0.5472906403940887), array([-0.56564256,  0.17211018]))	False
APOLD1	ENHA_HIF1A;STAT3	6.07148298573874	3.2303370002137295e-33	False	((1.1, -0.5147783251231527), array([-0.56564256,  0.17211018]))	True
APOLD1	ENHA_BHLHE40;STAT3	4.55222517308647	1.15619733351127e-26	False	((1.1, -1.0024630541871922), array([-0.56564256,  0.17211018]))	False
APOLD1	ENHA_PPARD;STAT3	6.16172385252733	3.5628242901619197e-43	False	((1.1333333333333335, 0.3088669950738918), array([-0.56564256,  0.17211018]))	False
APOLD1	ENHA_NR4A1;STAT3	5.88900873464451	3.16501542440142e-43	False	((1.1333333333333335, 0.2113300492610839), array([-0.56564256,  0.17211018]))	False
APOLD1	ENHA_NFKB2;STAT3	7.36335246928511	7.3763804792477e-46	False	((1.1666666666666667, 0.09211822660098523), array([-0.56564256,  0.17211018]))	False
APOLD1	ENHA_NR3C1;STAT3	7.91022308911765	1.2819890198918698e-56	False	((1.1666666666666667, 0.18965517241379315), array([-0.56564256,  0.17211018]))	False
APOLD1	ENHA_AR;STAT3	8.66677426402284	1.212608463566e-61	False	((1.1, -1.1), array([-0.56564256,  0.17211018]))	False
APOLD1	ENHA_SP1;STAT3	4.51887293518229	2.43809732035903e-18	False	((1.1666666666666667, 0.5798029556650248), array([-0.56564256,  0.17211018]))	False
APOLD1	ENHA_NR4A1;STAT3	5.88900873464451	3.16501542440142e-43	False	((1.1333333333333335, 0.2113300492610839), array([-0.56564256,  0.17211018]))	False
APOLD1	ENHA_STAT1;STAT3	6.72812548273276	2.1553179974179298e-43	False	((1.1333333333333335, 0.6665024630541874), array([-0.56564256,  0.17211018]))	False
APOLD1	ENHA_NFKB2;STAT3	7.36335246928511	7.3763804792477e-46	False	((1.1666666666666667, 0.09211822660098523), array([-0.56564256,  0.17211018]))	False
APOLD1	ENHA_STAT1;STAT3	6.72812548273276	2.1553179974179298e-43	False	((1.1333333333333335, 0.6665024630541874), array([-0.56564256,  0.17211018]))	False
APOLD1	ENHA_SP1;STAT3	4.51887293518229	2.43809732035903e-18	False	((1.1666666666666667, 0.5798029556650248), array([-0.56564256,  0.17211018]))	False
APOLD1	ENHA_NFKB2;STAT3	7.36335246928511	7.3763804792477e-46	False	((1.1666666666666667, 0.09211822660098523), array([-0.56564256,  0.17211018]))	False
APOLD1	ENHA_TWIST1;STAT3	5.20234251819112	2.04517840873808e-37	False	((1.1333333333333335, 0.8940886699507391), array([-0.56564256,  0.17211018]))	False
APOLD1	ENHA_NR3C1;STAT3	7.91022308911765	1.2819890198918698e-56	False	((1.1666666666666667, 0.18965517241379315), array([-0.56564256,  0.17211018]))	False
APOLD1	ENHA_AR;STAT3	8.66677426402284	1.212608463566e-61	False	((1.1, -1.1), array([-0.56564256,  0.17211018]))	False
APOLD1	ENHA_SP1;STAT3	4.51887293518229	2.43809732035903e-18	False	((1.1666666666666667, 0.5798029556650248), array([-0.56564256,  0.17211018]))	False
APOLD1	ENHA_NFKB1;STAT3	7.62613164266259	8.76046328557968e-38	False	((1.1333333333333335, 0.08128078817733986), array([-0.56564256,  0.17211018]))	False
APOLD1	ENHA_KLF15;STAT3	4.58715743453133	1.17746668268174e-31	False	((1.1666666666666667, -0.2655172413793103), array([-0.56564256,  0.17211018]))	False
APOLD1	ENHA_NFKB2;STAT3	7.36335246928511	7.3763804792477e-46	False	((1.1666666666666667, 0.09211822660098523), array([-0.56564256,  0.17211018]))	False
APOLD1	ENHA_NFKB1;STAT3	7.62613164266259	8.76046328557968e-38	False	((1.1333333333333335, 0.08128078817733986), array([-0.56564256,  0.17211018]))	False
APOLD1	ENHA_SP1;STAT3	4.51887293518229	2.43809732035903e-18	False	((1.1666666666666667, 0.5798029556650248), array([-0.56564256,  0.17211018]))	False
APOLD1	ENHA_NR3C1;STAT3	7.91022308911765	1.2819890198918698e-56	False	((1.1666666666666667, 0.18965517241379315), array([-0.56564256,  0.17211018]))	False
APOLD1	ENHA_AR;STAT3	8.66677426402284	1.212608463566e-61	False	((1.1, -1.1), array([-0.56564256,  0.17211018]))	False
APOLD1	ENHA_SP1;STAT3	4.51887293518229	2.43809732035903e-18	False	((1.1666666666666667, 0.5798029556650248), array([-0.56564256,  0.17211018]))	False
APOLD1	ENHA_NR4A1;STAT3	5.88900873464451	3.16501542440142e-43	False	((1.1333333333333335, 0.2113300492610839), array([-0.56564256,  0.17211018]))	False
APOLD1	ENHA_NFKB2;STAT3	7.36335246928511	7.3763804792477e-46	False	((1.1666666666666667, 0.09211822660098523), array([-0.56564256,  0.17211018]))	False
APOLD1	ENHA_STAT1;STAT3	6.72812548273276	2.1553179974179298e-43	False	((1.1333333333333335, 0.6665024630541874), array([-0.56564256,  0.17211018]))	False
APOLD1	ENHA_NR4A1;STAT3	5.88900873464451	3.16501542440142e-43	False	((1.1333333333333335, 0.2113300492610839), array([-0.56564256,  0.17211018]))	False
APOLD1	PROM_HES1;STAT3	1.86015264144142	2.68562035431082e-05	False	((-1.1666666666666667, -0.9086956521739131), array([-0.56564256,  0.17211018]))	False
APOLD1	PROM_KLF15;STAT3	4.09963720791843	1.0384394903829701e-20	False	((-1.1333333333333335, -0.7173913043478262), array([-0.56564256,  0.17211018]))	False
APOLD1	ENHA_RUNX1;PML	6.50394704325725	2.34413296252123e-45	False	((1.1, 0.46059113300492616), array([ 0.4974049 , -0.51576057]))	False
APOLD1	ENHA_NR4A1;PML	6.97091692752338	1.09812640548071e-49	False	((1.1333333333333335, 0.2113300492610839), array([ 0.4974049 , -0.51576057]))	False
APOLD1	ENHA_SRF;PML	8.13207236625714	4.07409675702046e-57	False	((1.1, 0.655665024630542), array([ 0.4974049 , -0.51576057]))	False
APOLD1	ENHA_SP1;PML	inf	1.44051471329761e-44	False	((1.1666666666666667, 0.5798029556650248), array([ 0.4974049 , -0.51576057]))	False
APOLD1	ENHA_TGIF1;PML	7.28211820711038	6.54686855584876e-53	False	((1.1333333333333335, 0.8290640394088671), array([ 0.4974049 , -0.51576057]))	False
APOLD1	ENHA_GATA2;PML	6.50547062831741	2.34980081823085e-47	False	((1.1333333333333335, -0.6014778325123153), array([ 0.4974049 , -0.51576057]))	False
APOLD1	ENHA_NR4A1;PML	6.97091692752338	1.09812640548071e-49	False	((1.1333333333333335, 0.2113300492610839), array([ 0.4974049 , -0.51576057]))	False
APOLD1	ENHA_SRF;PML	8.13207236625714	4.07409675702046e-57	False	((1.1, 0.655665024630542), array([ 0.4974049 , -0.51576057]))	False
APOLD1	ENHA_TGIF1;PML	7.28211820711038	6.54686855584876e-53	False	((1.1333333333333335, 0.8290640394088671), array([ 0.4974049 , -0.51576057]))	False
APOLD1	ENHA_RUNX1;PML	6.50394704325725	2.34413296252123e-45	False	((1.1, 0.46059113300492616), array([ 0.4974049 , -0.51576057]))	False
APOLD1	ENHA_NR2C1;PML	6.49798529208241	1.49285401621424e-47	False	((1.1333333333333335, 0.14630541871921188), array([ 0.4974049 , -0.51576057]))	False
APOLD1	ENHA_SRF;PML	8.13207236625714	4.07409675702046e-57	False	((1.1, 0.655665024630542), array([ 0.4974049 , -0.51576057]))	False
APOLD1	ENHA_E2F4;PML	4.8202434971627	2.5598401129194597e-34	False	((1.1, -0.8724137931034484), array([ 0.4974049 , -0.51576057]))	False
APOLD1	ENHA_GATA2;PML	6.50547062831741	2.34980081823085e-47	False	((1.1333333333333335, -0.6014778325123153), array([ 0.4974049 , -0.51576057]))	False
APOLD1	ENHA_SP1;PML	inf	1.44051471329761e-44	False	((1.1666666666666667, 0.5798029556650248), array([ 0.4974049 , -0.51576057]))	False
APOLD1	ENHA_RUNX1;PML	6.50394704325725	2.34413296252123e-45	False	((1.1, 0.46059113300492616), array([ 0.4974049 , -0.51576057]))	False
APOLD1	ENHA_SP1;PML	inf	1.44051471329761e-44	False	((1.1666666666666667, 0.5798029556650248), array([ 0.4974049 , -0.51576057]))	False
APOLD1	ENHA_GATA2;PML	6.50547062831741	2.34980081823085e-47	False	((1.1333333333333335, -0.6014778325123153), array([ 0.4974049 , -0.51576057]))	False
APOLD1	ENHA_SRF;PML	8.13207236625714	4.07409675702046e-57	False	((1.1, 0.655665024630542), array([ 0.4974049 , -0.51576057]))	False
APOLD1	ENHA_MYB;PML	5.40243848522139	2.41804763664824e-37	False	((1.1333333333333335, -0.01625615763546784), array([ 0.4974049 , -0.51576057]))	False
APOLD1	ENHA_SRF;PML	8.13207236625714	4.07409675702046e-57	False	((1.1, 0.655665024630542), array([ 0.4974049 , -0.51576057]))	False
APOLD1	ENHA_SP1;PML	inf	1.44051471329761e-44	False	((1.1666666666666667, 0.5798029556650248), array([ 0.4974049 , -0.51576057]))	False
APOLD1	ENHA_NR4A1;PML	6.97091692752338	1.09812640548071e-49	False	((1.1333333333333335, 0.2113300492610839), array([ 0.4974049 , -0.51576057]))	False
APOLD1	ENHA_NR4A1;PML	6.97091692752338	1.09812640548071e-49	False	((1.1333333333333335, 0.2113300492610839), array([ 0.4974049 , -0.51576057]))	False
APOLD1	ENHA_GATA2;PML	6.50547062831741	2.34980081823085e-47	False	((1.1333333333333335, -0.6014778325123153), array([ 0.4974049 , -0.51576057]))	False
APOLD1	ENHA_ELF4;PML	5.36361963724179	3.88396128681726e-33	False	((1.1333333333333335, -0.7965517241379311), array([ 0.4974049 , -0.51576057]))	False
APOLD1	ENHA_NR4A1;PML	6.97091692752338	1.09812640548071e-49	False	((1.1333333333333335, 0.2113300492610839), array([ 0.4974049 , -0.51576057]))	False
APOLD1	ENHA_NR4A1;PML	6.97091692752338	1.09812640548071e-49	False	((1.1333333333333335, 0.2113300492610839), array([ 0.4974049 , -0.51576057]))	False
APOLD1	ENHA_GATA2;PML	6.50547062831741	2.34980081823085e-47	False	((1.1333333333333335, -0.6014778325123153), array([ 0.4974049 , -0.51576057]))	False
APOLD1	ENHA_NR4A1;PML	6.97091692752338	1.09812640548071e-49	False	((1.1333333333333335, 0.2113300492610839), array([ 0.4974049 , -0.51576057]))	False
APOLD1	ENHA_SP1;PML	inf	1.44051471329761e-44	False	((1.1666666666666667, 0.5798029556650248), array([ 0.4974049 , -0.51576057]))	False
APOLD1	ENHA_NR4A1;PML	6.97091692752338	1.09812640548071e-49	False	((1.1333333333333335, 0.2113300492610839), array([ 0.4974049 , -0.51576057]))	False
APOLD1	ENHA_NR2C1;PML	6.49798529208241	1.49285401621424e-47	False	((1.1333333333333335, 0.14630541871921188), array([ 0.4974049 , -0.51576057]))	False
APOLD1	ENHA_MYB;PML	5.40243848522139	2.41804763664824e-37	False	((1.1333333333333335, -0.01625615763546784), array([ 0.4974049 , -0.51576057]))	False
APOLD1	ENHA_SRF;PML	8.13207236625714	4.07409675702046e-57	False	((1.1, 0.655665024630542), array([ 0.4974049 , -0.51576057]))	False
APOLD1	ENHA_SP1;PML	inf	1.44051471329761e-44	False	((1.1666666666666667, 0.5798029556650248), array([ 0.4974049 , -0.51576057]))	False
APOLD1	ENHA_E2F4;PML	4.8202434971627	2.5598401129194597e-34	False	((1.1, -0.8724137931034484), array([ 0.4974049 , -0.51576057]))	False
APOLD1	ENHA_TGIF1;PML	7.28211820711038	6.54686855584876e-53	False	((1.1333333333333335, 0.8290640394088671), array([ 0.4974049 , -0.51576057]))	False
APOLD1	ENHA_SP1;PML	inf	1.44051471329761e-44	False	((1.1666666666666667, 0.5798029556650248), array([ 0.4974049 , -0.51576057]))	False
APOLD1	ENHA_GATA1;PML	4.51969540575258	4.73594714267503e-29	False	((1.1, -0.6123152709359606), array([ 0.4974049 , -0.51576057]))	False
APOLD1	ENHA_ELF4;PML	5.36361963724179	3.88396128681726e-33	False	((1.1333333333333335, -0.7965517241379311), array([ 0.4974049 , -0.51576057]))	False
APOLD1	ENHA_GATA2;PML	6.50547062831741	2.34980081823085e-47	False	((1.1333333333333335, -0.6014778325123153), array([ 0.4974049 , -0.51576057]))	False
APOLD1	ENHA_SP1;PML	inf	1.44051471329761e-44	False	((1.1666666666666667, 0.5798029556650248), array([ 0.4974049 , -0.51576057]))	False
APOLD1	ENHA_NR4A1;PML	6.97091692752338	1.09812640548071e-49	False	((1.1333333333333335, 0.2113300492610839), array([ 0.4974049 , -0.51576057]))	False
APOLD1	ENHA_GATA2;PML	6.50547062831741	2.34980081823085e-47	False	((1.1333333333333335, -0.6014778325123153), array([ 0.4974049 , -0.51576057]))	False
APOLD1	ENHA_NR4A1;PML	6.97091692752338	1.09812640548071e-49	False	((1.1333333333333335, 0.2113300492610839), array([ 0.4974049 , -0.51576057]))	False
APOLD1	ENHA_GATA2;PML	6.50547062831741	2.34980081823085e-47	False	((1.1333333333333335, -0.6014778325123153), array([ 0.4974049 , -0.51576057]))	False
APOLD1	ENHA_SRF;PML	8.13207236625714	4.07409675702046e-57	False	((1.1, 0.655665024630542), array([ 0.4974049 , -0.51576057]))	False
APOLD1	ENHA_NR4A1;PML	6.97091692752338	1.09812640548071e-49	False	((1.1333333333333335, 0.2113300492610839), array([ 0.4974049 , -0.51576057]))	False
APOLD1	ENHA_MEF2A;JUND	19.4496840765185	1.38017800108604e-53	False	((1.1, -0.12463054187192113), array([-0.43342971,  0.8669012 ]))	False
APOLD1	ENHA_ATF2;JUND	11.4813345792441	1.48520447256317e-76	False	((1.1666666666666667, -1.0783251231527093), array([-0.43342971,  0.8669012 ]))	False
APOLD1	ENHA_JUN;JUND	8.08993496124363	1.15567319648792e-55	False	((1.1666666666666667, -0.33054187192118223), array([-0.43342971,  0.8669012 ]))	False
APOLD1	ENHA_MEF2A;JUND	19.4496840765185	1.38017800108604e-53	False	((1.1, -0.12463054187192113), array([-0.43342971,  0.8669012 ]))	False
APOLD1	ENHA_MEF2A;JUND	19.4496840765185	1.38017800108604e-53	False	((1.1, -0.12463054187192113), array([-0.43342971,  0.8669012 ]))	False
APOLD1	ENHA_TEAD1;JUND	11.9453608663154	1.3742493909517899e-70	False	((1.1333333333333335, 0.7315270935960592), array([-0.43342971,  0.8669012 ]))	False
APOLD1	ENHA_MEF2A;JUND	19.4496840765185	1.38017800108604e-53	False	((1.1, -0.12463054187192113), array([-0.43342971,  0.8669012 ]))	False
APOLD1	ENHA_MEF2A;JUND	19.4496840765185	1.38017800108604e-53	False	((1.1, -0.12463054187192113), array([-0.43342971,  0.8669012 ]))	False
APOLD1	ENHA_AR;JUND	9.29388299240466	3.2693776555983903e-65	False	((1.1, -1.1), array([-0.43342971,  0.8669012 ]))	False
APOLD1	ENHA_MEF2A;JUND	19.4496840765185	1.38017800108604e-53	False	((1.1, -0.12463054187192113), array([-0.43342971,  0.8669012 ]))	False
APOLD1	ENHA_ATF2;JUND	11.4813345792441	1.48520447256317e-76	False	((1.1666666666666667, -1.0783251231527093), array([-0.43342971,  0.8669012 ]))	False
APOLD1	ENHA_JUN;JUND	8.08993496124363	1.15567319648792e-55	False	((1.1666666666666667, -0.33054187192118223), array([-0.43342971,  0.8669012 ]))	False
APOLD1	ENHA_TEAD1;JUND	11.9453608663154	1.3742493909517899e-70	False	((1.1333333333333335, 0.7315270935960592), array([-0.43342971,  0.8669012 ]))	False
APOLD1	ENHA_MEF2A;JUND	19.4496840765185	1.38017800108604e-53	False	((1.1, -0.12463054187192113), array([-0.43342971,  0.8669012 ]))	False
APOLD1	ENHA_EGR1;JUND	13.7734337866028	2.5358716788722503e-67	False	((1.1, -0.8399014778325123), array([-0.43342971,  0.8669012 ]))	False
APOLD1	ENHA_ATF2;JUND	11.4813345792441	1.48520447256317e-76	False	((1.1666666666666667, -1.0783251231527093), array([-0.43342971,  0.8669012 ]))	False
APOLD1	ENHA_AR;JUND	9.29388299240466	3.2693776555983903e-65	False	((1.1, -1.1), array([-0.43342971,  0.8669012 ]))	False
APOLD1	ENHA_AR;JUND	9.29388299240466	3.2693776555983903e-65	False	((1.1, -1.1), array([-0.43342971,  0.8669012 ]))	False
APOLD1	ENHA_EGR1;JUND	13.7734337866028	2.5358716788722503e-67	False	((1.1, -0.8399014778325123), array([-0.43342971,  0.8669012 ]))	False
APOLD1	ENHA_MEF2A;JUND	19.4496840765185	1.38017800108604e-53	False	((1.1, -0.12463054187192113), array([-0.43342971,  0.8669012 ]))	False
APOLD1	ENHA_TEAD1;JUND	11.9453608663154	1.3742493909517899e-70	False	((1.1333333333333335, 0.7315270935960592), array([-0.43342971,  0.8669012 ]))	False
APOLD1	ENHA_MEF2A;JUND	19.4496840765185	1.38017800108604e-53	False	((1.1, -0.12463054187192113), array([-0.43342971,  0.8669012 ]))	False
APOLD1	ENHA_MEF2A;JUND	19.4496840765185	1.38017800108604e-53	False	((1.1, -0.12463054187192113), array([-0.43342971,  0.8669012 ]))	False
APOLD1	ENHA_TEAD1;JUND	11.9453608663154	1.3742493909517899e-70	False	((1.1333333333333335, 0.7315270935960592), array([-0.43342971,  0.8669012 ]))	False
APOLD1	ENHA_MEF2A;JUND	19.4496840765185	1.38017800108604e-53	False	((1.1, -0.12463054187192113), array([-0.43342971,  0.8669012 ]))	False
APOLD1	ENHA_AR;JUND	9.29388299240466	3.2693776555983903e-65	False	((1.1, -1.1), array([-0.43342971,  0.8669012 ]))	False
APOLD1	ENHA_MEF2A;JUND	19.4496840765185	1.38017800108604e-53	False	((1.1, -0.12463054187192113), array([-0.43342971,  0.8669012 ]))	False
APOLD1	ENHA_TEAD1;JUND	11.9453608663154	1.3742493909517899e-70	False	((1.1333333333333335, 0.7315270935960592), array([-0.43342971,  0.8669012 ]))	False
APOLD1	ENHA_MEF2A;JUND	19.4496840765185	1.38017800108604e-53	False	((1.1, -0.12463054187192113), array([-0.43342971,  0.8669012 ]))	False
APOLD1	ENHA_TEAD1;JUND	11.9453608663154	1.3742493909517899e-70	False	((1.1333333333333335, 0.7315270935960592), array([-0.43342971,  0.8669012 ]))	False
APOLD1	ENHA_EGR1;JUND	13.7734337866028	2.5358716788722503e-67	False	((1.1, -0.8399014778325123), array([-0.43342971,  0.8669012 ]))	False
APOLD1	ENHA_MEF2A;JUND	19.4496840765185	1.38017800108604e-53	False	((1.1, -0.12463054187192113), array([-0.43342971,  0.8669012 ]))	False
APOLD1	ENHA_MEF2A;JUND	19.4496840765185	1.38017800108604e-53	False	((1.1, -0.12463054187192113), array([-0.43342971,  0.8669012 ]))	False
APOLD1	ENHA_MEF2A;JUND	19.4496840765185	1.38017800108604e-53	False	((1.1, -0.12463054187192113), array([-0.43342971,  0.8669012 ]))	False
APOLD1	ENHA_MEF2A;JUND	19.4496840765185	1.38017800108604e-53	False	((1.1, -0.12463054187192113), array([-0.43342971,  0.8669012 ]))	False
APOLD1	ENHA_EGR1;JUND	13.7734337866028	2.5358716788722503e-67	False	((1.1, -0.8399014778325123), array([-0.43342971,  0.8669012 ]))	False
APOLD1	ENHA_ATF3;JUND	6.73174447694842	2.6597059189903297e-40	False	((1.1, -1.0674876847290642), array([-0.43342971,  0.8669012 ]))	False
APOLD1	ENHA_CREB1;JUND	16.0363748942274	3.09450484515329e-81	False	((1.1, -0.9374384236453203), array([-0.43342971,  0.8669012 ]))	False
APOLD1	ENHA_ATF2;JUND	11.4813345792441	1.48520447256317e-76	False	((1.1666666666666667, -1.0783251231527093), array([-0.43342971,  0.8669012 ]))	False
APOLD1	ENHA_JUN;JUND	8.08993496124363	1.15567319648792e-55	False	((1.1666666666666667, -0.33054187192118223), array([-0.43342971,  0.8669012 ]))	False
APOLD1	ENHA_JDP2;JUND	4.59972502423603	2.65716234001166e-16	False	((1.1333333333333335, -0.3413793103448276), array([-0.43342971,  0.8669012 ]))	False
APOLD1	ENHA_MEF2A;JUND	19.4496840765185	1.38017800108604e-53	False	((1.1, -0.12463054187192113), array([-0.43342971,  0.8669012 ]))	False
APOLD1	ENHA_TEAD1;JUND	11.9453608663154	1.3742493909517899e-70	False	((1.1333333333333335, 0.7315270935960592), array([-0.43342971,  0.8669012 ]))	False
APOLD1	ENHA_AR;JUND	9.29388299240466	3.2693776555983903e-65	False	((1.1, -1.1), array([-0.43342971,  0.8669012 ]))	False
APOLD1	ENHA_CREB1;JUND	16.0363748942274	3.09450484515329e-81	False	((1.1, -0.9374384236453203), array([-0.43342971,  0.8669012 ]))	False
APOLD1	ENHA_MEF2A;JUND	19.4496840765185	1.38017800108604e-53	False	((1.1, -0.12463054187192113), array([-0.43342971,  0.8669012 ]))	False
APOLD1	ENHA_EGR1;JUND	13.7734337866028	2.5358716788722503e-67	False	((1.1, -0.8399014778325123), array([-0.43342971,  0.8669012 ]))	False
APOLD1	ENHA_AR;JUND	9.29388299240466	3.2693776555983903e-65	False	((1.1, -1.1), array([-0.43342971,  0.8669012 ]))	False
APOLD1	ENHA_TEAD1;JUND	11.9453608663154	1.3742493909517899e-70	False	((1.1333333333333335, 0.7315270935960592), array([-0.43342971,  0.8669012 ]))	False
APOLD1	ENHA_EGR1;JUND	13.7734337866028	2.5358716788722503e-67	False	((1.1, -0.8399014778325123), array([-0.43342971,  0.8669012 ]))	False
APOLD1	ENHA_TEAD1;JUND	11.9453608663154	1.3742493909517899e-70	False	((1.1333333333333335, 0.7315270935960592), array([-0.43342971,  0.8669012 ]))	False
APOLD1	ENHA_MEF2A;JUND	19.4496840765185	1.38017800108604e-53	False	((1.1, -0.12463054187192113), array([-0.43342971,  0.8669012 ]))	False
APOLD1	ENHA_AR;JUND	9.29388299240466	3.2693776555983903e-65	False	((1.1, -1.1), array([-0.43342971,  0.8669012 ]))	False
APOLD1	ENHA_MEF2A;JUND	19.4496840765185	1.38017800108604e-53	False	((1.1, -0.12463054187192113), array([-0.43342971,  0.8669012 ]))	False
APOLD1	ENHA_YY1;MDM2	8.9171643167882	1.5670145549198101e-58	False	((1.1666666666666667, 0.9374384236453204), array([-0.03221712,  0.05815669]))	False
APOLD1	ENHA_JUND;MDM2	10.5727331974966	2.08354250140363e-66	False	((1.1333333333333335, -0.3088669950738916), array([-0.03221712,  0.05815669]))	False
APOLD1	ENHA_SP1;MDM2	62.0803103874402	9.997873551981e-40	False	((1.1666666666666667, 0.5798029556650248), array([-0.03221712,  0.05815669]))	False
APOLD1	ENHA_RARA;MDM2	10.2269311881052	2.46107740617587e-58	False	((1.1666666666666667, 0.3522167487684731), array([-0.03221712,  0.05815669]))	False
APOLD1	ENHA_IRF1;MDM2	56.6054247306193	1.1605968181118799e-36	False	((1.1333333333333335, -0.4064039408866995), array([-0.03221712,  0.05815669]))	False
APOLD1	ENHA_SP1;MDM2	62.0803103874402	9.997873551981e-40	False	((1.1666666666666667, 0.5798029556650248), array([-0.03221712,  0.05815669]))	False
APOLD1	ENHA_SNAI1;MDM2	14.5640981184356	1.67825444901356e-58	False	((1.1666666666666667, 0.5147783251231528), array([-0.03221712,  0.05815669]))	False
APOLD1	ENHA_EGR1;MDM2	38.5435351587313	2.53340270091276e-60	False	((1.1, -0.8399014778325123), array([-0.03221712,  0.05815669]))	False
APOLD1	ENHA_IRF1;MDM2	56.6054247306193	1.1605968181118799e-36	False	((1.1333333333333335, -0.4064039408866995), array([-0.03221712,  0.05815669]))	False
APOLD1	ENHA_SP1;MDM2	62.0803103874402	9.997873551981e-40	False	((1.1666666666666667, 0.5798029556650248), array([-0.03221712,  0.05815669]))	False
APOLD1	ENHA_RARA;MDM2	10.2269311881052	2.46107740617587e-58	False	((1.1666666666666667, 0.3522167487684731), array([-0.03221712,  0.05815669]))	False
APOLD1	ENHA_IRF2;MDM2	7.27262411559231	6.00167007517726e-53	False	((1.1666666666666667, -0.39556650246305414), array([-0.03221712,  0.05815669]))	False
APOLD1	ENHA_IRF1;MDM2	56.6054247306193	1.1605968181118799e-36	False	((1.1333333333333335, -0.4064039408866995), array([-0.03221712,  0.05815669]))	False
APOLD1	ENHA_JUN;MDM2	7.87881136932113	1.1796290722336e-56	False	((1.1666666666666667, -0.33054187192118223), array([-0.03221712,  0.05815669]))	False
APOLD1	ENHA_SNAI1;MDM2	14.5640981184356	1.67825444901356e-58	False	((1.1666666666666667, 0.5147783251231528), array([-0.03221712,  0.05815669]))	False
APOLD1	ENHA_IRF1;MDM2	56.6054247306193	1.1605968181118799e-36	False	((1.1333333333333335, -0.4064039408866995), array([-0.03221712,  0.05815669]))	False
APOLD1	ENHA_SP1;MDM2	62.0803103874402	9.997873551981e-40	False	((1.1666666666666667, 0.5798029556650248), array([-0.03221712,  0.05815669]))	False
APOLD1	ENHA_JUND;MDM2	10.5727331974966	2.08354250140363e-66	False	((1.1333333333333335, -0.3088669950738916), array([-0.03221712,  0.05815669]))	False
APOLD1	ENHA_TP73;MDM2	9.23825633145919	5.44067777954483e-64	False	((1.1, 0.8832512315270937), array([-0.03221712,  0.05815669]))	True
APOLD1	ENHA_IRF1;MDM2	56.6054247306193	1.1605968181118799e-36	False	((1.1333333333333335, -0.4064039408866995), array([-0.03221712,  0.05815669]))	False
APOLD1	ENHA_SP1;MDM2	62.0803103874402	9.997873551981e-40	False	((1.1666666666666667, 0.5798029556650248), array([-0.03221712,  0.05815669]))	False
APOLD1	ENHA_TP53;MDM2	6.15220235150357	3.82477794791693e-45	False	((1.1666666666666667, 0.8724137931034484), array([-0.03221712,  0.05815669]))	True
APOLD1	ENHA_TP53;MDM2	6.15220235150357	3.82477794791693e-45	False	((1.1666666666666667, 0.8724137931034484), array([-0.03221712,  0.05815669]))	True
APOLD1	ENHA_TFAP4;MDM2	6.51319107567004	2.3230150250241803e-46	False	((1.1, 0.7857142857142858), array([-0.03221712,  0.05815669]))	False
APOLD1	ENHA_SNAI1;MDM2	14.5640981184356	1.67825444901356e-58	False	((1.1666666666666667, 0.5147783251231528), array([-0.03221712,  0.05815669]))	False
APOLD1	ENHA_EGR1;MDM2	38.5435351587313	2.53340270091276e-60	False	((1.1, -0.8399014778325123), array([-0.03221712,  0.05815669]))	False
APOLD1	ENHA_IRF1;MDM2	56.6054247306193	1.1605968181118799e-36	False	((1.1333333333333335, -0.4064039408866995), array([-0.03221712,  0.05815669]))	False
APOLD1	ENHA_SP1;MDM2	62.0803103874402	9.997873551981e-40	False	((1.1666666666666667, 0.5798029556650248), array([-0.03221712,  0.05815669]))	False
APOLD1	ENHA_RARA;MDM2	10.2269311881052	2.46107740617587e-58	False	((1.1666666666666667, 0.3522167487684731), array([-0.03221712,  0.05815669]))	False
APOLD1	ENHA_SNAI1;MDM2	14.5640981184356	1.67825444901356e-58	False	((1.1666666666666667, 0.5147783251231528), array([-0.03221712,  0.05815669]))	False
APOLD1	ENHA_IRF1;MDM2	56.6054247306193	1.1605968181118799e-36	False	((1.1333333333333335, -0.4064039408866995), array([-0.03221712,  0.05815669]))	False
APOLD1	ENHA_AR;MDM2	10.5597201310355	1.56642183799505e-69	False	((1.1, -1.1), array([-0.03221712,  0.05815669]))	False
APOLD1	ENHA_RARA;MDM2	10.2269311881052	2.46107740617587e-58	False	((1.1666666666666667, 0.3522167487684731), array([-0.03221712,  0.05815669]))	False
APOLD1	ENHA_IRF1;MDM2	56.6054247306193	1.1605968181118799e-36	False	((1.1333333333333335, -0.4064039408866995), array([-0.03221712,  0.05815669]))	False
APOLD1	ENHA_SP1;MDM2	62.0803103874402	9.997873551981e-40	False	((1.1666666666666667, 0.5798029556650248), array([-0.03221712,  0.05815669]))	False
APOLD1	ENHA_JUN;MDM2	7.87881136932113	1.1796290722336e-56	False	((1.1666666666666667, -0.33054187192118223), array([-0.03221712,  0.05815669]))	False
APOLD1	ENHA_SNAI1;MDM2	14.5640981184356	1.67825444901356e-58	False	((1.1666666666666667, 0.5147783251231528), array([-0.03221712,  0.05815669]))	False
APOLD1	ENHA_IRF1;MDM2	56.6054247306193	1.1605968181118799e-36	False	((1.1333333333333335, -0.4064039408866995), array([-0.03221712,  0.05815669]))	False
APOLD1	ENHA_JUND;MDM2	10.5727331974966	2.08354250140363e-66	False	((1.1333333333333335, -0.3088669950738916), array([-0.03221712,  0.05815669]))	False
APOLD1	ENHA_SP1;MDM2	62.0803103874402	9.997873551981e-40	False	((1.1666666666666667, 0.5798029556650248), array([-0.03221712,  0.05815669]))	False
APOLD1	ENHA_ATF4;MDM2	7.33027555709321	4.94289677257043e-53	False	((1.1333333333333335, -1.0566502463054188), array([-0.03221712,  0.05815669]))	False
APOLD1	ENHA_IRF1;MDM2	56.6054247306193	1.1605968181118799e-36	False	((1.1333333333333335, -0.4064039408866995), array([-0.03221712,  0.05815669]))	False
APOLD1	ENHA_HIF1A;MDM2	6.4895191989831	8.93593945901084e-40	False	((1.1, -0.5147783251231527), array([-0.03221712,  0.05815669]))	False
APOLD1	ENHA_IRF1;MDM2	56.6054247306193	1.1605968181118799e-36	False	((1.1333333333333335, -0.4064039408866995), array([-0.03221712,  0.05815669]))	False
APOLD1	ENHA_EGR1;MDM2	38.5435351587313	2.53340270091276e-60	False	((1.1, -0.8399014778325123), array([-0.03221712,  0.05815669]))	False
APOLD1	ENHA_IRF1;MDM2	56.6054247306193	1.1605968181118799e-36	False	((1.1333333333333335, -0.4064039408866995), array([-0.03221712,  0.05815669]))	False
APOLD1	ENHA_AR;MDM2	10.5597201310355	1.56642183799505e-69	False	((1.1, -1.1), array([-0.03221712,  0.05815669]))	False
APOLD1	ENHA_SP1;MDM2	62.0803103874402	9.997873551981e-40	False	((1.1666666666666667, 0.5798029556650248), array([-0.03221712,  0.05815669]))	False
APOLD1	ENHA_AR;MDM2	10.5597201310355	1.56642183799505e-69	False	((1.1, -1.1), array([-0.03221712,  0.05815669]))	False
APOLD1	ENHA_ATF4;MDM2	7.33027555709321	4.94289677257043e-53	False	((1.1333333333333335, -1.0566502463054188), array([-0.03221712,  0.05815669]))	False
APOLD1	ENHA_TFAP4;MDM2	6.51319107567004	2.3230150250241803e-46	False	((1.1, 0.7857142857142858), array([-0.03221712,  0.05815669]))	False
APOLD1	ENHA_ATF4;MDM2	7.33027555709321	4.94289677257043e-53	False	((1.1333333333333335, -1.0566502463054188), array([-0.03221712,  0.05815669]))	False
APOLD1	ENHA_EGR1;MDM2	38.5435351587313	2.53340270091276e-60	False	((1.1, -0.8399014778325123), array([-0.03221712,  0.05815669]))	False
APOLD1	ENHA_IRF1;MDM2	56.6054247306193	1.1605968181118799e-36	False	((1.1333333333333335, -0.4064039408866995), array([-0.03221712,  0.05815669]))	False
APOLD1	ENHA_IRF1;MDM2	56.6054247306193	1.1605968181118799e-36	False	((1.1333333333333335, -0.4064039408866995), array([-0.03221712,  0.05815669]))	False
APOLD1	ENHA_IRF1;MDM2	56.6054247306193	1.1605968181118799e-36	False	((1.1333333333333335, -0.4064039408866995), array([-0.03221712,  0.05815669]))	False
APOLD1	ENHA_HIF1A;MDM2	6.4895191989831	8.93593945901084e-40	False	((1.1, -0.5147783251231527), array([-0.03221712,  0.05815669]))	False
APOLD1	ENHA_SNAI1;MDM2	14.5640981184356	1.67825444901356e-58	False	((1.1666666666666667, 0.5147783251231528), array([-0.03221712,  0.05815669]))	False
APOLD1	ENHA_YY1;MDM2	8.9171643167882	1.5670145549198101e-58	False	((1.1666666666666667, 0.9374384236453204), array([-0.03221712,  0.05815669]))	False
APOLD1	ENHA_IRF1;MDM2	56.6054247306193	1.1605968181118799e-36	False	((1.1333333333333335, -0.4064039408866995), array([-0.03221712,  0.05815669]))	False
APOLD1	ENHA_SP1;MDM2	62.0803103874402	9.997873551981e-40	False	((1.1666666666666667, 0.5798029556650248), array([-0.03221712,  0.05815669]))	False
APOLD1	ENHA_EGR1;MDM2	38.5435351587313	2.53340270091276e-60	False	((1.1, -0.8399014778325123), array([-0.03221712,  0.05815669]))	False
APOLD1	ENHA_TP73;MDM2	9.23825633145919	5.44067777954483e-64	False	((1.1, 0.8832512315270937), array([-0.03221712,  0.05815669]))	True
APOLD1	ENHA_IRF1;MDM2	56.6054247306193	1.1605968181118799e-36	False	((1.1333333333333335, -0.4064039408866995), array([-0.03221712,  0.05815669]))	False
APOLD1	ENHA_SP1;MDM2	62.0803103874402	9.997873551981e-40	False	((1.1666666666666667, 0.5798029556650248), array([-0.03221712,  0.05815669]))	False
APOLD1	ENHA_TP53;MDM2	6.15220235150357	3.82477794791693e-45	False	((1.1666666666666667, 0.8724137931034484), array([-0.03221712,  0.05815669]))	True
APOLD1	ENHA_TP73;MDM2	9.23825633145919	5.44067777954483e-64	False	((1.1, 0.8832512315270937), array([-0.03221712,  0.05815669]))	True
APOLD1	ENHA_IRF1;MDM2	56.6054247306193	1.1605968181118799e-36	False	((1.1333333333333335, -0.4064039408866995), array([-0.03221712,  0.05815669]))	False
APOLD1	ENHA_ATF4;MDM2	7.33027555709321	4.94289677257043e-53	False	((1.1333333333333335, -1.0566502463054188), array([-0.03221712,  0.05815669]))	False
APOLD1	ENHA_TP53;MDM2	6.15220235150357	3.82477794791693e-45	False	((1.1666666666666667, 0.8724137931034484), array([-0.03221712,  0.05815669]))	True
APOLD1	ENHA_SP1;MDM2	62.0803103874402	9.997873551981e-40	False	((1.1666666666666667, 0.5798029556650248), array([-0.03221712,  0.05815669]))	False
APOLD1	ENHA_TP53;MDM2	6.15220235150357	3.82477794791693e-45	False	((1.1666666666666667, 0.8724137931034484), array([-0.03221712,  0.05815669]))	True
APOLD1	ENHA_AR;MDM2	10.5597201310355	1.56642183799505e-69	False	((1.1, -1.1), array([-0.03221712,  0.05815669]))	False
APOLD1	ENHA_EGR1;MDM2	38.5435351587313	2.53340270091276e-60	False	((1.1, -0.8399014778325123), array([-0.03221712,  0.05815669]))	False
APOLD1	ENHA_IRF1;MDM2	56.6054247306193	1.1605968181118799e-36	False	((1.1333333333333335, -0.4064039408866995), array([-0.03221712,  0.05815669]))	False
APOLD1	ENHA_RARA;MDM2	10.2269311881052	2.46107740617587e-58	False	((1.1666666666666667, 0.3522167487684731), array([-0.03221712,  0.05815669]))	False
APOLD1	ENHA_TP53;MDM2	6.15220235150357	3.82477794791693e-45	False	((1.1666666666666667, 0.8724137931034484), array([-0.03221712,  0.05815669]))	True
APOLD1	ENHA_IRF1;MDM2	56.6054247306193	1.1605968181118799e-36	False	((1.1333333333333335, -0.4064039408866995), array([-0.03221712,  0.05815669]))	False
APOLD1	ENHA_RARA;MDM2	10.2269311881052	2.46107740617587e-58	False	((1.1666666666666667, 0.3522167487684731), array([-0.03221712,  0.05815669]))	False
APOLD1	ENHA_EGR1;MDM2	38.5435351587313	2.53340270091276e-60	False	((1.1, -0.8399014778325123), array([-0.03221712,  0.05815669]))	False
APOLD1	ENHA_IRF1;MDM2	56.6054247306193	1.1605968181118799e-36	False	((1.1333333333333335, -0.4064039408866995), array([-0.03221712,  0.05815669]))	False
APOLD1	ENHA_YY1;MDM2	8.9171643167882	1.5670145549198101e-58	False	((1.1666666666666667, 0.9374384236453204), array([-0.03221712,  0.05815669]))	False
APOLD1	ENHA_TFAP4;MDM2	6.51319107567004	2.3230150250241803e-46	False	((1.1, 0.7857142857142858), array([-0.03221712,  0.05815669]))	False
APOLD1	ENHA_ATF4;MDM2	7.33027555709321	4.94289677257043e-53	False	((1.1333333333333335, -1.0566502463054188), array([-0.03221712,  0.05815669]))	False
APOLD1	ENHA_RARA;MDM2	10.2269311881052	2.46107740617587e-58	False	((1.1666666666666667, 0.3522167487684731), array([-0.03221712,  0.05815669]))	False
APOLD1	ENHA_EGR1;MDM2	38.5435351587313	2.53340270091276e-60	False	((1.1, -0.8399014778325123), array([-0.03221712,  0.05815669]))	False
APOLD1	ENHA_YY1;MDM2	8.9171643167882	1.5670145549198101e-58	False	((1.1666666666666667, 0.9374384236453204), array([-0.03221712,  0.05815669]))	False
APOLD1	ENHA_IRF1;MDM2	56.6054247306193	1.1605968181118799e-36	False	((1.1333333333333335, -0.4064039408866995), array([-0.03221712,  0.05815669]))	False
APOLD1	ENHA_ATF3;MDM2	6.63215094665825	1.17048781055257e-43	False	((1.1, -1.0674876847290642), array([-0.03221712,  0.05815669]))	False
APOLD1	ENHA_JUN;MDM2	7.87881136932113	1.1796290722336e-56	False	((1.1666666666666667, -0.33054187192118223), array([-0.03221712,  0.05815669]))	False
APOLD1	ENHA_IRF2;MDM2	7.27262411559231	6.00167007517726e-53	False	((1.1666666666666667, -0.39556650246305414), array([-0.03221712,  0.05815669]))	False
APOLD1	ENHA_HIF1A;MDM2	6.4895191989831	8.93593945901084e-40	False	((1.1, -0.5147783251231527), array([-0.03221712,  0.05815669]))	False
APOLD1	ENHA_IRF1;MDM2	56.6054247306193	1.1605968181118799e-36	False	((1.1333333333333335, -0.4064039408866995), array([-0.03221712,  0.05815669]))	False
APOLD1	ENHA_AR;MDM2	10.5597201310355	1.56642183799505e-69	False	((1.1, -1.1), array([-0.03221712,  0.05815669]))	False
APOLD1	ENHA_SP1;MDM2	62.0803103874402	9.997873551981e-40	False	((1.1666666666666667, 0.5798029556650248), array([-0.03221712,  0.05815669]))	False
APOLD1	ENHA_SNAI1;MDM2	14.5640981184356	1.67825444901356e-58	False	((1.1666666666666667, 0.5147783251231528), array([-0.03221712,  0.05815669]))	False
APOLD1	ENHA_IRF1;MDM2	56.6054247306193	1.1605968181118799e-36	False	((1.1333333333333335, -0.4064039408866995), array([-0.03221712,  0.05815669]))	False
APOLD1	ENHA_IRF2;MDM2	7.27262411559231	6.00167007517726e-53	False	((1.1666666666666667, -0.39556650246305414), array([-0.03221712,  0.05815669]))	False
APOLD1	ENHA_SNAI1;MDM2	14.5640981184356	1.67825444901356e-58	False	((1.1666666666666667, 0.5147783251231528), array([-0.03221712,  0.05815669]))	False
APOLD1	ENHA_JUND;MDM2	10.5727331974966	2.08354250140363e-66	False	((1.1333333333333335, -0.3088669950738916), array([-0.03221712,  0.05815669]))	False
APOLD1	ENHA_EGR1;MDM2	38.5435351587313	2.53340270091276e-60	False	((1.1, -0.8399014778325123), array([-0.03221712,  0.05815669]))	False
APOLD1	ENHA_IRF1;MDM2	56.6054247306193	1.1605968181118799e-36	False	((1.1333333333333335, -0.4064039408866995), array([-0.03221712,  0.05815669]))	False
APOLD1	ENHA_SP1;MDM2	62.0803103874402	9.997873551981e-40	False	((1.1666666666666667, 0.5798029556650248), array([-0.03221712,  0.05815669]))	False
APOLD1	ENHA_TP53;MDM2	6.15220235150357	3.82477794791693e-45	False	((1.1666666666666667, 0.8724137931034484), array([-0.03221712,  0.05815669]))	True
APOLD1	ENHA_EGR1;MDM2	38.5435351587313	2.53340270091276e-60	False	((1.1, -0.8399014778325123), array([-0.03221712,  0.05815669]))	False
APOLD1	ENHA_AR;MDM2	10.5597201310355	1.56642183799505e-69	False	((1.1, -1.1), array([-0.03221712,  0.05815669]))	False
APOLD1	ENHA_SP1;MDM2	62.0803103874402	9.997873551981e-40	False	((1.1666666666666667, 0.5798029556650248), array([-0.03221712,  0.05815669]))	False
APOLD1	ENHA_EGR1;MDM2	38.5435351587313	2.53340270091276e-60	False	((1.1, -0.8399014778325123), array([-0.03221712,  0.05815669]))	False
APOLD1	ENHA_EGR1;MDM2	38.5435351587313	2.53340270091276e-60	False	((1.1, -0.8399014778325123), array([-0.03221712,  0.05815669]))	False
APOLD1	ENHA_IRF1;MDM2	56.6054247306193	1.1605968181118799e-36	False	((1.1333333333333335, -0.4064039408866995), array([-0.03221712,  0.05815669]))	False
APOLD1	ENHA_SP1;MDM2	62.0803103874402	9.997873551981e-40	False	((1.1666666666666667, 0.5798029556650248), array([-0.03221712,  0.05815669]))	False
APOLD1	ENHA_IRF1;MDM2	56.6054247306193	1.1605968181118799e-36	False	((1.1333333333333335, -0.4064039408866995), array([-0.03221712,  0.05815669]))	False
APOLD1	ENHA_IRF1;MDM2	56.6054247306193	1.1605968181118799e-36	False	((1.1333333333333335, -0.4064039408866995), array([-0.03221712,  0.05815669]))	False
APOLD1	ENHA_AR;MDM2	10.5597201310355	1.56642183799505e-69	False	((1.1, -1.1), array([-0.03221712,  0.05815669]))	False
APOLD1	ENHA_SP1;MDM2	62.0803103874402	9.997873551981e-40	False	((1.1666666666666667, 0.5798029556650248), array([-0.03221712,  0.05815669]))	False
APOLD1	ENHA_RARA;MDM2	10.2269311881052	2.46107740617587e-58	False	((1.1666666666666667, 0.3522167487684731), array([-0.03221712,  0.05815669]))	False
APOLD1	MDM2;PROM_IRF1	0.772203647847473	0.207713548140602	False	(array([-0.03221712,  0.05815669]), (-1.1, -0.8130434782608696))	False
APOLD1	ENHA_JUND;PROM_EGR1	8.88365995218197	1.35364464698712e-62	False	((1.1333333333333335, -0.3088669950738916), (-1.1, -1.1))	False
APOLD1	ENHA_FOSL2;PROM_EGR1	8.77173259969947	3.27967882047941e-62	False	((1.1333333333333335, -0.6990147783251233), (-1.1, -1.1))	False
APOLD1	ENHA_JUNB;PROM_EGR1	9.054283830299	7.30773841389428e-64	False	((1.1, -0.31970443349753697), (-1.1, -1.1))	False
APOLD1	ENHA_NFATC2;PROM_EGR1	8.21632393881134	8.60860435910712e-25	False	((1.1, 0.005418719211822687), (-1.1, -1.1))	False
APOLD1	ENHA_SP1;PROM_EGR1	20.0006361616352	1.9123144829561198e-70	False	((1.1666666666666667, 0.5798029556650248), (-1.1, -1.1))	False
APOLD1	ENHA_SNAI1;PROM_EGR1	12.3824628685032	6.376527319490081e-76	False	((1.1666666666666667, 0.5147783251231528), (-1.1, -1.1))	False
APOLD1	ENHA_JUND;PROM_EGR1	8.88365995218197	1.35364464698712e-62	False	((1.1333333333333335, -0.3088669950738916), (-1.1, -1.1))	False
APOLD1	ENHA_JUNB;PROM_EGR1	9.054283830299	7.30773841389428e-64	False	((1.1, -0.31970443349753697), (-1.1, -1.1))	False
APOLD1	ENHA_TP53;PROM_EGR1	12.4559577022247	1.1603732623204e-79	False	((1.1666666666666667, 0.8724137931034484), (-1.1, -1.1))	False
APOLD1	ENHA_TP53;PROM_EGR1	12.4559577022247	1.1603732623204e-79	False	((1.1666666666666667, 0.8724137931034484), (-1.1, -1.1))	False
APOLD1	ENHA_SNAI1;PROM_EGR1	12.3824628685032	6.376527319490081e-76	False	((1.1666666666666667, 0.5147783251231528), (-1.1, -1.1))	False
APOLD1	ENHA_SREBF2;PROM_EGR1	9.35992648018439	4.91933054389243e-65	False	((1.1666666666666667, 0.6448275862068966), (-1.1, -1.1))	False
APOLD1	ENHA_SNAI1;PROM_EGR1	12.3824628685032	6.376527319490081e-76	False	((1.1666666666666667, 0.5147783251231528), (-1.1, -1.1))	False
APOLD1	ENHA_JUND;PROM_EGR1	8.88365995218197	1.35364464698712e-62	False	((1.1333333333333335, -0.3088669950738916), (-1.1, -1.1))	False
APOLD1	ENHA_FOSL2;PROM_EGR1	8.77173259969947	3.27967882047941e-62	False	((1.1333333333333335, -0.6990147783251233), (-1.1, -1.1))	False
APOLD1	ENHA_JUNB;PROM_EGR1	9.054283830299	7.30773841389428e-64	False	((1.1, -0.31970443349753697), (-1.1, -1.1))	False
APOLD1	ENHA_CEBPB;PROM_EGR1	10.5810424337044	3.9626699271640297e-69	False	((1.1, -0.9699507389162563), (-1.1, -1.1))	False
APOLD1	ENHA_SP1;PROM_EGR1	20.0006361616352	1.9123144829561198e-70	False	((1.1666666666666667, 0.5798029556650248), (-1.1, -1.1))	False
APOLD1	ENHA_SNAI1;PROM_EGR1	12.3824628685032	6.376527319490081e-76	False	((1.1666666666666667, 0.5147783251231528), (-1.1, -1.1))	False
APOLD1	ENHA_CEBPB;PROM_EGR1	10.5810424337044	3.9626699271640297e-69	False	((1.1, -0.9699507389162563), (-1.1, -1.1))	False
APOLD1	ENHA_SP1;PROM_EGR1	20.0006361616352	1.9123144829561198e-70	False	((1.1666666666666667, 0.5798029556650248), (-1.1, -1.1))	False
APOLD1	ENHA_SREBF2;PROM_EGR1	9.35992648018439	4.91933054389243e-65	False	((1.1666666666666667, 0.6448275862068966), (-1.1, -1.1))	False
APOLD1	ENHA_CEBPB;PROM_EGR1	10.5810424337044	3.9626699271640297e-69	False	((1.1, -0.9699507389162563), (-1.1, -1.1))	False
APOLD1	ENHA_TP53;PROM_EGR1	12.4559577022247	1.1603732623204e-79	False	((1.1666666666666667, 0.8724137931034484), (-1.1, -1.1))	False
APOLD1	ENHA_TP53;PROM_EGR1	12.4559577022247	1.1603732623204e-79	False	((1.1666666666666667, 0.8724137931034484), (-1.1, -1.1))	False
APOLD1	ENHA_TP53;PROM_EGR1	12.4559577022247	1.1603732623204e-79	False	((1.1666666666666667, 0.8724137931034484), (-1.1, -1.1))	False
APOLD1	ENHA_SREBF2;PROM_EGR1	9.35992648018439	4.91933054389243e-65	False	((1.1666666666666667, 0.6448275862068966), (-1.1, -1.1))	False
APOLD1	CDKN2A;PROM_EGR1	10.161940792822	5.63656958665754e-66	False	(array([0.97120119, 0.08695056]), (-1.1, -1.1))	False
APOLD1	JUNB;PROM_EGR1	20.0237234584764	1.1998161328788501e-74	False	(array([-0.03630521, -0.5280755 ]), (-1.1, -1.1))	False
APOLD1	FOSL2;PROM_EGR1	12.0820550443254	5.00614358013314e-77	False	(array([-0.04759435,  0.97816171]), (-1.1, -1.1))	False
APOLD1	ENHA_CEBPB;PROM_EGR1	10.5810424337044	3.9626699271640297e-69	False	((1.1, -0.9699507389162563), (-1.1, -1.1))	False
APOLD1	ENHA_FOSL2;PROM_EGR1	8.77173259969947	3.27967882047941e-62	False	((1.1333333333333335, -0.6990147783251233), (-1.1, -1.1))	False
APOLD1	PROM_EGR1;PSMD2	11.0771525601041	1.37005805714219e-73	False	((-1.1, -1.1), array([-0.6704612 , -0.73988441]))	False
APOLD1	ENHA_NFATC2;PROM_EGR1	8.21632393881134	8.60860435910712e-25	False	((1.1, 0.005418719211822687), (-1.1, -1.1))	False
APOLD1	ENHA_CEBPB;PROM_EGR1	10.5810424337044	3.9626699271640297e-69	False	((1.1, -0.9699507389162563), (-1.1, -1.1))	False
APOLD1	ENHA_SNAI1;PROM_EGR1	12.3824628685032	6.376527319490081e-76	False	((1.1666666666666667, 0.5147783251231528), (-1.1, -1.1))	False
APOLD1	MED6;PROM_EGR1	12.5245548612529	2.45610376852197e-75	False	(array([ 0.08326682, -0.9932578 ]), (-1.1, -1.1))	False
APOLD1	ENHA_SNAI1;PROM_EGR1	12.3824628685032	6.376527319490081e-76	False	((1.1666666666666667, 0.5147783251231528), (-1.1, -1.1))	False
APOLD1	ENHA_JUND;PROM_EGR1	8.88365995218197	1.35364464698712e-62	False	((1.1333333333333335, -0.3088669950738916), (-1.1, -1.1))	False
APOLD1	ENHA_FOSL2;PROM_EGR1	8.77173259969947	3.27967882047941e-62	False	((1.1333333333333335, -0.6990147783251233), (-1.1, -1.1))	False
APOLD1	ENHA_JUNB;PROM_EGR1	9.054283830299	7.30773841389428e-64	False	((1.1, -0.31970443349753697), (-1.1, -1.1))	False
APOLD1	ENHA_SP1;PROM_EGR1	20.0006361616352	1.9123144829561198e-70	False	((1.1666666666666667, 0.5798029556650248), (-1.1, -1.1))	False
APOLD1	ENHA_TP53;PROM_EGR1	12.4559577022247	1.1603732623204e-79	False	((1.1666666666666667, 0.8724137931034484), (-1.1, -1.1))	False
APOLD1	ENHA_SP1;PROM_EGR1	20.0006361616352	1.9123144829561198e-70	False	((1.1666666666666667, 0.5798029556650248), (-1.1, -1.1))	False
APOLD1	ENHA_SP1;PROM_EGR1	20.0006361616352	1.9123144829561198e-70	False	((1.1666666666666667, 0.5798029556650248), (-1.1, -1.1))	False
APOLD1	ARID2;PROM_EGR1	7.0494194084209	3.9527230113736004e-47	False	(array([ 0.88481265, -0.38544204]), (-1.1, -1.1))	False
APOLD1	PROM_EGR1;SREBF2	28.5339091114166	2.8940561243601397e-70	False	((-1.1, -1.1), array([ 0.75244023, -0.27387379]))	False
APOLD1	ENHA_SREBF2;PROM_EGR1	9.35992648018439	4.91933054389243e-65	False	((1.1666666666666667, 0.6448275862068966), (-1.1, -1.1))	False
APOLD1	NFATC1;PROM_EGR1	45.4009132689986	1.08636701594215e-51	False	(array([-0.61369105, -0.09527226]), (-1.1, -1.1))	False
APOLD1	NFATC2;PROM_EGR1	51.296388690169	2.87253643138108e-57	False	(array([0.71200326, 0.61499681]), (-1.1, -1.1))	False
APOLD1	CTNNB1;PROM_EGR1	27.2324838682018	1.26418529522249e-32	False	(array([-0.41256221, -0.53127757]), (-1.1, -1.1))	False
APOLD1	PROM_EGR1;PSMA3	31.5699039717849	8.75705371270563e-72	False	((-1.1, -1.1), array([-0.97622824, -0.22693953]))	False
APOLD1	PROM_EGR1;YAP1	60.7892177948329	1.7515423575994502e-65	False	((-1.1, -1.1), array([-0.54531008, -0.88080839]))	False
APOLD1	CEBPB;PROM_EGR1	28.4966764869516	1.3035685343398598e-40	False	(array([-0.30044646, -0.19024049]), (-1.1, -1.1))	False
APOLD1	JUND;PROM_EGR1	14.5236487754665	2.13680125496323e-38	False	(array([-0.43342971,  0.8669012 ]), (-1.1, -1.1))	False
APOLD1	MDM2;PROM_EGR1	28.0941348362345	1.0140276133477099e-33	False	(array([-0.03221712,  0.05815669]), (-1.1, -1.1))	False
APOLD1	ENHA_ATF2;RB1	10.9418392230987	9.84152256769588e-73	False	((1.1666666666666667, -1.0783251231527093), array([-0.10942689, -0.24933584]))	False
APOLD1	ENHA_STAT3;RB1	13.4537231010479	7.45970180063897e-76	False	((1.1666666666666667, 0.6773399014778327), array([-0.10942689, -0.24933584]))	False
APOLD1	ENHA_E2F3;RB1	4.99060140178045	1.2575429569359202e-19	False	((1.1666666666666667, -0.8832512315270937), array([-0.10942689, -0.24933584]))	False
APOLD1	ENHA_FOXK1;RB1	6.63873434949792	1.25552222597704e-47	False	((1.1333333333333335, -0.6665024630541873), array([-0.10942689, -0.24933584]))	False
APOLD1	ENHA_FOXO3;RB1	6.9413626572443	9.82982399160052e-51	False	((1.1, -0.6448275862068966), array([-0.10942689, -0.24933584]))	False
APOLD1	ENHA_FOXK2;RB1	6.95892002455536	8.400483005333321e-51	False	((1.1666666666666667, -0.6556650246305419), array([-0.10942689, -0.24933584]))	False
APOLD1	ENHA_ATF2;RB1	10.9418392230987	9.84152256769588e-73	False	((1.1666666666666667, -1.0783251231527093), array([-0.10942689, -0.24933584]))	False
APOLD1	ENHA_ELF1;RB1	16.1524715775707	3.71114957809961e-64	False	((1.1666666666666667, -0.8182266009852217), array([-0.10942689, -0.24933584]))	False
APOLD1	ENHA_FOXK1;RB1	6.63873434949792	1.25552222597704e-47	False	((1.1333333333333335, -0.6665024630541873), array([-0.10942689, -0.24933584]))	False
APOLD1	ENHA_FOXK1;RB1	6.63873434949792	1.25552222597704e-47	False	((1.1333333333333335, -0.6665024630541873), array([-0.10942689, -0.24933584]))	False
APOLD1	ENHA_TP73;RB1	10.1533556525618	3.9413519323805e-69	False	((1.1, 0.8832512315270937), array([-0.10942689, -0.24933584]))	False
APOLD1	ENHA_TFAP2A;RB1	55.5127676189522	1.91383839892e-49	False	((1.1333333333333335, 0.7640394088669953), array([-0.10942689, -0.24933584]))	False
APOLD1	ENHA_FOXK2;RB1	6.95892002455536	8.400483005333321e-51	False	((1.1666666666666667, -0.6556650246305419), array([-0.10942689, -0.24933584]))	False
APOLD1	ENHA_E2F3;RB1	4.99060140178045	1.2575429569359202e-19	False	((1.1666666666666667, -0.8832512315270937), array([-0.10942689, -0.24933584]))	False
APOLD1	ENHA_PPARG;RB1	7.16364271854631	3.1661741204698503e-52	False	((1.1666666666666667, 0.31970443349753697), array([-0.10942689, -0.24933584]))	False
APOLD1	ENHA_STAT3;RB1	13.4537231010479	7.45970180063897e-76	False	((1.1666666666666667, 0.6773399014778327), array([-0.10942689, -0.24933584]))	False
APOLD1	ENHA_FOXK1;RB1	6.63873434949792	1.25552222597704e-47	False	((1.1333333333333335, -0.6665024630541873), array([-0.10942689, -0.24933584]))	False
APOLD1	ENHA_AR;RB1	10.7210265534404	1.2593846253045199e-70	False	((1.1, -1.1), array([-0.10942689, -0.24933584]))	False
APOLD1	ENHA_FOXK2;RB1	6.95892002455536	8.400483005333321e-51	False	((1.1666666666666667, -0.6556650246305419), array([-0.10942689, -0.24933584]))	False
APOLD1	ENHA_TFAP2A;RB1	55.5127676189522	1.91383839892e-49	False	((1.1333333333333335, 0.7640394088669953), array([-0.10942689, -0.24933584]))	False
APOLD1	ENHA_ATF2;RB1	10.9418392230987	9.84152256769588e-73	False	((1.1666666666666667, -1.0783251231527093), array([-0.10942689, -0.24933584]))	False
APOLD1	ENHA_HIF1A;RB1	6.53056395155234	9.240555854448109e-40	False	((1.1, -0.5147783251231527), array([-0.10942689, -0.24933584]))	False
APOLD1	ENHA_TFAP2A;RB1	55.5127676189522	1.91383839892e-49	False	((1.1333333333333335, 0.7640394088669953), array([-0.10942689, -0.24933584]))	False
APOLD1	ENHA_CEBPB;RB1	10.6068610000453	1.76932478251741e-57	False	((1.1, -0.9699507389162563), array([-0.10942689, -0.24933584]))	False
APOLD1	ENHA_ATF2;RB1	10.9418392230987	9.84152256769588e-73	False	((1.1666666666666667, -1.0783251231527093), array([-0.10942689, -0.24933584]))	False
APOLD1	ENHA_AR;RB1	10.7210265534404	1.2593846253045199e-70	False	((1.1, -1.1), array([-0.10942689, -0.24933584]))	False
APOLD1	ENHA_IRF3;RB1	9.06353482547402	1.42322130804985e-61	False	((1.1, -0.3847290640394089), array([-0.10942689, -0.24933584]))	False
APOLD1	ENHA_AR;RB1	10.7210265534404	1.2593846253045199e-70	False	((1.1, -1.1), array([-0.10942689, -0.24933584]))	False
APOLD1	ENHA_FOXO3;RB1	6.9413626572443	9.82982399160052e-51	False	((1.1, -0.6448275862068966), array([-0.10942689, -0.24933584]))	False
APOLD1	ENHA_STAT3;RB1	13.4537231010479	7.45970180063897e-76	False	((1.1666666666666667, 0.6773399014778327), array([-0.10942689, -0.24933584]))	False
APOLD1	ENHA_STAT3;RB1	13.4537231010479	7.45970180063897e-76	False	((1.1666666666666667, 0.6773399014778327), array([-0.10942689, -0.24933584]))	False
APOLD1	ENHA_E2F4;RB1	5.10952092721257	1.21019609873892e-36	False	((1.1, -0.8724137931034484), array([-0.10942689, -0.24933584]))	False
APOLD1	ENHA_HIF1A;RB1	6.53056395155234	9.240555854448109e-40	False	((1.1, -0.5147783251231527), array([-0.10942689, -0.24933584]))	False
APOLD1	ENHA_TFAP2A;RB1	55.5127676189522	1.91383839892e-49	False	((1.1333333333333335, 0.7640394088669953), array([-0.10942689, -0.24933584]))	False
APOLD1	ENHA_CEBPB;RB1	10.6068610000453	1.76932478251741e-57	False	((1.1, -0.9699507389162563), array([-0.10942689, -0.24933584]))	False
APOLD1	ENHA_TP73;RB1	10.1533556525618	3.9413519323805e-69	False	((1.1, 0.8832512315270937), array([-0.10942689, -0.24933584]))	False
APOLD1	ENHA_TFAP2A;RB1	55.5127676189522	1.91383839892e-49	False	((1.1333333333333335, 0.7640394088669953), array([-0.10942689, -0.24933584]))	False
APOLD1	ENHA_TP73;RB1	10.1533556525618	3.9413519323805e-69	False	((1.1, 0.8832512315270937), array([-0.10942689, -0.24933584]))	False
APOLD1	ENHA_TFAP2A;RB1	55.5127676189522	1.91383839892e-49	False	((1.1333333333333335, 0.7640394088669953), array([-0.10942689, -0.24933584]))	False
APOLD1	ENHA_CEBPB;RB1	10.6068610000453	1.76932478251741e-57	False	((1.1, -0.9699507389162563), array([-0.10942689, -0.24933584]))	False
APOLD1	ENHA_AR;RB1	10.7210265534404	1.2593846253045199e-70	False	((1.1, -1.1), array([-0.10942689, -0.24933584]))	False
APOLD1	ENHA_CUX1;RB1	7.18576535962861	1.15760360557029e-26	False	((1.1333333333333335, -0.894088669950739), array([-0.10942689, -0.24933584]))	False
APOLD1	ENHA_ELF1;RB1	16.1524715775707	3.71114957809961e-64	False	((1.1666666666666667, -0.8182266009852217), array([-0.10942689, -0.24933584]))	False
APOLD1	ENHA_FOXK1;RB1	6.63873434949792	1.25552222597704e-47	False	((1.1333333333333335, -0.6665024630541873), array([-0.10942689, -0.24933584]))	False
APOLD1	ENHA_ATF2;RB1	10.9418392230987	9.84152256769588e-73	False	((1.1666666666666667, -1.0783251231527093), array([-0.10942689, -0.24933584]))	False
APOLD1	ENHA_HIF1A;RB1	6.53056395155234	9.240555854448109e-40	False	((1.1, -0.5147783251231527), array([-0.10942689, -0.24933584]))	False
APOLD1	ENHA_TFAP2A;RB1	55.5127676189522	1.91383839892e-49	False	((1.1333333333333335, 0.7640394088669953), array([-0.10942689, -0.24933584]))	False
APOLD1	ENHA_CEBPB;RB1	10.6068610000453	1.76932478251741e-57	False	((1.1, -0.9699507389162563), array([-0.10942689, -0.24933584]))	False
APOLD1	ENHA_CEBPD;RB1	6.99290250949159	8.6093508898141e-51	False	((1.1333333333333335, -0.9591133004926109), array([-0.10942689, -0.24933584]))	False
APOLD1	ENHA_CEBPB;RB1	10.6068610000453	1.76932478251741e-57	False	((1.1, -0.9699507389162563), array([-0.10942689, -0.24933584]))	False
APOLD1	ENHA_AR;RB1	10.7210265534404	1.2593846253045199e-70	False	((1.1, -1.1), array([-0.10942689, -0.24933584]))	False
APOLD1	ENHA_IRF3;RB1	9.06353482547402	1.42322130804985e-61	False	((1.1, -0.3847290640394089), array([-0.10942689, -0.24933584]))	False
APOLD1	ENHA_E2F3;RB1	4.99060140178045	1.2575429569359202e-19	False	((1.1666666666666667, -0.8832512315270937), array([-0.10942689, -0.24933584]))	False
APOLD1	ENHA_E2F4;RB1	5.10952092721257	1.21019609873892e-36	False	((1.1, -0.8724137931034484), array([-0.10942689, -0.24933584]))	False
APOLD1	ENHA_TFDP1;RB1	5.49162028314388	5.6584523351598e-35	False	((1.1666666666666667, 0.8073891625615766), array([-0.10942689, -0.24933584]))	False
APOLD1	ENHA_AR;RB1	10.7210265534404	1.2593846253045199e-70	False	((1.1, -1.1), array([-0.10942689, -0.24933584]))	False
APOLD1	ENHA_E2F3;RB1	4.99060140178045	1.2575429569359202e-19	False	((1.1666666666666667, -0.8832512315270937), array([-0.10942689, -0.24933584]))	False
APOLD1	ENHA_PPARG;RB1	7.16364271854631	3.1661741204698503e-52	False	((1.1666666666666667, 0.31970443349753697), array([-0.10942689, -0.24933584]))	False
APOLD1	ENHA_TFAP2A;RB1	55.5127676189522	1.91383839892e-49	False	((1.1333333333333335, 0.7640394088669953), array([-0.10942689, -0.24933584]))	False
APOLD1	ENHA_CEBPD;RB1	6.99290250949159	8.6093508898141e-51	False	((1.1333333333333335, -0.9591133004926109), array([-0.10942689, -0.24933584]))	False
APOLD1	ENHA_CEBPB;RB1	10.6068610000453	1.76932478251741e-57	False	((1.1, -0.9699507389162563), array([-0.10942689, -0.24933584]))	False
APOLD1	ENHA_ELF1;RB1	16.1524715775707	3.71114957809961e-64	False	((1.1666666666666667, -0.8182266009852217), array([-0.10942689, -0.24933584]))	False
APOLD1	ENHA_IRF3;RB1	9.06353482547402	1.42322130804985e-61	False	((1.1, -0.3847290640394089), array([-0.10942689, -0.24933584]))	False
APOLD1	ENHA_STAT3;RB1	13.4537231010479	7.45970180063897e-76	False	((1.1666666666666667, 0.6773399014778327), array([-0.10942689, -0.24933584]))	False
APOLD1	ENHA_FOXK1;RB1	6.63873434949792	1.25552222597704e-47	False	((1.1333333333333335, -0.6665024630541873), array([-0.10942689, -0.24933584]))	False
APOLD1	ENHA_FOXO3;RB1	6.9413626572443	9.82982399160052e-51	False	((1.1, -0.6448275862068966), array([-0.10942689, -0.24933584]))	False
APOLD1	ENHA_AR;RB1	10.7210265534404	1.2593846253045199e-70	False	((1.1, -1.1), array([-0.10942689, -0.24933584]))	False
APOLD1	ENHA_FOXK2;RB1	6.95892002455536	8.400483005333321e-51	False	((1.1666666666666667, -0.6556650246305419), array([-0.10942689, -0.24933584]))	False
APOLD1	ENHA_STAT3;RB1	13.4537231010479	7.45970180063897e-76	False	((1.1666666666666667, 0.6773399014778327), array([-0.10942689, -0.24933584]))	False
APOLD1	ENHA_ELF1;RB1	16.1524715775707	3.71114957809961e-64	False	((1.1666666666666667, -0.8182266009852217), array([-0.10942689, -0.24933584]))	False
APOLD1	ENHA_IRF3;RB1	9.06353482547402	1.42322130804985e-61	False	((1.1, -0.3847290640394089), array([-0.10942689, -0.24933584]))	False
APOLD1	ENHA_ELF1;RB1	16.1524715775707	3.71114957809961e-64	False	((1.1666666666666667, -0.8182266009852217), array([-0.10942689, -0.24933584]))	False
APOLD1	ENHA_TCF7L2;XRCC5	8.18475539121532	9.97911244885983e-59	False	((1.1, 0.720689655172414), array([-0.18973445, -0.02009361]))	False
APOLD1	ENHA_EHF;XRCC5	22.1099624020211	3.35888094953887e-63	False	((1.1333333333333335, -0.8290640394088671), array([-0.18973445, -0.02009361]))	False
APOLD1	ENHA_ELF3;XRCC5	13.9790206544407	7.146390644931771e-61	False	((1.1, -0.8073891625615763), array([-0.18973445, -0.02009361]))	False
APOLD1	ENHA_EHF;XRCC5	22.1099624020211	3.35888094953887e-63	False	((1.1333333333333335, -0.8290640394088671), array([-0.18973445, -0.02009361]))	False
APOLD1	ENHA_ELF3;XRCC5	13.9790206544407	7.146390644931771e-61	False	((1.1, -0.8073891625615763), array([-0.18973445, -0.02009361]))	False
APOLD1	ENHA_HOXB7;XRCC5	5.57681023802942	1.74360533244034e-26	False	((1.1666666666666667, -0.46059113300492616), array([-0.18973445, -0.02009361]))	False
APOLD1	ENHA_TFAP2A;XRCC5	15.9946597360956	8.33388865664043e-50	False	((1.1333333333333335, 0.7640394088669953), array([-0.18973445, -0.02009361]))	False
APOLD1	ENHA_TFAP2A;XRCC5	15.9946597360956	8.33388865664043e-50	False	((1.1333333333333335, 0.7640394088669953), array([-0.18973445, -0.02009361]))	False
APOLD1	ENHA_ELF3;XRCC5	13.9790206544407	7.146390644931771e-61	False	((1.1, -0.8073891625615763), array([-0.18973445, -0.02009361]))	False
APOLD1	ENHA_TCF7L2;XRCC5	8.18475539121532	9.97911244885983e-59	False	((1.1, 0.720689655172414), array([-0.18973445, -0.02009361]))	False
APOLD1	ENHA_TFAP2A;XRCC5	15.9946597360956	8.33388865664043e-50	False	((1.1333333333333335, 0.7640394088669953), array([-0.18973445, -0.02009361]))	False
APOLD1	ENHA_TFAP2A;XRCC5	15.9946597360956	8.33388865664043e-50	False	((1.1333333333333335, 0.7640394088669953), array([-0.18973445, -0.02009361]))	False
APOLD1	ENHA_TCF7L2;XRCC5	8.18475539121532	9.97911244885983e-59	False	((1.1, 0.720689655172414), array([-0.18973445, -0.02009361]))	False
APOLD1	ENHA_EHF;XRCC5	22.1099624020211	3.35888094953887e-63	False	((1.1333333333333335, -0.8290640394088671), array([-0.18973445, -0.02009361]))	False
APOLD1	ENHA_ELF3;XRCC5	13.9790206544407	7.146390644931771e-61	False	((1.1, -0.8073891625615763), array([-0.18973445, -0.02009361]))	False
APOLD1	ENHA_TFAP2A;XRCC5	15.9946597360956	8.33388865664043e-50	False	((1.1333333333333335, 0.7640394088669953), array([-0.18973445, -0.02009361]))	False
APOLD1	ENHA_MYC;XRCC5	6.02698099645285	1.69451718841334e-38	False	((1.1666666666666667, -0.005418719211822687), array([-0.18973445, -0.02009361]))	False
APOLD1	ENHA_ELF3;XRCC5	13.9790206544407	7.146390644931771e-61	False	((1.1, -0.8073891625615763), array([-0.18973445, -0.02009361]))	False
APOLD1	ENHA_TFAP2A;XRCC5	15.9946597360956	8.33388865664043e-50	False	((1.1333333333333335, 0.7640394088669953), array([-0.18973445, -0.02009361]))	False
APOLD1	ENHA_EHF;XRCC5	22.1099624020211	3.35888094953887e-63	False	((1.1333333333333335, -0.8290640394088671), array([-0.18973445, -0.02009361]))	False
APOLD1	ENHA_ELF3;XRCC5	13.9790206544407	7.146390644931771e-61	False	((1.1, -0.8073891625615763), array([-0.18973445, -0.02009361]))	False
APOLD1	ENHA_TFAP2A;XRCC5	15.9946597360956	8.33388865664043e-50	False	((1.1333333333333335, 0.7640394088669953), array([-0.18973445, -0.02009361]))	False
APOLD1	ENHA_TFAP2A;XRCC5	15.9946597360956	8.33388865664043e-50	False	((1.1333333333333335, 0.7640394088669953), array([-0.18973445, -0.02009361]))	False
APOLD1	ENHA_MYC;XRCC5	6.02698099645285	1.69451718841334e-38	False	((1.1666666666666667, -0.005418719211822687), array([-0.18973445, -0.02009361]))	False
APOLD1	ENHA_CEBPA;XRCC5	8.29368335952686	1.15576502911742e-58	False	((1.1666666666666667, -0.9807881773399015), array([-0.18973445, -0.02009361]))	False
APOLD1	ENHA_TFAP2A;XRCC5	15.9946597360956	8.33388865664043e-50	False	((1.1333333333333335, 0.7640394088669953), array([-0.18973445, -0.02009361]))	False
APOLD1	ENHA_TFAP2A;XRCC5	15.9946597360956	8.33388865664043e-50	False	((1.1333333333333335, 0.7640394088669953), array([-0.18973445, -0.02009361]))	False
APOLD1	ENHA_TFAP2A;XRCC5	15.9946597360956	8.33388865664043e-50	False	((1.1333333333333335, 0.7640394088669953), array([-0.18973445, -0.02009361]))	False
APOLD1	ENHA_NFIB;XRCC5	12.944373941387	1.88952654943182e-55	False	((1.1333333333333335, 0.04876847290640396), array([-0.18973445, -0.02009361]))	False
APOLD1	ENHA_EHF;XRCC5	22.1099624020211	3.35888094953887e-63	False	((1.1333333333333335, -0.8290640394088671), array([-0.18973445, -0.02009361]))	False
APOLD1	ENHA_ELF3;XRCC5	13.9790206544407	7.146390644931771e-61	False	((1.1, -0.8073891625615763), array([-0.18973445, -0.02009361]))	False
APOLD1	ENHA_TCF7L2;XRCC5	8.18475539121532	9.97911244885983e-59	False	((1.1, 0.720689655172414), array([-0.18973445, -0.02009361]))	False
APOLD1	ENHA_MYC;XRCC5	6.02698099645285	1.69451718841334e-38	False	((1.1666666666666667, -0.005418719211822687), array([-0.18973445, -0.02009361]))	False
APOLD1	ENHA_NFIB;XRCC5	12.944373941387	1.88952654943182e-55	False	((1.1333333333333335, 0.04876847290640396), array([-0.18973445, -0.02009361]))	False
APOLD1	ENHA_TCF7L2;XRCC5	8.18475539121532	9.97911244885983e-59	False	((1.1, 0.720689655172414), array([-0.18973445, -0.02009361]))	False
APOLD1	ENHA_CEBPA;XRCC5	8.29368335952686	1.15576502911742e-58	False	((1.1666666666666667, -0.9807881773399015), array([-0.18973445, -0.02009361]))	False
APOLD1	ENHA_TCF7L2;XRCC5	8.18475539121532	9.97911244885983e-59	False	((1.1, 0.720689655172414), array([-0.18973445, -0.02009361]))	False
APOLD1	ENHA_TFAP2A;XRCC5	15.9946597360956	8.33388865664043e-50	False	((1.1333333333333335, 0.7640394088669953), array([-0.18973445, -0.02009361]))	False
APOLD1	ENHA_MYC;XRCC5	6.02698099645285	1.69451718841334e-38	False	((1.1666666666666667, -0.005418719211822687), array([-0.18973445, -0.02009361]))	False
APOLD1	ENHA_EHF;XRCC5	22.1099624020211	3.35888094953887e-63	False	((1.1333333333333335, -0.8290640394088671), array([-0.18973445, -0.02009361]))	False
APOLD1	ENHA_NFIB;XRCC5	12.944373941387	1.88952654943182e-55	False	((1.1333333333333335, 0.04876847290640396), array([-0.18973445, -0.02009361]))	False
APOLD1	ENHA_CEBPA;XRCC5	8.29368335952686	1.15576502911742e-58	False	((1.1666666666666667, -0.9807881773399015), array([-0.18973445, -0.02009361]))	False
APOLD1	ENHA_TFAP2A;XRCC5	15.9946597360956	8.33388865664043e-50	False	((1.1333333333333335, 0.7640394088669953), array([-0.18973445, -0.02009361]))	False
APOLD1	ENHA_TFAP2A;XRCC5	15.9946597360956	8.33388865664043e-50	False	((1.1333333333333335, 0.7640394088669953), array([-0.18973445, -0.02009361]))	False
APOLD1	ENHA_EHF;XRCC5	22.1099624020211	3.35888094953887e-63	False	((1.1333333333333335, -0.8290640394088671), array([-0.18973445, -0.02009361]))	False
APOLD1	ENHA_TFAP2A;XRCC5	15.9946597360956	8.33388865664043e-50	False	((1.1333333333333335, 0.7640394088669953), array([-0.18973445, -0.02009361]))	False
APOLD1	ENHA_TFAP2A;XRCC5	15.9946597360956	8.33388865664043e-50	False	((1.1333333333333335, 0.7640394088669953), array([-0.18973445, -0.02009361]))	False
APOLD1	ENHA_EHF;XRCC5	22.1099624020211	3.35888094953887e-63	False	((1.1333333333333335, -0.8290640394088671), array([-0.18973445, -0.02009361]))	False
APOLD1	ENHA_ELF3;XRCC5	13.9790206544407	7.146390644931771e-61	False	((1.1, -0.8073891625615763), array([-0.18973445, -0.02009361]))	False
APOLD1	ENHA_TCF7L2;XRCC5	8.18475539121532	9.97911244885983e-59	False	((1.1, 0.720689655172414), array([-0.18973445, -0.02009361]))	False
APOLD1	ENHA_EHF;XRCC5	22.1099624020211	3.35888094953887e-63	False	((1.1333333333333335, -0.8290640394088671), array([-0.18973445, -0.02009361]))	False
APOLD1	ENHA_HOXB7;XRCC5	5.57681023802942	1.74360533244034e-26	False	((1.1666666666666667, -0.46059113300492616), array([-0.18973445, -0.02009361]))	False
APOLD1	PROM_NFIB;XRCC5	1.72591509611609	8.62658747400218e-05	False	((-1.1, -0.23913043478260876), array([-0.18973445, -0.02009361]))	False
APOLD1	ENHA_POU2F2;XRCC6	5.62985960848991	5.34709311230617e-41	False	((1.1, 0.29802955665024644), array([ 0.43553152, -0.26332902]))	False
APOLD1	ENHA_TCF7L2;XRCC6	8.26267257394545	3.39257265009759e-59	False	((1.1, 0.720689655172414), array([ 0.43553152, -0.26332902]))	False
APOLD1	ENHA_EHF;XRCC6	18.7914650259479	4.54000863808723e-60	False	((1.1333333333333335, -0.8290640394088671), array([ 0.43553152, -0.26332902]))	False
APOLD1	ENHA_ELF3;XRCC6	12.2141508040721	2.93263365561962e-57	False	((1.1, -0.8073891625615763), array([ 0.43553152, -0.26332902]))	False
APOLD1	ENHA_EHF;XRCC6	18.7914650259479	4.54000863808723e-60	False	((1.1333333333333335, -0.8290640394088671), array([ 0.43553152, -0.26332902]))	False
APOLD1	ENHA_ELF3;XRCC6	12.2141508040721	2.93263365561962e-57	False	((1.1, -0.8073891625615763), array([ 0.43553152, -0.26332902]))	False
APOLD1	ENHA_HOXB7;XRCC6	5.45891868507869	9.69076218990397e-26	False	((1.1666666666666667, -0.46059113300492616), array([ 0.43553152, -0.26332902]))	False
APOLD1	ENHA_POU2F1;XRCC6	4.78473691006707	9.897308102460209e-34	False	((1.1666666666666667, 0.28719211822660107), array([ 0.43553152, -0.26332902]))	False
APOLD1	ENHA_POU2F2;XRCC6	5.62985960848991	5.34709311230617e-41	False	((1.1, 0.29802955665024644), array([ 0.43553152, -0.26332902]))	False
APOLD1	ENHA_POU2F1;XRCC6	4.78473691006707	9.897308102460209e-34	False	((1.1666666666666667, 0.28719211822660107), array([ 0.43553152, -0.26332902]))	False
APOLD1	ENHA_TFAP2A;XRCC6	10.3830107519704	5.11372970011395e-47	False	((1.1333333333333335, 0.7640394088669953), array([ 0.43553152, -0.26332902]))	False
APOLD1	ENHA_ELF3;XRCC6	12.2141508040721	2.93263365561962e-57	False	((1.1, -0.8073891625615763), array([ 0.43553152, -0.26332902]))	False
APOLD1	ENHA_TCF7L2;XRCC6	8.26267257394545	3.39257265009759e-59	False	((1.1, 0.720689655172414), array([ 0.43553152, -0.26332902]))	False
APOLD1	ENHA_POU2F1;XRCC6	4.78473691006707	9.897308102460209e-34	False	((1.1666666666666667, 0.28719211822660107), array([ 0.43553152, -0.26332902]))	False
APOLD1	ENHA_POU2F2;XRCC6	5.62985960848991	5.34709311230617e-41	False	((1.1, 0.29802955665024644), array([ 0.43553152, -0.26332902]))	False
APOLD1	ENHA_TCF7L2;XRCC6	8.26267257394545	3.39257265009759e-59	False	((1.1, 0.720689655172414), array([ 0.43553152, -0.26332902]))	False
APOLD1	ENHA_EHF;XRCC6	18.7914650259479	4.54000863808723e-60	False	((1.1333333333333335, -0.8290640394088671), array([ 0.43553152, -0.26332902]))	False
APOLD1	ENHA_ELF3;XRCC6	12.2141508040721	2.93263365561962e-57	False	((1.1, -0.8073891625615763), array([ 0.43553152, -0.26332902]))	False
APOLD1	ENHA_TFAP2A;XRCC6	10.3830107519704	5.11372970011395e-47	False	((1.1333333333333335, 0.7640394088669953), array([ 0.43553152, -0.26332902]))	False
APOLD1	ENHA_ELF3;XRCC6	12.2141508040721	2.93263365561962e-57	False	((1.1, -0.8073891625615763), array([ 0.43553152, -0.26332902]))	False
APOLD1	ENHA_POU2F2;XRCC6	5.62985960848991	5.34709311230617e-41	False	((1.1, 0.29802955665024644), array([ 0.43553152, -0.26332902]))	False
APOLD1	ENHA_EHF;XRCC6	18.7914650259479	4.54000863808723e-60	False	((1.1333333333333335, -0.8290640394088671), array([ 0.43553152, -0.26332902]))	False
APOLD1	ENHA_ELF3;XRCC6	12.2141508040721	2.93263365561962e-57	False	((1.1, -0.8073891625615763), array([ 0.43553152, -0.26332902]))	False
APOLD1	ENHA_TFAP2A;XRCC6	10.3830107519704	5.11372970011395e-47	False	((1.1333333333333335, 0.7640394088669953), array([ 0.43553152, -0.26332902]))	False
APOLD1	ENHA_CEBPA;XRCC6	8.1311363982615	9.47954497522729e-58	False	((1.1666666666666667, -0.9807881773399015), array([ 0.43553152, -0.26332902]))	False
APOLD1	ENHA_TFAP2A;XRCC6	10.3830107519704	5.11372970011395e-47	False	((1.1333333333333335, 0.7640394088669953), array([ 0.43553152, -0.26332902]))	False
APOLD1	ENHA_POU2F2;XRCC6	5.62985960848991	5.34709311230617e-41	False	((1.1, 0.29802955665024644), array([ 0.43553152, -0.26332902]))	False
APOLD1	ENHA_TFAP2A;XRCC6	10.3830107519704	5.11372970011395e-47	False	((1.1333333333333335, 0.7640394088669953), array([ 0.43553152, -0.26332902]))	False
APOLD1	ENHA_POU2F2;XRCC6	5.62985960848991	5.34709311230617e-41	False	((1.1, 0.29802955665024644), array([ 0.43553152, -0.26332902]))	False
APOLD1	ENHA_EHF;XRCC6	18.7914650259479	4.54000863808723e-60	False	((1.1333333333333335, -0.8290640394088671), array([ 0.43553152, -0.26332902]))	False
APOLD1	ENHA_ELF3;XRCC6	12.2141508040721	2.93263365561962e-57	False	((1.1, -0.8073891625615763), array([ 0.43553152, -0.26332902]))	False
APOLD1	ENHA_TCF7L2;XRCC6	8.26267257394545	3.39257265009759e-59	False	((1.1, 0.720689655172414), array([ 0.43553152, -0.26332902]))	False
APOLD1	ENHA_TCF7L2;XRCC6	8.26267257394545	3.39257265009759e-59	False	((1.1, 0.720689655172414), array([ 0.43553152, -0.26332902]))	False
APOLD1	ENHA_CEBPA;XRCC6	8.1311363982615	9.47954497522729e-58	False	((1.1666666666666667, -0.9807881773399015), array([ 0.43553152, -0.26332902]))	False
APOLD1	ENHA_TCF7L2;XRCC6	8.26267257394545	3.39257265009759e-59	False	((1.1, 0.720689655172414), array([ 0.43553152, -0.26332902]))	False
APOLD1	ENHA_TFAP2A;XRCC6	10.3830107519704	5.11372970011395e-47	False	((1.1333333333333335, 0.7640394088669953), array([ 0.43553152, -0.26332902]))	False
APOLD1	ENHA_EHF;XRCC6	18.7914650259479	4.54000863808723e-60	False	((1.1333333333333335, -0.8290640394088671), array([ 0.43553152, -0.26332902]))	False
APOLD1	ENHA_CEBPA;XRCC6	8.1311363982615	9.47954497522729e-58	False	((1.1666666666666667, -0.9807881773399015), array([ 0.43553152, -0.26332902]))	False
APOLD1	ENHA_HOXC4;XRCC6	5.29242622918677	1.59707629653426e-25	False	((1.1333333333333335, -0.4389162561576355), array([ 0.43553152, -0.26332902]))	False
APOLD1	ENHA_EHF;XRCC6	18.7914650259479	4.54000863808723e-60	False	((1.1333333333333335, -0.8290640394088671), array([ 0.43553152, -0.26332902]))	False
APOLD1	ENHA_TFAP2A;XRCC6	10.3830107519704	5.11372970011395e-47	False	((1.1333333333333335, 0.7640394088669953), array([ 0.43553152, -0.26332902]))	False
APOLD1	ENHA_EHF;XRCC6	18.7914650259479	4.54000863808723e-60	False	((1.1333333333333335, -0.8290640394088671), array([ 0.43553152, -0.26332902]))	False
APOLD1	ENHA_ELF3;XRCC6	12.2141508040721	2.93263365561962e-57	False	((1.1, -0.8073891625615763), array([ 0.43553152, -0.26332902]))	False
APOLD1	ENHA_POU2F2;XRCC6	5.62985960848991	5.34709311230617e-41	False	((1.1, 0.29802955665024644), array([ 0.43553152, -0.26332902]))	False
APOLD1	ENHA_TCF7L2;XRCC6	8.26267257394545	3.39257265009759e-59	False	((1.1, 0.720689655172414), array([ 0.43553152, -0.26332902]))	False
APOLD1	ENHA_POU2F2;XRCC6	5.62985960848991	5.34709311230617e-41	False	((1.1, 0.29802955665024644), array([ 0.43553152, -0.26332902]))	False
APOLD1	ENHA_EHF;XRCC6	18.7914650259479	4.54000863808723e-60	False	((1.1333333333333335, -0.8290640394088671), array([ 0.43553152, -0.26332902]))	False
APOLD1	ENHA_HOXB7;XRCC6	5.45891868507869	9.69076218990397e-26	False	((1.1666666666666667, -0.46059113300492616), array([ 0.43553152, -0.26332902]))	False
APOLD1	ENHA_POU2F2;XRCC6	5.62985960848991	5.34709311230617e-41	False	((1.1, 0.29802955665024644), array([ 0.43553152, -0.26332902]))	False
APOLD1	ENHA_TCF3;UBE2I	26.5163986122355	1.37640484942482e-53	False	((1.1333333333333335, 0.6990147783251233), array([ 0.01029312, -0.2837851 ]))	False
APOLD1	ENHA_MEF2A;UBE2I	49.5403927706523	1.00591155446173e-44	False	((1.1, -0.12463054187192113), array([ 0.01029312, -0.2837851 ]))	False
APOLD1	ENHA_CREB1;UBE2I	21.6685308303768	2.19272190434241e-79	False	((1.1, -0.9374384236453203), array([ 0.01029312, -0.2837851 ]))	False
APOLD1	ENHA_ATF2;UBE2I	10.4400708415587	2.95285319849659e-70	False	((1.1666666666666667, -1.0783251231527093), array([ 0.01029312, -0.2837851 ]))	False
APOLD1	ENHA_STAT1;UBE2I	20.6011024691633	1.66752744964425e-56	False	((1.1333333333333335, 0.6665024630541874), array([ 0.01029312, -0.2837851 ]))	False
APOLD1	ENHA_TCF7L2;UBE2I	7.86272104971476	1.0242292428629098e-56	False	((1.1, 0.720689655172414), array([ 0.01029312, -0.2837851 ]))	False
APOLD1	ENHA_MEF2A;UBE2I	49.5403927706523	1.00591155446173e-44	False	((1.1, -0.12463054187192113), array([ 0.01029312, -0.2837851 ]))	False
APOLD1	ENHA_TCF4;UBE2I	29.950121654218	1.94818348093831e-48	False	((1.1666666666666667, 0.7098522167487686), array([ 0.01029312, -0.2837851 ]))	False
APOLD1	ENHA_STAT1;UBE2I	20.6011024691633	1.66752744964425e-56	False	((1.1333333333333335, 0.6665024630541874), array([ 0.01029312, -0.2837851 ]))	False
APOLD1	ENHA_ZBTB26;UBE2I	9.16645526067024	1.13272361167488e-59	False	((1.1666666666666667, 0.9699507389162565), array([ 0.01029312, -0.2837851 ]))	False
APOLD1	ENHA_SOX10;UBE2I	7.31511786565081	6.4194906230369995e-52	False	((1.1333333333333335, 0.5364532019704435), array([ 0.01029312, -0.2837851 ]))	False
APOLD1	ENHA_ATF2;UBE2I	10.4400708415587	2.95285319849659e-70	False	((1.1666666666666667, -1.0783251231527093), array([ 0.01029312, -0.2837851 ]))	False
APOLD1	ENHA_STAT1;UBE2I	20.6011024691633	1.66752744964425e-56	False	((1.1333333333333335, 0.6665024630541874), array([ 0.01029312, -0.2837851 ]))	False
APOLD1	ENHA_TCF3;UBE2I	26.5163986122355	1.37640484942482e-53	False	((1.1333333333333335, 0.6990147783251233), array([ 0.01029312, -0.2837851 ]))	False
APOLD1	ENHA_TCF4;UBE2I	29.950121654218	1.94818348093831e-48	False	((1.1666666666666667, 0.7098522167487686), array([ 0.01029312, -0.2837851 ]))	False
APOLD1	ENHA_TFAP2A;UBE2I	48.0052258585525	1.14813468189699e-43	False	((1.1333333333333335, 0.7640394088669953), array([ 0.01029312, -0.2837851 ]))	False
APOLD1	ENHA_MEF2A;UBE2I	49.5403927706523	1.00591155446173e-44	False	((1.1, -0.12463054187192113), array([ 0.01029312, -0.2837851 ]))	False
APOLD1	ENHA_STAT1;UBE2I	20.6011024691633	1.66752744964425e-56	False	((1.1333333333333335, 0.6665024630541874), array([ 0.01029312, -0.2837851 ]))	False
APOLD1	ENHA_ZBTB26;UBE2I	9.16645526067024	1.13272361167488e-59	False	((1.1666666666666667, 0.9699507389162565), array([ 0.01029312, -0.2837851 ]))	False
APOLD1	ENHA_HSF2;UBE2I	5.09374051575615	7.47872994384561e-36	False	((1.1, -0.4172413793103449), array([ 0.01029312, -0.2837851 ]))	False
APOLD1	ENHA_MITF;UBE2I	7.88138672996797	8.880045316013659e-57	False	((1.1333333333333335, -0.08128078817733986), array([ 0.01029312, -0.2837851 ]))	False
APOLD1	ENHA_BHLHE40;UBE2I	5.09615584330018	8.09234701911735e-33	False	((1.1, -1.0024630541871922), array([ 0.01029312, -0.2837851 ]))	False
APOLD1	ENHA_TFAP2A;UBE2I	48.0052258585525	1.14813468189699e-43	False	((1.1333333333333335, 0.7640394088669953), array([ 0.01029312, -0.2837851 ]))	False
APOLD1	ENHA_MEF2A;UBE2I	49.5403927706523	1.00591155446173e-44	False	((1.1, -0.12463054187192113), array([ 0.01029312, -0.2837851 ]))	False
APOLD1	ENHA_SOX10;UBE2I	7.31511786565081	6.4194906230369995e-52	False	((1.1333333333333335, 0.5364532019704435), array([ 0.01029312, -0.2837851 ]))	False
APOLD1	ENHA_TFAP2C;UBE2I	15.0874170667872	2.5701375143443797e-55	False	((1.1666666666666667, 0.7748768472906404), array([ 0.01029312, -0.2837851 ]))	False
APOLD1	ENHA_MITF;UBE2I	7.88138672996797	8.880045316013659e-57	False	((1.1333333333333335, -0.08128078817733986), array([ 0.01029312, -0.2837851 ]))	False
APOLD1	ENHA_HSF2;UBE2I	5.09374051575615	7.47872994384561e-36	False	((1.1, -0.4172413793103449), array([ 0.01029312, -0.2837851 ]))	False
APOLD1	ENHA_MEF2A;UBE2I	49.5403927706523	1.00591155446173e-44	False	((1.1, -0.12463054187192113), array([ 0.01029312, -0.2837851 ]))	False
APOLD1	ENHA_TCF7L2;UBE2I	7.86272104971476	1.0242292428629098e-56	False	((1.1, 0.720689655172414), array([ 0.01029312, -0.2837851 ]))	False
APOLD1	ENHA_MEF2A;UBE2I	49.5403927706523	1.00591155446173e-44	False	((1.1, -0.12463054187192113), array([ 0.01029312, -0.2837851 ]))	False
APOLD1	ENHA_STAT1;UBE2I	20.6011024691633	1.66752744964425e-56	False	((1.1333333333333335, 0.6665024630541874), array([ 0.01029312, -0.2837851 ]))	False
APOLD1	ENHA_NR3C1;UBE2I	10.6108123250991	1.3076943099147e-66	False	((1.1666666666666667, 0.18965517241379315), array([ 0.01029312, -0.2837851 ]))	False
APOLD1	ENHA_SREBF2;UBE2I	10.6432620975265	1.4157139911753601e-68	False	((1.1666666666666667, 0.6448275862068966), array([ 0.01029312, -0.2837851 ]))	False
APOLD1	ENHA_AR;UBE2I	10.0185965189923	7.97070231297382e-67	False	((1.1, -1.1), array([ 0.01029312, -0.2837851 ]))	False
APOLD1	ENHA_BHLHE40;UBE2I	5.09615584330018	8.09234701911735e-33	False	((1.1, -1.0024630541871922), array([ 0.01029312, -0.2837851 ]))	False
APOLD1	ENHA_MEF2A;UBE2I	49.5403927706523	1.00591155446173e-44	False	((1.1, -0.12463054187192113), array([ 0.01029312, -0.2837851 ]))	False
APOLD1	ENHA_TCF3;UBE2I	26.5163986122355	1.37640484942482e-53	False	((1.1333333333333335, 0.6990147783251233), array([ 0.01029312, -0.2837851 ]))	False
APOLD1	ENHA_TCF4;UBE2I	29.950121654218	1.94818348093831e-48	False	((1.1666666666666667, 0.7098522167487686), array([ 0.01029312, -0.2837851 ]))	False
APOLD1	ENHA_TFAP2A;UBE2I	48.0052258585525	1.14813468189699e-43	False	((1.1333333333333335, 0.7640394088669953), array([ 0.01029312, -0.2837851 ]))	False
APOLD1	ENHA_ATF2;UBE2I	10.4400708415587	2.95285319849659e-70	False	((1.1666666666666667, -1.0783251231527093), array([ 0.01029312, -0.2837851 ]))	False
APOLD1	ENHA_TCF3;UBE2I	26.5163986122355	1.37640484942482e-53	False	((1.1333333333333335, 0.6990147783251233), array([ 0.01029312, -0.2837851 ]))	False
APOLD1	ENHA_TCF4;UBE2I	29.950121654218	1.94818348093831e-48	False	((1.1666666666666667, 0.7098522167487686), array([ 0.01029312, -0.2837851 ]))	False
APOLD1	ENHA_TFAP2A;UBE2I	48.0052258585525	1.14813468189699e-43	False	((1.1333333333333335, 0.7640394088669953), array([ 0.01029312, -0.2837851 ]))	False
APOLD1	ENHA_TCF7L2;UBE2I	7.86272104971476	1.0242292428629098e-56	False	((1.1, 0.720689655172414), array([ 0.01029312, -0.2837851 ]))	False
APOLD1	ENHA_BHLHE40;UBE2I	5.09615584330018	8.09234701911735e-33	False	((1.1, -1.0024630541871922), array([ 0.01029312, -0.2837851 ]))	False
APOLD1	ENHA_TFAP2A;UBE2I	48.0052258585525	1.14813468189699e-43	False	((1.1333333333333335, 0.7640394088669953), array([ 0.01029312, -0.2837851 ]))	False
APOLD1	ENHA_MEF2A;UBE2I	49.5403927706523	1.00591155446173e-44	False	((1.1, -0.12463054187192113), array([ 0.01029312, -0.2837851 ]))	False
APOLD1	ENHA_MITF;UBE2I	7.88138672996797	8.880045316013659e-57	False	((1.1333333333333335, -0.08128078817733986), array([ 0.01029312, -0.2837851 ]))	False
APOLD1	ENHA_ATF2;UBE2I	10.4400708415587	2.95285319849659e-70	False	((1.1666666666666667, -1.0783251231527093), array([ 0.01029312, -0.2837851 ]))	False
APOLD1	ENHA_AR;UBE2I	10.0185965189923	7.97070231297382e-67	False	((1.1, -1.1), array([ 0.01029312, -0.2837851 ]))	False
APOLD1	ENHA_TCF3;UBE2I	26.5163986122355	1.37640484942482e-53	False	((1.1333333333333335, 0.6990147783251233), array([ 0.01029312, -0.2837851 ]))	False
APOLD1	ENHA_TCF4;UBE2I	29.950121654218	1.94818348093831e-48	False	((1.1666666666666667, 0.7098522167487686), array([ 0.01029312, -0.2837851 ]))	False
APOLD1	ENHA_AR;UBE2I	10.0185965189923	7.97070231297382e-67	False	((1.1, -1.1), array([ 0.01029312, -0.2837851 ]))	False
APOLD1	ENHA_TFAP2C;UBE2I	15.0874170667872	2.5701375143443797e-55	False	((1.1666666666666667, 0.7748768472906404), array([ 0.01029312, -0.2837851 ]))	False
APOLD1	ENHA_TFAP2A;UBE2I	48.0052258585525	1.14813468189699e-43	False	((1.1333333333333335, 0.7640394088669953), array([ 0.01029312, -0.2837851 ]))	False
APOLD1	ENHA_MEF2A;UBE2I	49.5403927706523	1.00591155446173e-44	False	((1.1, -0.12463054187192113), array([ 0.01029312, -0.2837851 ]))	False
APOLD1	ENHA_NR3C1;UBE2I	10.6108123250991	1.3076943099147e-66	False	((1.1666666666666667, 0.18965517241379315), array([ 0.01029312, -0.2837851 ]))	False
APOLD1	ENHA_SOX4;UBE2I	10.4585841986321	7.66841808244487e-61	False	((1.1, 0.5581280788177341), array([ 0.01029312, -0.2837851 ]))	False
APOLD1	ENHA_TFAP2A;UBE2I	48.0052258585525	1.14813468189699e-43	False	((1.1333333333333335, 0.7640394088669953), array([ 0.01029312, -0.2837851 ]))	False
APOLD1	ENHA_MEF2A;UBE2I	49.5403927706523	1.00591155446173e-44	False	((1.1, -0.12463054187192113), array([ 0.01029312, -0.2837851 ]))	False
APOLD1	ENHA_MEF2A;UBE2I	49.5403927706523	1.00591155446173e-44	False	((1.1, -0.12463054187192113), array([ 0.01029312, -0.2837851 ]))	False
APOLD1	ENHA_TCF3;UBE2I	26.5163986122355	1.37640484942482e-53	False	((1.1333333333333335, 0.6990147783251233), array([ 0.01029312, -0.2837851 ]))	False
APOLD1	ENHA_BHLHE40;UBE2I	5.09615584330018	8.09234701911735e-33	False	((1.1, -1.0024630541871922), array([ 0.01029312, -0.2837851 ]))	False
APOLD1	ENHA_TFAP2A;UBE2I	48.0052258585525	1.14813468189699e-43	False	((1.1333333333333335, 0.7640394088669953), array([ 0.01029312, -0.2837851 ]))	False
APOLD1	ENHA_ZBTB26;UBE2I	9.16645526067024	1.13272361167488e-59	False	((1.1666666666666667, 0.9699507389162565), array([ 0.01029312, -0.2837851 ]))	False
APOLD1	ENHA_TFAP2A;UBE2I	48.0052258585525	1.14813468189699e-43	False	((1.1333333333333335, 0.7640394088669953), array([ 0.01029312, -0.2837851 ]))	False
APOLD1	ENHA_SREBF2;UBE2I	10.6432620975265	1.4157139911753601e-68	False	((1.1666666666666667, 0.6448275862068966), array([ 0.01029312, -0.2837851 ]))	False
APOLD1	ENHA_TFAP2A;UBE2I	48.0052258585525	1.14813468189699e-43	False	((1.1333333333333335, 0.7640394088669953), array([ 0.01029312, -0.2837851 ]))	False
APOLD1	ENHA_STAT1;UBE2I	20.6011024691633	1.66752744964425e-56	False	((1.1333333333333335, 0.6665024630541874), array([ 0.01029312, -0.2837851 ]))	False
APOLD1	ENHA_SOX4;UBE2I	10.4585841986321	7.66841808244487e-61	False	((1.1, 0.5581280788177341), array([ 0.01029312, -0.2837851 ]))	False
APOLD1	ENHA_TFAP2C;UBE2I	15.0874170667872	2.5701375143443797e-55	False	((1.1666666666666667, 0.7748768472906404), array([ 0.01029312, -0.2837851 ]))	False
APOLD1	ENHA_MYB;UBE2I	5.33326935755614	9.60163253151193e-37	False	((1.1333333333333335, -0.01625615763546784), array([ 0.01029312, -0.2837851 ]))	False
APOLD1	ENHA_TFAP2A;UBE2I	48.0052258585525	1.14813468189699e-43	False	((1.1333333333333335, 0.7640394088669953), array([ 0.01029312, -0.2837851 ]))	False
APOLD1	ENHA_SOX4;UBE2I	10.4585841986321	7.66841808244487e-61	False	((1.1, 0.5581280788177341), array([ 0.01029312, -0.2837851 ]))	False
APOLD1	ENHA_TCF3;UBE2I	26.5163986122355	1.37640484942482e-53	False	((1.1333333333333335, 0.6990147783251233), array([ 0.01029312, -0.2837851 ]))	False
APOLD1	ENHA_TCF4;UBE2I	29.950121654218	1.94818348093831e-48	False	((1.1666666666666667, 0.7098522167487686), array([ 0.01029312, -0.2837851 ]))	False
APOLD1	ENHA_MEF2A;UBE2I	49.5403927706523	1.00591155446173e-44	False	((1.1, -0.12463054187192113), array([ 0.01029312, -0.2837851 ]))	False
APOLD1	ENHA_AR;UBE2I	10.0185965189923	7.97070231297382e-67	False	((1.1, -1.1), array([ 0.01029312, -0.2837851 ]))	False
APOLD1	ENHA_TCF3;UBE2I	26.5163986122355	1.37640484942482e-53	False	((1.1333333333333335, 0.6990147783251233), array([ 0.01029312, -0.2837851 ]))	False
APOLD1	ENHA_TCF4;UBE2I	29.950121654218	1.94818348093831e-48	False	((1.1666666666666667, 0.7098522167487686), array([ 0.01029312, -0.2837851 ]))	False
APOLD1	ENHA_MEF2A;UBE2I	49.5403927706523	1.00591155446173e-44	False	((1.1, -0.12463054187192113), array([ 0.01029312, -0.2837851 ]))	False
APOLD1	ENHA_TCF3;UBE2I	26.5163986122355	1.37640484942482e-53	False	((1.1333333333333335, 0.6990147783251233), array([ 0.01029312, -0.2837851 ]))	False
APOLD1	ENHA_TCF4;UBE2I	29.950121654218	1.94818348093831e-48	False	((1.1666666666666667, 0.7098522167487686), array([ 0.01029312, -0.2837851 ]))	False
APOLD1	ENHA_MEF2A;UBE2I	49.5403927706523	1.00591155446173e-44	False	((1.1, -0.12463054187192113), array([ 0.01029312, -0.2837851 ]))	False
APOLD1	ENHA_STAT1;UBE2I	20.6011024691633	1.66752744964425e-56	False	((1.1333333333333335, 0.6665024630541874), array([ 0.01029312, -0.2837851 ]))	False
APOLD1	ENHA_ZBTB26;UBE2I	9.16645526067024	1.13272361167488e-59	False	((1.1666666666666667, 0.9699507389162565), array([ 0.01029312, -0.2837851 ]))	False
APOLD1	ENHA_TFCP2;UBE2I	5.75309966321296	3.64884822290421e-32	False	((1.1333333333333335, 0.7965517241379312), array([ 0.01029312, -0.2837851 ]))	False
APOLD1	ENHA_SOX10;UBE2I	7.31511786565081	6.4194906230369995e-52	False	((1.1333333333333335, 0.5364532019704435), array([ 0.01029312, -0.2837851 ]))	False
APOLD1	ENHA_SOX4;UBE2I	10.4585841986321	7.66841808244487e-61	False	((1.1, 0.5581280788177341), array([ 0.01029312, -0.2837851 ]))	False
APOLD1	ENHA_MEF2A;UBE2I	49.5403927706523	1.00591155446173e-44	False	((1.1, -0.12463054187192113), array([ 0.01029312, -0.2837851 ]))	False
APOLD1	ENHA_MITF;UBE2I	7.88138672996797	8.880045316013659e-57	False	((1.1333333333333335, -0.08128078817733986), array([ 0.01029312, -0.2837851 ]))	False
APOLD1	ENHA_SREBF2;UBE2I	10.6432620975265	1.4157139911753601e-68	False	((1.1666666666666667, 0.6448275862068966), array([ 0.01029312, -0.2837851 ]))	False
APOLD1	ENHA_MEF2A;UBE2I	49.5403927706523	1.00591155446173e-44	False	((1.1, -0.12463054187192113), array([ 0.01029312, -0.2837851 ]))	False
APOLD1	ENHA_ETV6;UBE2I	5.81296235530534	1.29927245379559e-37	False	((1.1666666666666667, -0.7206896551724138), array([ 0.01029312, -0.2837851 ]))	False
APOLD1	ENHA_TCF7L2;UBE2I	7.86272104971476	1.0242292428629098e-56	False	((1.1, 0.720689655172414), array([ 0.01029312, -0.2837851 ]))	False
APOLD1	ENHA_MEF2A;UBE2I	49.5403927706523	1.00591155446173e-44	False	((1.1, -0.12463054187192113), array([ 0.01029312, -0.2837851 ]))	False
APOLD1	ENHA_TCF4;UBE2I	29.950121654218	1.94818348093831e-48	False	((1.1666666666666667, 0.7098522167487686), array([ 0.01029312, -0.2837851 ]))	False
APOLD1	ENHA_MEF2A;UBE2I	49.5403927706523	1.00591155446173e-44	False	((1.1, -0.12463054187192113), array([ 0.01029312, -0.2837851 ]))	False
APOLD1	ENHA_STAT1;UBE2I	20.6011024691633	1.66752744964425e-56	False	((1.1333333333333335, 0.6665024630541874), array([ 0.01029312, -0.2837851 ]))	False
APOLD1	ENHA_TCF7L2;UBE2I	7.86272104971476	1.0242292428629098e-56	False	((1.1, 0.720689655172414), array([ 0.01029312, -0.2837851 ]))	False
APOLD1	ENHA_CREB1;UBE2I	21.6685308303768	2.19272190434241e-79	False	((1.1, -0.9374384236453203), array([ 0.01029312, -0.2837851 ]))	False
APOLD1	ENHA_ATF2;UBE2I	10.4400708415587	2.95285319849659e-70	False	((1.1666666666666667, -1.0783251231527093), array([ 0.01029312, -0.2837851 ]))	False
APOLD1	ENHA_BHLHE40;UBE2I	5.09615584330018	8.09234701911735e-33	False	((1.1, -1.0024630541871922), array([ 0.01029312, -0.2837851 ]))	False
APOLD1	ENHA_TCF7L2;UBE2I	7.86272104971476	1.0242292428629098e-56	False	((1.1, 0.720689655172414), array([ 0.01029312, -0.2837851 ]))	False
APOLD1	ENHA_TFAP2A;UBE2I	48.0052258585525	1.14813468189699e-43	False	((1.1333333333333335, 0.7640394088669953), array([ 0.01029312, -0.2837851 ]))	False
APOLD1	ENHA_MEF2A;UBE2I	49.5403927706523	1.00591155446173e-44	False	((1.1, -0.12463054187192113), array([ 0.01029312, -0.2837851 ]))	False
APOLD1	ENHA_ZBTB26;UBE2I	9.16645526067024	1.13272361167488e-59	False	((1.1666666666666667, 0.9699507389162565), array([ 0.01029312, -0.2837851 ]))	False
APOLD1	ENHA_NR3C1;UBE2I	10.6108123250991	1.3076943099147e-66	False	((1.1666666666666667, 0.18965517241379315), array([ 0.01029312, -0.2837851 ]))	False
APOLD1	ENHA_AR;UBE2I	10.0185965189923	7.97070231297382e-67	False	((1.1, -1.1), array([ 0.01029312, -0.2837851 ]))	False
APOLD1	ENHA_ZBTB26;UBE2I	9.16645526067024	1.13272361167488e-59	False	((1.1666666666666667, 0.9699507389162565), array([ 0.01029312, -0.2837851 ]))	False
APOLD1	ENHA_HSF2;UBE2I	5.09374051575615	7.47872994384561e-36	False	((1.1, -0.4172413793103449), array([ 0.01029312, -0.2837851 ]))	False
APOLD1	ENHA_TFAP2C;UBE2I	15.0874170667872	2.5701375143443797e-55	False	((1.1666666666666667, 0.7748768472906404), array([ 0.01029312, -0.2837851 ]))	False
APOLD1	ENHA_TCF3;UBE2I	26.5163986122355	1.37640484942482e-53	False	((1.1333333333333335, 0.6990147783251233), array([ 0.01029312, -0.2837851 ]))	False
APOLD1	ENHA_TCF4;UBE2I	29.950121654218	1.94818348093831e-48	False	((1.1666666666666667, 0.7098522167487686), array([ 0.01029312, -0.2837851 ]))	False
APOLD1	ENHA_TFAP2A;UBE2I	48.0052258585525	1.14813468189699e-43	False	((1.1333333333333335, 0.7640394088669953), array([ 0.01029312, -0.2837851 ]))	False
APOLD1	ENHA_CREB1;UBE2I	21.6685308303768	2.19272190434241e-79	False	((1.1, -0.9374384236453203), array([ 0.01029312, -0.2837851 ]))	False
APOLD1	ENHA_STAT1;UBE2I	20.6011024691633	1.66752744964425e-56	False	((1.1333333333333335, 0.6665024630541874), array([ 0.01029312, -0.2837851 ]))	False
APOLD1	ENHA_TCF3;UBE2I	26.5163986122355	1.37640484942482e-53	False	((1.1333333333333335, 0.6990147783251233), array([ 0.01029312, -0.2837851 ]))	False
APOLD1	ENHA_TCF4;UBE2I	29.950121654218	1.94818348093831e-48	False	((1.1666666666666667, 0.7098522167487686), array([ 0.01029312, -0.2837851 ]))	False
APOLD1	ENHA_STAT1;UBE2I	20.6011024691633	1.66752744964425e-56	False	((1.1333333333333335, 0.6665024630541874), array([ 0.01029312, -0.2837851 ]))	False
APOLD1	ENHA_MYB;UBE2I	5.33326935755614	9.60163253151193e-37	False	((1.1333333333333335, -0.01625615763546784), array([ 0.01029312, -0.2837851 ]))	False
APOLD1	ENHA_TFAP2C;UBE2I	15.0874170667872	2.5701375143443797e-55	False	((1.1666666666666667, 0.7748768472906404), array([ 0.01029312, -0.2837851 ]))	False
APOLD1	ENHA_TFAP2A;UBE2I	48.0052258585525	1.14813468189699e-43	False	((1.1333333333333335, 0.7640394088669953), array([ 0.01029312, -0.2837851 ]))	False
APOLD1	ENHA_TCF3;UBE2I	26.5163986122355	1.37640484942482e-53	False	((1.1333333333333335, 0.6990147783251233), array([ 0.01029312, -0.2837851 ]))	False
APOLD1	ENHA_TCF4;UBE2I	29.950121654218	1.94818348093831e-48	False	((1.1666666666666667, 0.7098522167487686), array([ 0.01029312, -0.2837851 ]))	False
APOLD1	ENHA_TFAP2A;UBE2I	48.0052258585525	1.14813468189699e-43	False	((1.1333333333333335, 0.7640394088669953), array([ 0.01029312, -0.2837851 ]))	False
APOLD1	ENHA_MEF2A;UBE2I	49.5403927706523	1.00591155446173e-44	False	((1.1, -0.12463054187192113), array([ 0.01029312, -0.2837851 ]))	False
APOLD1	ENHA_TFAP2C;UBE2I	15.0874170667872	2.5701375143443797e-55	False	((1.1666666666666667, 0.7748768472906404), array([ 0.01029312, -0.2837851 ]))	False
APOLD1	ENHA_NR3C1;UBE2I	10.6108123250991	1.3076943099147e-66	False	((1.1666666666666667, 0.18965517241379315), array([ 0.01029312, -0.2837851 ]))	False
APOLD1	ENHA_AR;UBE2I	10.0185965189923	7.97070231297382e-67	False	((1.1, -1.1), array([ 0.01029312, -0.2837851 ]))	False
APOLD1	ENHA_ZBTB26;UBE2I	9.16645526067024	1.13272361167488e-59	False	((1.1666666666666667, 0.9699507389162565), array([ 0.01029312, -0.2837851 ]))	False
APOLD1	ENHA_XBP1;UBE2I	4.42179300943542	1.0709601976499202e-15	False	((1.1333333333333335, 0.926600985221675), array([ 0.01029312, -0.2837851 ]))	False
APOLD1	ENHA_TFAP2C;UBE2I	15.0874170667872	2.5701375143443797e-55	False	((1.1666666666666667, 0.7748768472906404), array([ 0.01029312, -0.2837851 ]))	False
APOLD1	ENHA_TFAP2A;UBE2I	48.0052258585525	1.14813468189699e-43	False	((1.1333333333333335, 0.7640394088669953), array([ 0.01029312, -0.2837851 ]))	False
APOLD1	ENHA_SOX4;UBE2I	10.4585841986321	7.66841808244487e-61	False	((1.1, 0.5581280788177341), array([ 0.01029312, -0.2837851 ]))	False
APOLD1	ENHA_ZBTB26;UBE2I	9.16645526067024	1.13272361167488e-59	False	((1.1666666666666667, 0.9699507389162565), array([ 0.01029312, -0.2837851 ]))	False
APOLD1	ENHA_HSF2;UBE2I	5.09374051575615	7.47872994384561e-36	False	((1.1, -0.4172413793103449), array([ 0.01029312, -0.2837851 ]))	False
APOLD1	ENHA_TCF3;UBE2I	26.5163986122355	1.37640484942482e-53	False	((1.1333333333333335, 0.6990147783251233), array([ 0.01029312, -0.2837851 ]))	False
APOLD1	ENHA_SREBF2;UBE2I	10.6432620975265	1.4157139911753601e-68	False	((1.1666666666666667, 0.6448275862068966), array([ 0.01029312, -0.2837851 ]))	False
APOLD1	ENHA_TCF4;UBE2I	29.950121654218	1.94818348093831e-48	False	((1.1666666666666667, 0.7098522167487686), array([ 0.01029312, -0.2837851 ]))	False
APOLD1	ENHA_ETV6;UBE2I	5.81296235530534	1.29927245379559e-37	False	((1.1666666666666667, -0.7206896551724138), array([ 0.01029312, -0.2837851 ]))	False
APOLD1	ENHA_NR3C1;UBE2I	10.6108123250991	1.3076943099147e-66	False	((1.1666666666666667, 0.18965517241379315), array([ 0.01029312, -0.2837851 ]))	False
APOLD1	ENHA_MEF2A;UBE2I	49.5403927706523	1.00591155446173e-44	False	((1.1, -0.12463054187192113), array([ 0.01029312, -0.2837851 ]))	False
APOLD1	ENHA_AR;UBE2I	10.0185965189923	7.97070231297382e-67	False	((1.1, -1.1), array([ 0.01029312, -0.2837851 ]))	False
APOLD1	ENHA_TCF7L2;UBE2I	7.86272104971476	1.0242292428629098e-56	False	((1.1, 0.720689655172414), array([ 0.01029312, -0.2837851 ]))	False
APOLD1	ENHA_STAT1;UBE2I	20.6011024691633	1.66752744964425e-56	False	((1.1333333333333335, 0.6665024630541874), array([ 0.01029312, -0.2837851 ]))	False
APOLD1	ENHA_ZBTB26;UBE2I	9.16645526067024	1.13272361167488e-59	False	((1.1666666666666667, 0.9699507389162565), array([ 0.01029312, -0.2837851 ]))	False
APOLD1	ENHA_HSF2;UBE2I	5.09374051575615	7.47872994384561e-36	False	((1.1, -0.4172413793103449), array([ 0.01029312, -0.2837851 ]))	False
APOLD1	ENHA_TFAP2C;UBE2I	15.0874170667872	2.5701375143443797e-55	False	((1.1666666666666667, 0.7748768472906404), array([ 0.01029312, -0.2837851 ]))	False
APOLD1	ENHA_STAT1;UBE2I	20.6011024691633	1.66752744964425e-56	False	((1.1333333333333335, 0.6665024630541874), array([ 0.01029312, -0.2837851 ]))	False
APOLD1	ENHA_XBP1;UBE2I	4.42179300943542	1.0709601976499202e-15	False	((1.1333333333333335, 0.926600985221675), array([ 0.01029312, -0.2837851 ]))	False
APOLD1	ENHA_SOX10;UBE2I	7.31511786565081	6.4194906230369995e-52	False	((1.1333333333333335, 0.5364532019704435), array([ 0.01029312, -0.2837851 ]))	False
APOLD1	ENHA_MEF2A;UBE2I	49.5403927706523	1.00591155446173e-44	False	((1.1, -0.12463054187192113), array([ 0.01029312, -0.2837851 ]))	False
APOLD1	ENHA_NFKB2;RELA	5.38615169713083	4.3824778299569105e-35	False	((1.1666666666666667, 0.09211822660098523), array([-0.11101465, -0.0452803 ]))	False
APOLD1	ENHA_TWIST1;RELA	4.58638646457563	1.8405134298091e-32	False	((1.1333333333333335, 0.8940886699507391), array([-0.11101465, -0.0452803 ]))	False
APOLD1	ENHA_NFKB1;RELA	5.59919814728758	3.15111845137219e-28	False	((1.1333333333333335, 0.08128078817733986), array([-0.11101465, -0.0452803 ]))	False
APOLD1	ENHA_STAT1;RELA	5.54534614952022	2.7029253961011103e-32	False	((1.1333333333333335, 0.6665024630541874), array([-0.11101465, -0.0452803 ]))	False
APOLD1	ENHA_SP1;RELA	3.21446875268007	6.18662943643417e-12	False	((1.1666666666666667, 0.5798029556650248), array([-0.11101465, -0.0452803 ]))	False
APOLD1	ENHA_FOS;RELA	5.55745476181654	1.9975326396140397e-40	False	((1.1, -0.7098522167487685), array([-0.11101465, -0.0452803 ]))	False
APOLD1	ENHA_NFKB1;RELA	5.59919814728758	3.15111845137219e-28	False	((1.1333333333333335, 0.08128078817733986), array([-0.11101465, -0.0452803 ]))	False
APOLD1	ENHA_NR4A1;RELA	5.13312766428583	2.67814563607453e-37	False	((1.1333333333333335, 0.2113300492610839), array([-0.11101465, -0.0452803 ]))	False
APOLD1	ENHA_TCF4;RELA	4.2254253876359	6.24935263710057e-22	False	((1.1666666666666667, 0.7098522167487686), array([-0.11101465, -0.0452803 ]))	False
APOLD1	ENHA_STAT3;RELA	7.48617618390881	3.26503674120897e-53	False	((1.1666666666666667, 0.6773399014778327), array([-0.11101465, -0.0452803 ]))	False
APOLD1	ENHA_STAT1;RELA	5.54534614952022	2.7029253961011103e-32	False	((1.1333333333333335, 0.6665024630541874), array([-0.11101465, -0.0452803 ]))	False
APOLD1	ENHA_SP1;RELA	3.21446875268007	6.18662943643417e-12	False	((1.1666666666666667, 0.5798029556650248), array([-0.11101465, -0.0452803 ]))	False
APOLD1	ENHA_ELF3;RELA	5.48990444323975	3.52063698570324e-33	False	((1.1, -0.8073891625615763), array([-0.11101465, -0.0452803 ]))	False
APOLD1	ENHA_GFI1;RELA	4.55567948451425	3.6015277585601e-32	False	((1.1, -0.5798029556650246), array([-0.11101465, -0.0452803 ]))	False
APOLD1	ENHA_SNAI1;RELA	6.02548714217268	1.8442681569938501e-38	False	((1.1666666666666667, 0.5147783251231528), array([-0.11101465, -0.0452803 ]))	False
APOLD1	ENHA_EGR1;RELA	5.87511664491323	5.98344541070775e-31	False	((1.1, -0.8399014778325123), array([-0.11101465, -0.0452803 ]))	False
APOLD1	ENHA_SP1;RELA	3.21446875268007	6.18662943643417e-12	False	((1.1666666666666667, 0.5798029556650248), array([-0.11101465, -0.0452803 ]))	False
APOLD1	ENHA_ELF3;RELA	5.48990444323975	3.52063698570324e-33	False	((1.1, -0.8073891625615763), array([-0.11101465, -0.0452803 ]))	False
APOLD1	ENHA_POU2F1;RELA	3.89194587064491	1.22755752719973e-25	False	((1.1666666666666667, 0.28719211822660107), array([-0.11101465, -0.0452803 ]))	False
APOLD1	ENHA_STAT1;RELA	5.54534614952022	2.7029253961011103e-32	False	((1.1333333333333335, 0.6665024630541874), array([-0.11101465, -0.0452803 ]))	False
APOLD1	ENHA_SNAI1;RELA	6.02548714217268	1.8442681569938501e-38	False	((1.1666666666666667, 0.5147783251231528), array([-0.11101465, -0.0452803 ]))	False
APOLD1	ENHA_NFKB1;RELA	5.59919814728758	3.15111845137219e-28	False	((1.1333333333333335, 0.08128078817733986), array([-0.11101465, -0.0452803 ]))	False
APOLD1	ENHA_TCF4;RELA	4.2254253876359	6.24935263710057e-22	False	((1.1666666666666667, 0.7098522167487686), array([-0.11101465, -0.0452803 ]))	False
APOLD1	ENHA_USF2;RELA	5.86442499046561	8.36456087249072e-42	False	((1.1666666666666667, 0.9049261083743843), array([-0.11101465, -0.0452803 ]))	False
APOLD1	ENHA_TFAP2A;RELA	4.78379044135091	4.84306203915162e-22	False	((1.1333333333333335, 0.7640394088669953), array([-0.11101465, -0.0452803 ]))	False
APOLD1	ENHA_STAT1;RELA	5.54534614952022	2.7029253961011103e-32	False	((1.1333333333333335, 0.6665024630541874), array([-0.11101465, -0.0452803 ]))	False
APOLD1	ENHA_GFI1;RELA	4.55567948451425	3.6015277585601e-32	False	((1.1, -0.5798029556650246), array([-0.11101465, -0.0452803 ]))	False
APOLD1	ENHA_ZBTB7A;RELA	5.75783266416085	2.13957701463311e-41	False	((1.1, 0.9807881773399019), array([-0.11101465, -0.0452803 ]))	False
APOLD1	ENHA_SP1;RELA	3.21446875268007	6.18662943643417e-12	False	((1.1666666666666667, 0.5798029556650248), array([-0.11101465, -0.0452803 ]))	False
APOLD1	ENHA_TWIST1;RELA	4.58638646457563	1.8405134298091e-32	False	((1.1333333333333335, 0.8940886699507391), array([-0.11101465, -0.0452803 ]))	False
APOLD1	ENHA_USF2;RELA	5.86442499046561	8.36456087249072e-42	False	((1.1666666666666667, 0.9049261083743843), array([-0.11101465, -0.0452803 ]))	False
APOLD1	ENHA_POU2F1;RELA	3.89194587064491	1.22755752719973e-25	False	((1.1666666666666667, 0.28719211822660107), array([-0.11101465, -0.0452803 ]))	False
APOLD1	ENHA_REL;RELA	4.28404451487294	8.740412295279e-18	False	((1.1333333333333335, 0.3738916256157636), array([-0.11101465, -0.0452803 ]))	False
APOLD1	ENHA_NFKB1;RELA	5.59919814728758	3.15111845137219e-28	False	((1.1333333333333335, 0.08128078817733986), array([-0.11101465, -0.0452803 ]))	False
APOLD1	ENHA_TFAP2A;RELA	4.78379044135091	4.84306203915162e-22	False	((1.1333333333333335, 0.7640394088669953), array([-0.11101465, -0.0452803 ]))	False
APOLD1	ENHA_SP1;RELA	3.21446875268007	6.18662943643417e-12	False	((1.1666666666666667, 0.5798029556650248), array([-0.11101465, -0.0452803 ]))	False
APOLD1	ENHA_ELF3;RELA	5.48990444323975	3.52063698570324e-33	False	((1.1, -0.8073891625615763), array([-0.11101465, -0.0452803 ]))	False
APOLD1	ENHA_PPARG;RELA	4.9905118159233	2.1429063098389202e-35	False	((1.1666666666666667, 0.31970443349753697), array([-0.11101465, -0.0452803 ]))	False
APOLD1	ENHA_STAT3;RELA	7.48617618390881	3.26503674120897e-53	False	((1.1666666666666667, 0.6773399014778327), array([-0.11101465, -0.0452803 ]))	False
APOLD1	ENHA_SNAI1;RELA	6.02548714217268	1.8442681569938501e-38	False	((1.1666666666666667, 0.5147783251231528), array([-0.11101465, -0.0452803 ]))	False
APOLD1	ENHA_EGR1;RELA	5.87511664491323	5.98344541070775e-31	False	((1.1, -0.8399014778325123), array([-0.11101465, -0.0452803 ]))	False
APOLD1	ENHA_NFKB2;RELA	5.38615169713083	4.3824778299569105e-35	False	((1.1666666666666667, 0.09211822660098523), array([-0.11101465, -0.0452803 ]))	False
APOLD1	ENHA_NFKB1;RELA	5.59919814728758	3.15111845137219e-28	False	((1.1333333333333335, 0.08128078817733986), array([-0.11101465, -0.0452803 ]))	False
APOLD1	ENHA_STAT1;RELA	5.54534614952022	2.7029253961011103e-32	False	((1.1333333333333335, 0.6665024630541874), array([-0.11101465, -0.0452803 ]))	False
APOLD1	ENHA_SP1;RELA	3.21446875268007	6.18662943643417e-12	False	((1.1666666666666667, 0.5798029556650248), array([-0.11101465, -0.0452803 ]))	False
APOLD1	ENHA_SNAI1;RELA	6.02548714217268	1.8442681569938501e-38	False	((1.1666666666666667, 0.5147783251231528), array([-0.11101465, -0.0452803 ]))	False
APOLD1	ENHA_NR3C1;RELA	5.3716346176526	4.05989258253709e-39	False	((1.1666666666666667, 0.18965517241379315), array([-0.11101465, -0.0452803 ]))	False
APOLD1	ENHA_NR4A1;RELA	5.13312766428583	2.67814563607453e-37	False	((1.1333333333333335, 0.2113300492610839), array([-0.11101465, -0.0452803 ]))	False
APOLD1	ENHA_TWIST1;RELA	4.58638646457563	1.8405134298091e-32	False	((1.1333333333333335, 0.8940886699507391), array([-0.11101465, -0.0452803 ]))	False
APOLD1	ENHA_POU2F1;RELA	3.89194587064491	1.22755752719973e-25	False	((1.1666666666666667, 0.28719211822660107), array([-0.11101465, -0.0452803 ]))	False
APOLD1	ENHA_REL;RELA	4.28404451487294	8.740412295279e-18	False	((1.1333333333333335, 0.3738916256157636), array([-0.11101465, -0.0452803 ]))	False
APOLD1	ENHA_NFKB1;RELA	5.59919814728758	3.15111845137219e-28	False	((1.1333333333333335, 0.08128078817733986), array([-0.11101465, -0.0452803 ]))	False
APOLD1	ENHA_GFI1;RELA	4.55567948451425	3.6015277585601e-32	False	((1.1, -0.5798029556650246), array([-0.11101465, -0.0452803 ]))	False
APOLD1	ENHA_TCF4;RELA	4.2254253876359	6.24935263710057e-22	False	((1.1666666666666667, 0.7098522167487686), array([-0.11101465, -0.0452803 ]))	False
APOLD1	ENHA_TFAP2A;RELA	4.78379044135091	4.84306203915162e-22	False	((1.1333333333333335, 0.7640394088669953), array([-0.11101465, -0.0452803 ]))	False
APOLD1	ENHA_SP1;RELA	3.21446875268007	6.18662943643417e-12	False	((1.1666666666666667, 0.5798029556650248), array([-0.11101465, -0.0452803 ]))	False
APOLD1	ENHA_SNAI1;RELA	6.02548714217268	1.8442681569938501e-38	False	((1.1666666666666667, 0.5147783251231528), array([-0.11101465, -0.0452803 ]))	False
APOLD1	ENHA_TCF4;RELA	4.2254253876359	6.24935263710057e-22	False	((1.1666666666666667, 0.7098522167487686), array([-0.11101465, -0.0452803 ]))	False
APOLD1	ENHA_USF2;RELA	5.86442499046561	8.36456087249072e-42	False	((1.1666666666666667, 0.9049261083743843), array([-0.11101465, -0.0452803 ]))	False
APOLD1	ENHA_TFAP2A;RELA	4.78379044135091	4.84306203915162e-22	False	((1.1333333333333335, 0.7640394088669953), array([-0.11101465, -0.0452803 ]))	False
APOLD1	ENHA_SP1;RELA	3.21446875268007	6.18662943643417e-12	False	((1.1666666666666667, 0.5798029556650248), array([-0.11101465, -0.0452803 ]))	False
APOLD1	ENHA_FOS;RELA	5.55745476181654	1.9975326396140397e-40	False	((1.1, -0.7098522167487685), array([-0.11101465, -0.0452803 ]))	False
APOLD1	ENHA_ZBTB7A;RELA	5.75783266416085	2.13957701463311e-41	False	((1.1, 0.9807881773399019), array([-0.11101465, -0.0452803 ]))	False
APOLD1	ENHA_ELF3;RELA	5.48990444323975	3.52063698570324e-33	False	((1.1, -0.8073891625615763), array([-0.11101465, -0.0452803 ]))	False
APOLD1	ENHA_TFAP2A;RELA	4.78379044135091	4.84306203915162e-22	False	((1.1333333333333335, 0.7640394088669953), array([-0.11101465, -0.0452803 ]))	False
APOLD1	ENHA_CEBPB;RELA	5.58893046697129	1.44780417984353e-37	False	((1.1, -0.9699507389162563), array([-0.11101465, -0.0452803 ]))	False
APOLD1	ENHA_KLF6;RELA	5.97303568315601	1.9881049902221397e-40	False	((1.1333333333333335, -0.21133004926108367), array([-0.11101465, -0.0452803 ]))	False
APOLD1	ENHA_ELF3;RELA	5.48990444323975	3.52063698570324e-33	False	((1.1, -0.8073891625615763), array([-0.11101465, -0.0452803 ]))	False
APOLD1	ENHA_EGR1;RELA	5.87511664491323	5.98344541070775e-31	False	((1.1, -0.8399014778325123), array([-0.11101465, -0.0452803 ]))	False
APOLD1	ENHA_USF2;RELA	5.86442499046561	8.36456087249072e-42	False	((1.1666666666666667, 0.9049261083743843), array([-0.11101465, -0.0452803 ]))	False
APOLD1	ENHA_SP1;RELA	3.21446875268007	6.18662943643417e-12	False	((1.1666666666666667, 0.5798029556650248), array([-0.11101465, -0.0452803 ]))	False
APOLD1	ENHA_TCF4;RELA	4.2254253876359	6.24935263710057e-22	False	((1.1666666666666667, 0.7098522167487686), array([-0.11101465, -0.0452803 ]))	False
APOLD1	ENHA_TWIST1;RELA	4.58638646457563	1.8405134298091e-32	False	((1.1333333333333335, 0.8940886699507391), array([-0.11101465, -0.0452803 ]))	False
APOLD1	ENHA_STAT3;RELA	7.48617618390881	3.26503674120897e-53	False	((1.1666666666666667, 0.6773399014778327), array([-0.11101465, -0.0452803 ]))	False
APOLD1	ENHA_EGR1;RELA	5.87511664491323	5.98344541070775e-31	False	((1.1, -0.8399014778325123), array([-0.11101465, -0.0452803 ]))	False
APOLD1	ENHA_TFAP2A;RELA	4.78379044135091	4.84306203915162e-22	False	((1.1333333333333335, 0.7640394088669953), array([-0.11101465, -0.0452803 ]))	False
APOLD1	ENHA_NR3C1;RELA	5.3716346176526	4.05989258253709e-39	False	((1.1666666666666667, 0.18965517241379315), array([-0.11101465, -0.0452803 ]))	False
APOLD1	ENHA_STAT3;RELA	7.48617618390881	3.26503674120897e-53	False	((1.1666666666666667, 0.6773399014778327), array([-0.11101465, -0.0452803 ]))	False
APOLD1	ENHA_ELF3;RELA	5.48990444323975	3.52063698570324e-33	False	((1.1, -0.8073891625615763), array([-0.11101465, -0.0452803 ]))	False
APOLD1	ENHA_TFAP2A;RELA	4.78379044135091	4.84306203915162e-22	False	((1.1333333333333335, 0.7640394088669953), array([-0.11101465, -0.0452803 ]))	False
APOLD1	ENHA_KLF6;RELA	5.97303568315601	1.9881049902221397e-40	False	((1.1333333333333335, -0.21133004926108367), array([-0.11101465, -0.0452803 ]))	False
APOLD1	ENHA_GFI1;RELA	4.55567948451425	3.6015277585601e-32	False	((1.1, -0.5798029556650246), array([-0.11101465, -0.0452803 ]))	False
APOLD1	ENHA_NFKB2;RELA	5.38615169713083	4.3824778299569105e-35	False	((1.1666666666666667, 0.09211822660098523), array([-0.11101465, -0.0452803 ]))	False
APOLD1	ENHA_NFKB1;RELA	5.59919814728758	3.15111845137219e-28	False	((1.1333333333333335, 0.08128078817733986), array([-0.11101465, -0.0452803 ]))	False
APOLD1	ENHA_TWIST1;RELA	4.58638646457563	1.8405134298091e-32	False	((1.1333333333333335, 0.8940886699507391), array([-0.11101465, -0.0452803 ]))	False
APOLD1	ENHA_SNAI1;RELA	6.02548714217268	1.8442681569938501e-38	False	((1.1666666666666667, 0.5147783251231528), array([-0.11101465, -0.0452803 ]))	False
APOLD1	ENHA_NFKB1;RELA	5.59919814728758	3.15111845137219e-28	False	((1.1333333333333335, 0.08128078817733986), array([-0.11101465, -0.0452803 ]))	False
APOLD1	ENHA_TFAP2A;RELA	4.78379044135091	4.84306203915162e-22	False	((1.1333333333333335, 0.7640394088669953), array([-0.11101465, -0.0452803 ]))	False
APOLD1	ENHA_CEBPB;RELA	5.58893046697129	1.44780417984353e-37	False	((1.1, -0.9699507389162563), array([-0.11101465, -0.0452803 ]))	False
APOLD1	ENHA_SP1;RELA	3.21446875268007	6.18662943643417e-12	False	((1.1666666666666667, 0.5798029556650248), array([-0.11101465, -0.0452803 ]))	False
APOLD1	ENHA_ZBTB7A;RELA	5.75783266416085	2.13957701463311e-41	False	((1.1, 0.9807881773399019), array([-0.11101465, -0.0452803 ]))	False
APOLD1	ENHA_EGR1;RELA	5.87511664491323	5.98344541070775e-31	False	((1.1, -0.8399014778325123), array([-0.11101465, -0.0452803 ]))	False
APOLD1	ENHA_IRF5;RELA	3.74692027713006	2.1718249516217802e-17	False	((1.1333333333333335, -0.3738916256157635), array([-0.11101465, -0.0452803 ]))	False
APOLD1	ENHA_TFAP2A;RELA	4.78379044135091	4.84306203915162e-22	False	((1.1333333333333335, 0.7640394088669953), array([-0.11101465, -0.0452803 ]))	False
APOLD1	ENHA_SP1;RELA	3.21446875268007	6.18662943643417e-12	False	((1.1666666666666667, 0.5798029556650248), array([-0.11101465, -0.0452803 ]))	False
APOLD1	ENHA_NFKB2;RELA	5.38615169713083	4.3824778299569105e-35	False	((1.1666666666666667, 0.09211822660098523), array([-0.11101465, -0.0452803 ]))	False
APOLD1	ENHA_NFKB1;RELA	5.59919814728758	3.15111845137219e-28	False	((1.1333333333333335, 0.08128078817733986), array([-0.11101465, -0.0452803 ]))	False
APOLD1	ENHA_TFAP2A;RELA	4.78379044135091	4.84306203915162e-22	False	((1.1333333333333335, 0.7640394088669953), array([-0.11101465, -0.0452803 ]))	False
APOLD1	ENHA_CEBPB;RELA	5.58893046697129	1.44780417984353e-37	False	((1.1, -0.9699507389162563), array([-0.11101465, -0.0452803 ]))	False
APOLD1	ENHA_STAT1;RELA	5.54534614952022	2.7029253961011103e-32	False	((1.1333333333333335, 0.6665024630541874), array([-0.11101465, -0.0452803 ]))	False
APOLD1	ENHA_KLF6;RELA	5.97303568315601	1.9881049902221397e-40	False	((1.1333333333333335, -0.21133004926108367), array([-0.11101465, -0.0452803 ]))	False
APOLD1	ENHA_TFAP2A;RELA	4.78379044135091	4.84306203915162e-22	False	((1.1333333333333335, 0.7640394088669953), array([-0.11101465, -0.0452803 ]))	False
APOLD1	ENHA_SP1;RELA	3.21446875268007	6.18662943643417e-12	False	((1.1666666666666667, 0.5798029556650248), array([-0.11101465, -0.0452803 ]))	False
APOLD1	ENHA_TCF4;RELA	4.2254253876359	6.24935263710057e-22	False	((1.1666666666666667, 0.7098522167487686), array([-0.11101465, -0.0452803 ]))	False
APOLD1	ENHA_NR4A1;RELA	5.13312766428583	2.67814563607453e-37	False	((1.1333333333333335, 0.2113300492610839), array([-0.11101465, -0.0452803 ]))	False
APOLD1	ENHA_NFKB2;RELA	5.38615169713083	4.3824778299569105e-35	False	((1.1666666666666667, 0.09211822660098523), array([-0.11101465, -0.0452803 ]))	False
APOLD1	ENHA_EGR1;RELA	5.87511664491323	5.98344541070775e-31	False	((1.1, -0.8399014778325123), array([-0.11101465, -0.0452803 ]))	False
APOLD1	ENHA_NFKB1;RELA	5.59919814728758	3.15111845137219e-28	False	((1.1333333333333335, 0.08128078817733986), array([-0.11101465, -0.0452803 ]))	False
APOLD1	ENHA_TCF4;RELA	4.2254253876359	6.24935263710057e-22	False	((1.1666666666666667, 0.7098522167487686), array([-0.11101465, -0.0452803 ]))	False
APOLD1	ENHA_NR4A1;RELA	5.13312766428583	2.67814563607453e-37	False	((1.1333333333333335, 0.2113300492610839), array([-0.11101465, -0.0452803 ]))	False
APOLD1	ENHA_TCF4;RELA	4.2254253876359	6.24935263710057e-22	False	((1.1666666666666667, 0.7098522167487686), array([-0.11101465, -0.0452803 ]))	False
APOLD1	ENHA_STAT1;RELA	5.54534614952022	2.7029253961011103e-32	False	((1.1333333333333335, 0.6665024630541874), array([-0.11101465, -0.0452803 ]))	False
APOLD1	ENHA_EGR1;RELA	5.87511664491323	5.98344541070775e-31	False	((1.1, -0.8399014778325123), array([-0.11101465, -0.0452803 ]))	False
APOLD1	ENHA_NFKB1;RELA	5.59919814728758	3.15111845137219e-28	False	((1.1333333333333335, 0.08128078817733986), array([-0.11101465, -0.0452803 ]))	False
APOLD1	ENHA_ELF3;RELA	5.48990444323975	3.52063698570324e-33	False	((1.1, -0.8073891625615763), array([-0.11101465, -0.0452803 ]))	False
APOLD1	ENHA_NFKB2;RELA	5.38615169713083	4.3824778299569105e-35	False	((1.1666666666666667, 0.09211822660098523), array([-0.11101465, -0.0452803 ]))	False
APOLD1	ENHA_NFKB1;RELA	5.59919814728758	3.15111845137219e-28	False	((1.1333333333333335, 0.08128078817733986), array([-0.11101465, -0.0452803 ]))	False
APOLD1	ENHA_TCF4;RELA	4.2254253876359	6.24935263710057e-22	False	((1.1666666666666667, 0.7098522167487686), array([-0.11101465, -0.0452803 ]))	False
APOLD1	ENHA_STAT1;RELA	5.54534614952022	2.7029253961011103e-32	False	((1.1333333333333335, 0.6665024630541874), array([-0.11101465, -0.0452803 ]))	False
APOLD1	ENHA_NR4A1;RELA	5.13312766428583	2.67814563607453e-37	False	((1.1333333333333335, 0.2113300492610839), array([-0.11101465, -0.0452803 ]))	False
APOLD1	ENHA_GFI1;RELA	4.55567948451425	3.6015277585601e-32	False	((1.1, -0.5798029556650246), array([-0.11101465, -0.0452803 ]))	False
APOLD1	ENHA_EGR1;RELA	5.87511664491323	5.98344541070775e-31	False	((1.1, -0.8399014778325123), array([-0.11101465, -0.0452803 ]))	False
APOLD1	ENHA_ATF3;RELA	5.39888138327204	1.35686488428629e-32	False	((1.1, -1.0674876847290642), array([-0.11101465, -0.0452803 ]))	False
APOLD1	ENHA_NR4A1;RELA	5.13312766428583	2.67814563607453e-37	False	((1.1333333333333335, 0.2113300492610839), array([-0.11101465, -0.0452803 ]))	False
APOLD1	ENHA_KLF6;RELA	5.97303568315601	1.9881049902221397e-40	False	((1.1333333333333335, -0.21133004926108367), array([-0.11101465, -0.0452803 ]))	False
APOLD1	ENHA_TFAP2A;RELA	4.78379044135091	4.84306203915162e-22	False	((1.1333333333333335, 0.7640394088669953), array([-0.11101465, -0.0452803 ]))	False
APOLD1	ENHA_CEBPB;RELA	5.58893046697129	1.44780417984353e-37	False	((1.1, -0.9699507389162563), array([-0.11101465, -0.0452803 ]))	False
APOLD1	ENHA_NR4A1;RELA	5.13312766428583	2.67814563607453e-37	False	((1.1333333333333335, 0.2113300492610839), array([-0.11101465, -0.0452803 ]))	False
APOLD1	ENHA_NFKB2;RELA	5.38615169713083	4.3824778299569105e-35	False	((1.1666666666666667, 0.09211822660098523), array([-0.11101465, -0.0452803 ]))	False
APOLD1	ENHA_NR3C1;RELA	5.3716346176526	4.05989258253709e-39	False	((1.1666666666666667, 0.18965517241379315), array([-0.11101465, -0.0452803 ]))	False
APOLD1	ENHA_CEBPB;RELA	5.58893046697129	1.44780417984353e-37	False	((1.1, -0.9699507389162563), array([-0.11101465, -0.0452803 ]))	False
APOLD1	ENHA_SP1;RELA	3.21446875268007	6.18662943643417e-12	False	((1.1666666666666667, 0.5798029556650248), array([-0.11101465, -0.0452803 ]))	False
APOLD1	ENHA_NR4A1;RELA	5.13312766428583	2.67814563607453e-37	False	((1.1333333333333335, 0.2113300492610839), array([-0.11101465, -0.0452803 ]))	False
APOLD1	ENHA_SNAI1;RELA	6.02548714217268	1.8442681569938501e-38	False	((1.1666666666666667, 0.5147783251231528), array([-0.11101465, -0.0452803 ]))	False
APOLD1	ENHA_TCF4;RELA	4.2254253876359	6.24935263710057e-22	False	((1.1666666666666667, 0.7098522167487686), array([-0.11101465, -0.0452803 ]))	False
APOLD1	ENHA_USF2;RELA	5.86442499046561	8.36456087249072e-42	False	((1.1666666666666667, 0.9049261083743843), array([-0.11101465, -0.0452803 ]))	False
APOLD1	ENHA_TFAP2A;RELA	4.78379044135091	4.84306203915162e-22	False	((1.1333333333333335, 0.7640394088669953), array([-0.11101465, -0.0452803 ]))	False
APOLD1	ENHA_STAT1;RELA	5.54534614952022	2.7029253961011103e-32	False	((1.1333333333333335, 0.6665024630541874), array([-0.11101465, -0.0452803 ]))	False
APOLD1	ENHA_NFKB2;RELA	5.38615169713083	4.3824778299569105e-35	False	((1.1666666666666667, 0.09211822660098523), array([-0.11101465, -0.0452803 ]))	False
APOLD1	ENHA_TCF4;RELA	4.2254253876359	6.24935263710057e-22	False	((1.1666666666666667, 0.7098522167487686), array([-0.11101465, -0.0452803 ]))	False
APOLD1	ENHA_STAT1;RELA	5.54534614952022	2.7029253961011103e-32	False	((1.1333333333333335, 0.6665024630541874), array([-0.11101465, -0.0452803 ]))	False
APOLD1	ENHA_SNAI1;RELA	6.02548714217268	1.8442681569938501e-38	False	((1.1666666666666667, 0.5147783251231528), array([-0.11101465, -0.0452803 ]))	False
APOLD1	ENHA_FOS;RELA	5.55745476181654	1.9975326396140397e-40	False	((1.1, -0.7098522167487685), array([-0.11101465, -0.0452803 ]))	False
APOLD1	ENHA_KLF6;RELA	5.97303568315601	1.9881049902221397e-40	False	((1.1333333333333335, -0.21133004926108367), array([-0.11101465, -0.0452803 ]))	False
APOLD1	ENHA_EGR1;RELA	5.87511664491323	5.98344541070775e-31	False	((1.1, -0.8399014778325123), array([-0.11101465, -0.0452803 ]))	False
APOLD1	ENHA_TFAP2A;RELA	4.78379044135091	4.84306203915162e-22	False	((1.1333333333333335, 0.7640394088669953), array([-0.11101465, -0.0452803 ]))	False
APOLD1	ENHA_SP1;RELA	3.21446875268007	6.18662943643417e-12	False	((1.1666666666666667, 0.5798029556650248), array([-0.11101465, -0.0452803 ]))	False
APOLD1	ENHA_NFKB2;RELA	5.38615169713083	4.3824778299569105e-35	False	((1.1666666666666667, 0.09211822660098523), array([-0.11101465, -0.0452803 ]))	False
APOLD1	ENHA_TCF4;RELA	4.2254253876359	6.24935263710057e-22	False	((1.1666666666666667, 0.7098522167487686), array([-0.11101465, -0.0452803 ]))	False
APOLD1	ENHA_TFAP2A;RELA	4.78379044135091	4.84306203915162e-22	False	((1.1333333333333335, 0.7640394088669953), array([-0.11101465, -0.0452803 ]))	False
APOLD1	ENHA_TWIST1;RELA	4.58638646457563	1.8405134298091e-32	False	((1.1333333333333335, 0.8940886699507391), array([-0.11101465, -0.0452803 ]))	False
APOLD1	ENHA_NR3C1;RELA	5.3716346176526	4.05989258253709e-39	False	((1.1666666666666667, 0.18965517241379315), array([-0.11101465, -0.0452803 ]))	False
APOLD1	ENHA_EGR1;RELA	5.87511664491323	5.98344541070775e-31	False	((1.1, -0.8399014778325123), array([-0.11101465, -0.0452803 ]))	False
APOLD1	ENHA_SP1;RELA	3.21446875268007	6.18662943643417e-12	False	((1.1666666666666667, 0.5798029556650248), array([-0.11101465, -0.0452803 ]))	False
APOLD1	ENHA_ZBTB7A;RELA	5.75783266416085	2.13957701463311e-41	False	((1.1, 0.9807881773399019), array([-0.11101465, -0.0452803 ]))	False
APOLD1	ENHA_EGR1;RELA	5.87511664491323	5.98344541070775e-31	False	((1.1, -0.8399014778325123), array([-0.11101465, -0.0452803 ]))	False
APOLD1	ENHA_PPARG;RELA	4.9905118159233	2.1429063098389202e-35	False	((1.1666666666666667, 0.31970443349753697), array([-0.11101465, -0.0452803 ]))	False
APOLD1	ENHA_NFKB1;RELA	5.59919814728758	3.15111845137219e-28	False	((1.1333333333333335, 0.08128078817733986), array([-0.11101465, -0.0452803 ]))	False
APOLD1	ENHA_TFAP2A;RELA	4.78379044135091	4.84306203915162e-22	False	((1.1333333333333335, 0.7640394088669953), array([-0.11101465, -0.0452803 ]))	False
APOLD1	ENHA_KLF6;RELA	5.97303568315601	1.9881049902221397e-40	False	((1.1333333333333335, -0.21133004926108367), array([-0.11101465, -0.0452803 ]))	False
APOLD1	ENHA_NFKB2;RELA	5.38615169713083	4.3824778299569105e-35	False	((1.1666666666666667, 0.09211822660098523), array([-0.11101465, -0.0452803 ]))	False
APOLD1	ENHA_EGR1;RELA	5.87511664491323	5.98344541070775e-31	False	((1.1, -0.8399014778325123), array([-0.11101465, -0.0452803 ]))	False
APOLD1	ENHA_NFKB1;RELA	5.59919814728758	3.15111845137219e-28	False	((1.1333333333333335, 0.08128078817733986), array([-0.11101465, -0.0452803 ]))	False
APOLD1	ENHA_CEBPB;RELA	5.58893046697129	1.44780417984353e-37	False	((1.1, -0.9699507389162563), array([-0.11101465, -0.0452803 ]))	False
APOLD1	ENHA_SP1;RELA	3.21446875268007	6.18662943643417e-12	False	((1.1666666666666667, 0.5798029556650248), array([-0.11101465, -0.0452803 ]))	False
APOLD1	ENHA_TCF4;RELA	4.2254253876359	6.24935263710057e-22	False	((1.1666666666666667, 0.7098522167487686), array([-0.11101465, -0.0452803 ]))	False
APOLD1	ENHA_ELF3;RELA	5.48990444323975	3.52063698570324e-33	False	((1.1, -0.8073891625615763), array([-0.11101465, -0.0452803 ]))	False
APOLD1	ENHA_ZBTB7A;RELA	5.75783266416085	2.13957701463311e-41	False	((1.1, 0.9807881773399019), array([-0.11101465, -0.0452803 ]))	False
APOLD1	ENHA_NFKB1;RELA	5.59919814728758	3.15111845137219e-28	False	((1.1333333333333335, 0.08128078817733986), array([-0.11101465, -0.0452803 ]))	False
APOLD1	ENHA_STAT3;RELA	7.48617618390881	3.26503674120897e-53	False	((1.1666666666666667, 0.6773399014778327), array([-0.11101465, -0.0452803 ]))	False
APOLD1	ENHA_GFI1;RELA	4.55567948451425	3.6015277585601e-32	False	((1.1, -0.5798029556650246), array([-0.11101465, -0.0452803 ]))	False
APOLD1	ENHA_NR3C1;RELA	5.3716346176526	4.05989258253709e-39	False	((1.1666666666666667, 0.18965517241379315), array([-0.11101465, -0.0452803 ]))	False
APOLD1	ENHA_SP1;RELA	3.21446875268007	6.18662943643417e-12	False	((1.1666666666666667, 0.5798029556650248), array([-0.11101465, -0.0452803 ]))	False
APOLD1	ENHA_NR4A1;RELA	5.13312766428583	2.67814563607453e-37	False	((1.1333333333333335, 0.2113300492610839), array([-0.11101465, -0.0452803 ]))	False
APOLD1	ENHA_STAT3;RELA	7.48617618390881	3.26503674120897e-53	False	((1.1666666666666667, 0.6773399014778327), array([-0.11101465, -0.0452803 ]))	False
APOLD1	ENHA_STAT1;RELA	5.54534614952022	2.7029253961011103e-32	False	((1.1333333333333335, 0.6665024630541874), array([-0.11101465, -0.0452803 ]))	False
APOLD1	ENHA_NR4A1;RELA	5.13312766428583	2.67814563607453e-37	False	((1.1333333333333335, 0.2113300492610839), array([-0.11101465, -0.0452803 ]))	False
APOLD1	ENHA_NFKB2;RELA	5.38615169713083	4.3824778299569105e-35	False	((1.1666666666666667, 0.09211822660098523), array([-0.11101465, -0.0452803 ]))	False
APOLD1	ENHA_STAT1;RELA	5.54534614952022	2.7029253961011103e-32	False	((1.1333333333333335, 0.6665024630541874), array([-0.11101465, -0.0452803 ]))	False
APOLD1	ENHA_NR4A1;RELA	5.13312766428583	2.67814563607453e-37	False	((1.1333333333333335, 0.2113300492610839), array([-0.11101465, -0.0452803 ]))	False
APOLD1	PROM_ZBTB7A;RELA	2.22242369491605	2.79394518908938e-10	False	((-1.1, 0.9086956521739129), array([-0.11101465, -0.0452803 ]))	False
APOLD1	PROM_EGR1;RELA	3.3129267887324	2.41339116700486e-13	False	((-1.1, -1.1), array([-0.11101465, -0.0452803 ]))	False
APOLD1	ENHA_NFKB1;PROM_SP1	11.1640407669263	3.1944476591402303e-60	False	((1.1333333333333335, 0.08128078817733986), (-1.1333333333333335, 0.14347826086956506))	False
APOLD1	ENHA_MEF2C;PROM_SP1	8.72763371599343	1.0123517389826199e-56	False	((1.1333333333333335, -0.11379310344827587), (-1.1333333333333335, 0.14347826086956506))	False
APOLD1	ENHA_MEF2D;PROM_SP1	7.02692702686514	8.67165321415913e-50	False	((1.1666666666666667, -0.1029556650246305), (-1.1333333333333335, 0.14347826086956506))	False
APOLD1	ENHA_EGR1;PROM_SP1	23.0739426184697	5.46456795653555e-74	False	((1.1, -0.8399014778325123), (-1.1333333333333335, 0.14347826086956506))	False
APOLD1	ENHA_NFYA;PROM_SP1	8.30214426125967	1.5018070456504199e-55	False	((1.1, 0.1029556650246306), (-1.1333333333333335, 0.14347826086956506))	False
APOLD1	ENHA_NFYC;PROM_SP1	6.85870608992431	8.47729409496361e-34	False	((1.1666666666666667, 0.12463054187192135), (-1.1333333333333335, 0.14347826086956506))	False
APOLD1	ENHA_RARA;PROM_SP1	7.30891287415237	6.07619127290876e-53	False	((1.1666666666666667, 0.3522167487684731), (-1.1333333333333335, 0.14347826086956506))	False
APOLD1	ENHA_GABPA;PROM_SP1	9.64070003325083	5.16776975299254e-66	False	((1.1666666666666667, -0.6231527093596059), (-1.1333333333333335, 0.14347826086956506))	False
APOLD1	ENHA_POU2F1;PROM_SP1	5.85200691990621	7.12629417110435e-39	False	((1.1666666666666667, 0.28719211822660107), (-1.1333333333333335, 0.14347826086956506))	False
APOLD1	ENHA_JUN;PROM_SP1	8.5659838630081	1.7797051199789299e-50	False	((1.1666666666666667, -0.33054187192118223), (-1.1333333333333335, 0.14347826086956506))	False
APOLD1	ENHA_ESR2;PROM_SP1	8.36054541549508	8.414245683868081e-60	False	((1.1, -0.7748768472906404), (-1.1333333333333335, 0.14347826086956506))	False
APOLD1	ENHA_NFKB1;PROM_SP1	11.1640407669263	3.1944476591402303e-60	False	((1.1333333333333335, 0.08128078817733986), (-1.1333333333333335, 0.14347826086956506))	False
APOLD1	ENHA_TFAP2A;PROM_SP1	22.1750023076909	1.13080840481047e-71	False	((1.1333333333333335, 0.7640394088669953), (-1.1333333333333335, 0.14347826086956506))	False
APOLD1	ENHA_GATA6;PROM_SP1	5.62189549664377	9.27253899136727e-40	False	((1.1666666666666667, -0.59064039408867), (-1.1333333333333335, 0.14347826086956506))	False
APOLD1	ENHA_ESR2;PROM_SP1	8.36054541549508	8.414245683868081e-60	False	((1.1, -0.7748768472906404), (-1.1333333333333335, 0.14347826086956506))	False
APOLD1	ENHA_GABPA;PROM_SP1	9.64070003325083	5.16776975299254e-66	False	((1.1666666666666667, -0.6231527093596059), (-1.1333333333333335, 0.14347826086956506))	False
APOLD1	ENHA_PPARG;PROM_SP1	5.58833444458645	8.86897515738948e-32	False	((1.1666666666666667, 0.31970443349753697), (-1.1333333333333335, 0.14347826086956506))	False
APOLD1	ENHA_STAT3;PROM_SP1	7.3113762132851	9.748859651912791e-52	False	((1.1666666666666667, 0.6773399014778327), (-1.1333333333333335, 0.14347826086956506))	False
APOLD1	ENHA_TP53;PROM_SP1	8.68850944496644	1.3601737705371101e-61	False	((1.1666666666666667, 0.8724137931034484), (-1.1333333333333335, 0.14347826086956506))	False
APOLD1	ENHA_SREBF2;PROM_SP1	8.12936870870043	1.36382592574289e-52	False	((1.1666666666666667, 0.6448275862068966), (-1.1333333333333335, 0.14347826086956506))	False
APOLD1	ENHA_AR;PROM_SP1	8.3311171204293	6.854084958484199e-56	False	((1.1, -1.1), (-1.1333333333333335, 0.14347826086956506))	False
APOLD1	ENHA_SREBF1;PROM_SP1	6.12956119330054	4.34244861108109e-43	False	((1.1333333333333335, 0.6339901477832512), (-1.1333333333333335, 0.14347826086956506))	False
APOLD1	ENHA_POU2F1;PROM_SP1	5.85200691990621	7.12629417110435e-39	False	((1.1666666666666667, 0.28719211822660107), (-1.1333333333333335, 0.14347826086956506))	False
APOLD1	ENHA_MEF2C;PROM_SP1	8.72763371599343	1.0123517389826199e-56	False	((1.1333333333333335, -0.11379310344827587), (-1.1333333333333335, 0.14347826086956506))	False
APOLD1	ENHA_MEF2D;PROM_SP1	7.02692702686514	8.67165321415913e-50	False	((1.1666666666666667, -0.1029556650246305), (-1.1333333333333335, 0.14347826086956506))	False
APOLD1	ENHA_RARA;PROM_SP1	7.30891287415237	6.07619127290876e-53	False	((1.1666666666666667, 0.3522167487684731), (-1.1333333333333335, 0.14347826086956506))	False
APOLD1	ENHA_NFKB1;PROM_SP1	11.1640407669263	3.1944476591402303e-60	False	((1.1333333333333335, 0.08128078817733986), (-1.1333333333333335, 0.14347826086956506))	False
APOLD1	ELF1;PROM_SP1	5.38818458981762	1.20832154346778e-33	False	(array([-0.84593553,  0.15623841]), (-1.1333333333333335, 0.14347826086956506))	False
APOLD1	ENHA_SP3;PROM_SP1	18.4165683364645	5.60173552229717e-81	False	((1.1333333333333335, 0.6014778325123153), (-1.1333333333333335, 0.14347826086956506))	False
APOLD1	ENHA_KLF4;PROM_SP1	40.5777002046527	1.53839777836154e-81	False	((1.1666666666666667, -0.23300492610837442), (-1.1333333333333335, 0.14347826086956506))	False
APOLD1	ENHA_TFAP2A;PROM_SP1	22.1750023076909	1.13080840481047e-71	False	((1.1333333333333335, 0.7640394088669953), (-1.1333333333333335, 0.14347826086956506))	False
APOLD1	ENHA_KLF4;PROM_SP1	40.5777002046527	1.53839777836154e-81	False	((1.1666666666666667, -0.23300492610837442), (-1.1333333333333335, 0.14347826086956506))	False
APOLD1	ENHA_TFAP2A;PROM_SP1	22.1750023076909	1.13080840481047e-71	False	((1.1333333333333335, 0.7640394088669953), (-1.1333333333333335, 0.14347826086956506))	False
APOLD1	ENHA_HIF1A;PROM_SP1	8.61670004834376	6.814112500030299e-35	False	((1.1, -0.5147783251231527), (-1.1333333333333335, 0.14347826086956506))	False
APOLD1	ENHA_MEF2C;PROM_SP1	8.72763371599343	1.0123517389826199e-56	False	((1.1333333333333335, -0.11379310344827587), (-1.1333333333333335, 0.14347826086956506))	False
APOLD1	ENHA_MYC;PROM_SP1	6.228260334346	6.0901767081487096e-34	False	((1.1666666666666667, -0.005418719211822687), (-1.1333333333333335, 0.14347826086956506))	False
APOLD1	ENHA_SP3;PROM_SP1	18.4165683364645	5.60173552229717e-81	False	((1.1333333333333335, 0.6014778325123153), (-1.1333333333333335, 0.14347826086956506))	False
APOLD1	ENHA_EGR1;PROM_SP1	23.0739426184697	5.46456795653555e-74	False	((1.1, -0.8399014778325123), (-1.1333333333333335, 0.14347826086956506))	False
APOLD1	ENHA_KLF4;PROM_SP1	40.5777002046527	1.53839777836154e-81	False	((1.1666666666666667, -0.23300492610837442), (-1.1333333333333335, 0.14347826086956506))	False
APOLD1	ENHA_AR;PROM_SP1	8.3311171204293	6.854084958484199e-56	False	((1.1, -1.1), (-1.1333333333333335, 0.14347826086956506))	False
APOLD1	ENHA_GABPA;PROM_SP1	9.64070003325083	5.16776975299254e-66	False	((1.1666666666666667, -0.6231527093596059), (-1.1333333333333335, 0.14347826086956506))	False
APOLD1	ENHA_STAT3;PROM_SP1	7.3113762132851	9.748859651912791e-52	False	((1.1666666666666667, 0.6773399014778327), (-1.1333333333333335, 0.14347826086956506))	False
APOLD1	ENHA_GATA6;PROM_SP1	5.62189549664377	9.27253899136727e-40	False	((1.1666666666666667, -0.59064039408867), (-1.1333333333333335, 0.14347826086956506))	False
APOLD1	ENHA_STAT3;PROM_SP1	7.3113762132851	9.748859651912791e-52	False	((1.1666666666666667, 0.6773399014778327), (-1.1333333333333335, 0.14347826086956506))	False
APOLD1	ENHA_GABPA;PROM_SP1	9.64070003325083	5.16776975299254e-66	False	((1.1666666666666667, -0.6231527093596059), (-1.1333333333333335, 0.14347826086956506))	False
APOLD1	ENHA_KLF6;PROM_SP1	9.07933286189577	5.07716552162781e-64	False	((1.1333333333333335, -0.21133004926108367), (-1.1333333333333335, 0.14347826086956506))	False
APOLD1	ENHA_KLF10;PROM_SP1	8.94361220832052	3.34006455428309e-63	False	((1.1666666666666667, -0.29802955665024633), (-1.1333333333333335, 0.14347826086956506))	False
APOLD1	ENHA_NFKB1;PROM_SP1	11.1640407669263	3.1944476591402303e-60	False	((1.1333333333333335, 0.08128078817733986), (-1.1333333333333335, 0.14347826086956506))	False
APOLD1	ENHA_MEF2D;PROM_SP1	7.02692702686514	8.67165321415913e-50	False	((1.1666666666666667, -0.1029556650246305), (-1.1333333333333335, 0.14347826086956506))	False
APOLD1	ENHA_TFAP2A;PROM_SP1	22.1750023076909	1.13080840481047e-71	False	((1.1333333333333335, 0.7640394088669953), (-1.1333333333333335, 0.14347826086956506))	False
APOLD1	ENHA_EGR1;PROM_SP1	23.0739426184697	5.46456795653555e-74	False	((1.1, -0.8399014778325123), (-1.1333333333333335, 0.14347826086956506))	False
APOLD1	ENHA_KLF4;PROM_SP1	40.5777002046527	1.53839777836154e-81	False	((1.1666666666666667, -0.23300492610837442), (-1.1333333333333335, 0.14347826086956506))	False
APOLD1	ENHA_TFAP2A;PROM_SP1	22.1750023076909	1.13080840481047e-71	False	((1.1333333333333335, 0.7640394088669953), (-1.1333333333333335, 0.14347826086956506))	False
APOLD1	ENHA_SREBF2;PROM_SP1	8.12936870870043	1.36382592574289e-52	False	((1.1666666666666667, 0.6448275862068966), (-1.1333333333333335, 0.14347826086956506))	False
APOLD1	ENHA_NFKB1;PROM_SP1	11.1640407669263	3.1944476591402303e-60	False	((1.1333333333333335, 0.08128078817733986), (-1.1333333333333335, 0.14347826086956506))	False
APOLD1	ENHA_TP53;PROM_SP1	8.68850944496644	1.3601737705371101e-61	False	((1.1666666666666667, 0.8724137931034484), (-1.1333333333333335, 0.14347826086956506))	False
APOLD1	CCNA2;PROM_SP1	10.2123939198816	1.8876421662536398e-69	False	(array([ 0.97890237, -0.02252194]), (-1.1333333333333335, 0.14347826086956506))	False
APOLD1	ENHA_SP3;PROM_SP1	18.4165683364645	5.60173552229717e-81	False	((1.1333333333333335, 0.6014778325123153), (-1.1333333333333335, 0.14347826086956506))	False
APOLD1	ENHA_KLF4;PROM_SP1	40.5777002046527	1.53839777836154e-81	False	((1.1666666666666667, -0.23300492610837442), (-1.1333333333333335, 0.14347826086956506))	False
APOLD1	ENHA_TFAP2A;PROM_SP1	22.1750023076909	1.13080840481047e-71	False	((1.1333333333333335, 0.7640394088669953), (-1.1333333333333335, 0.14347826086956506))	False
APOLD1	ENHA_TP53;PROM_SP1	8.68850944496644	1.3601737705371101e-61	False	((1.1666666666666667, 0.8724137931034484), (-1.1333333333333335, 0.14347826086956506))	False
APOLD1	DROSHA;PROM_SP1	10.4970301672065	1.14265031820053e-71	False	(array([-0.96604096,  0.2607833 ]), (-1.1333333333333335, 0.14347826086956506))	False
APOLD1	ENHA_MEF2D;PROM_SP1	7.02692702686514	8.67165321415913e-50	False	((1.1666666666666667, -0.1029556650246305), (-1.1333333333333335, 0.14347826086956506))	False
APOLD1	ENHA_AR;PROM_SP1	8.3311171204293	6.854084958484199e-56	False	((1.1, -1.1), (-1.1333333333333335, 0.14347826086956506))	False
APOLD1	ENHA_NFKB1;PROM_SP1	11.1640407669263	3.1944476591402303e-60	False	((1.1333333333333335, 0.08128078817733986), (-1.1333333333333335, 0.14347826086956506))	False
APOLD1	ENHA_RARA;PROM_SP1	7.30891287415237	6.07619127290876e-53	False	((1.1666666666666667, 0.3522167487684731), (-1.1333333333333335, 0.14347826086956506))	False
APOLD1	ENHA_MEF2C;PROM_SP1	8.72763371599343	1.0123517389826199e-56	False	((1.1333333333333335, -0.11379310344827587), (-1.1333333333333335, 0.14347826086956506))	False
APOLD1	ENHA_MEF2D;PROM_SP1	7.02692702686514	8.67165321415913e-50	False	((1.1666666666666667, -0.1029556650246305), (-1.1333333333333335, 0.14347826086956506))	False
APOLD1	ENHA_TP53;PROM_SP1	8.68850944496644	1.3601737705371101e-61	False	((1.1666666666666667, 0.8724137931034484), (-1.1333333333333335, 0.14347826086956506))	False
APOLD1	ENHA_GATA6;PROM_SP1	5.62189549664377	9.27253899136727e-40	False	((1.1666666666666667, -0.59064039408867), (-1.1333333333333335, 0.14347826086956506))	False
APOLD1	ENHA_MEF2D;PROM_SP1	7.02692702686514	8.67165321415913e-50	False	((1.1666666666666667, -0.1029556650246305), (-1.1333333333333335, 0.14347826086956506))	False
APOLD1	ENHA_RARA;PROM_SP1	7.30891287415237	6.07619127290876e-53	False	((1.1666666666666667, 0.3522167487684731), (-1.1333333333333335, 0.14347826086956506))	False
APOLD1	ENHA_GATA6;PROM_SP1	5.62189549664377	9.27253899136727e-40	False	((1.1666666666666667, -0.59064039408867), (-1.1333333333333335, 0.14347826086956506))	False
APOLD1	ENHA_NFKB1;PROM_SP1	11.1640407669263	3.1944476591402303e-60	False	((1.1333333333333335, 0.08128078817733986), (-1.1333333333333335, 0.14347826086956506))	False
APOLD1	ENHA_MEF2C;PROM_SP1	8.72763371599343	1.0123517389826199e-56	False	((1.1333333333333335, -0.11379310344827587), (-1.1333333333333335, 0.14347826086956506))	False
APOLD1	ENHA_MEF2D;PROM_SP1	7.02692702686514	8.67165321415913e-50	False	((1.1666666666666667, -0.1029556650246305), (-1.1333333333333335, 0.14347826086956506))	False
APOLD1	PPIG;PROM_SP1	10.5448059002527	1.62457835266642e-63	False	(array([-0.92823149, -0.27409433]), (-1.1333333333333335, 0.14347826086956506))	False
APOLD1	ENHA_YY1;PROM_SP1	8.4176419072246	2.41702707016847e-58	False	((1.1666666666666667, 0.9374384236453204), (-1.1333333333333335, 0.14347826086956506))	False
APOLD1	ENHA_SREBF2;PROM_SP1	8.12936870870043	1.36382592574289e-52	False	((1.1666666666666667, 0.6448275862068966), (-1.1333333333333335, 0.14347826086956506))	False
APOLD1	ENHA_MEF2D;PROM_SP1	7.02692702686514	8.67165321415913e-50	False	((1.1666666666666667, -0.1029556650246305), (-1.1333333333333335, 0.14347826086956506))	False
APOLD1	ENHA_ELF1;PROM_SP1	8.72629763752772	1.64193488112985e-61	False	((1.1666666666666667, -0.8182266009852217), (-1.1333333333333335, 0.14347826086956506))	False
APOLD1	ENHA_NFKB1;PROM_SP1	11.1640407669263	3.1944476591402303e-60	False	((1.1333333333333335, 0.08128078817733986), (-1.1333333333333335, 0.14347826086956506))	False
APOLD1	ENHA_MEF2C;PROM_SP1	8.72763371599343	1.0123517389826199e-56	False	((1.1333333333333335, -0.11379310344827587), (-1.1333333333333335, 0.14347826086956506))	False
APOLD1	ENHA_MEF2D;PROM_SP1	7.02692702686514	8.67165321415913e-50	False	((1.1666666666666667, -0.1029556650246305), (-1.1333333333333335, 0.14347826086956506))	False
APOLD1	ENHA_MYC;PROM_SP1	6.228260334346	6.0901767081487096e-34	False	((1.1666666666666667, -0.005418719211822687), (-1.1333333333333335, 0.14347826086956506))	False
APOLD1	ENHA_RARA;PROM_SP1	7.30891287415237	6.07619127290876e-53	False	((1.1666666666666667, 0.3522167487684731), (-1.1333333333333335, 0.14347826086956506))	False
APOLD1	ENHA_SREBF1;PROM_SP1	6.12956119330054	4.34244861108109e-43	False	((1.1333333333333335, 0.6339901477832512), (-1.1333333333333335, 0.14347826086956506))	False
APOLD1	ENHA_MEF2C;PROM_SP1	8.72763371599343	1.0123517389826199e-56	False	((1.1333333333333335, -0.11379310344827587), (-1.1333333333333335, 0.14347826086956506))	False
APOLD1	ENHA_MEF2D;PROM_SP1	7.02692702686514	8.67165321415913e-50	False	((1.1666666666666667, -0.1029556650246305), (-1.1333333333333335, 0.14347826086956506))	False
APOLD1	ENHA_ESR2;PROM_SP1	8.36054541549508	8.414245683868081e-60	False	((1.1, -0.7748768472906404), (-1.1333333333333335, 0.14347826086956506))	False
APOLD1	ENHA_YY1;PROM_SP1	8.4176419072246	2.41702707016847e-58	False	((1.1666666666666667, 0.9374384236453204), (-1.1333333333333335, 0.14347826086956506))	False
APOLD1	ENHA_JUN;PROM_SP1	8.5659838630081	1.7797051199789299e-50	False	((1.1666666666666667, -0.33054187192118223), (-1.1333333333333335, 0.14347826086956506))	False
APOLD1	PROM_SP1;TPI1	10.9401161129941	1.49449196947248e-72	False	((-1.1333333333333335, 0.14347826086956506), array([0.79181574, 0.36089115]))	False
APOLD1	ENHA_KLF6;PROM_SP1	9.07933286189577	5.07716552162781e-64	False	((1.1333333333333335, -0.21133004926108367), (-1.1333333333333335, 0.14347826086956506))	False
APOLD1	ENHA_ESR2;PROM_SP1	8.36054541549508	8.414245683868081e-60	False	((1.1, -0.7748768472906404), (-1.1333333333333335, 0.14347826086956506))	False
APOLD1	ENHA_HIF1A;PROM_SP1	8.61670004834376	6.814112500030299e-35	False	((1.1, -0.5147783251231527), (-1.1333333333333335, 0.14347826086956506))	False
APOLD1	ENHA_MEF2D;PROM_SP1	7.02692702686514	8.67165321415913e-50	False	((1.1666666666666667, -0.1029556650246305), (-1.1333333333333335, 0.14347826086956506))	False
APOLD1	ENHA_MYC;PROM_SP1	6.228260334346	6.0901767081487096e-34	False	((1.1666666666666667, -0.005418719211822687), (-1.1333333333333335, 0.14347826086956506))	False
APOLD1	PRKCZ;PROM_SP1	8.5219283616993	2.66915707308635e-32	False	(array([-0.8614226 ,  0.50005445]), (-1.1333333333333335, 0.14347826086956506))	False
APOLD1	ATF7IP;PROM_SP1	21.6909311872585	3.53240342527673e-75	False	(array([0.42592143, 0.88994198]), (-1.1333333333333335, 0.14347826086956506))	False
APOLD1	PROM_SP1;YY1	12.3261022291494	1.41288419471168e-51	False	((-1.1333333333333335, 0.14347826086956506), array([-0.6462024 , -0.82151425]))	False
APOLD1	ENHA_SREBF1;PROM_SP1	6.12956119330054	4.34244861108109e-43	False	((1.1333333333333335, 0.6339901477832512), (-1.1333333333333335, 0.14347826086956506))	False
APOLD1	ENHA_NFYA;PROM_SP1	8.30214426125967	1.5018070456504199e-55	False	((1.1, 0.1029556650246306), (-1.1333333333333335, 0.14347826086956506))	False
APOLD1	ENHA_NFYC;PROM_SP1	6.85870608992431	8.47729409496361e-34	False	((1.1666666666666667, 0.12463054187192135), (-1.1333333333333335, 0.14347826086956506))	False
APOLD1	HTT;PROM_SP1	6.52549282042306	8.65036836928434e-33	False	(array([-0.69998094,  0.76423195]), (-1.1333333333333335, 0.14347826086956506))	False
APOLD1	ENHA_EGR1;PROM_SP1	23.0739426184697	5.46456795653555e-74	False	((1.1, -0.8399014778325123), (-1.1333333333333335, 0.14347826086956506))	False
APOLD1	ENHA_KLF4;PROM_SP1	40.5777002046527	1.53839777836154e-81	False	((1.1666666666666667, -0.23300492610837442), (-1.1333333333333335, 0.14347826086956506))	False
APOLD1	ENHA_TFAP2A;PROM_SP1	22.1750023076909	1.13080840481047e-71	False	((1.1333333333333335, 0.7640394088669953), (-1.1333333333333335, 0.14347826086956506))	False
APOLD1	ENHA_MEF2C;PROM_SP1	8.72763371599343	1.0123517389826199e-56	False	((1.1333333333333335, -0.11379310344827587), (-1.1333333333333335, 0.14347826086956506))	False
APOLD1	ENHA_TP53;PROM_SP1	8.68850944496644	1.3601737705371101e-61	False	((1.1666666666666667, 0.8724137931034484), (-1.1333333333333335, 0.14347826086956506))	False
APOLD1	ENHA_SP3;PROM_SP1	18.4165683364645	5.60173552229717e-81	False	((1.1333333333333335, 0.6014778325123153), (-1.1333333333333335, 0.14347826086956506))	False
APOLD1	ENHA_EGR1;PROM_SP1	23.0739426184697	5.46456795653555e-74	False	((1.1, -0.8399014778325123), (-1.1333333333333335, 0.14347826086956506))	False
APOLD1	ENHA_KLF4;PROM_SP1	40.5777002046527	1.53839777836154e-81	False	((1.1666666666666667, -0.23300492610837442), (-1.1333333333333335, 0.14347826086956506))	False
APOLD1	ESR2;PROM_SP1	7.40822897063691	2.48416114180994e-37	False	(array([-0.77590549, -0.3850741 ]), (-1.1333333333333335, 0.14347826086956506))	False
APOLD1	ENHA_ESR2;PROM_SP1	8.36054541549508	8.414245683868081e-60	False	((1.1, -0.7748768472906404), (-1.1333333333333335, 0.14347826086956506))	False
APOLD1	ENHA_PPARG;PROM_SP1	5.58833444458645	8.86897515738948e-32	False	((1.1666666666666667, 0.31970443349753697), (-1.1333333333333335, 0.14347826086956506))	False
APOLD1	ENHA_NFKB1;PROM_SP1	11.1640407669263	3.1944476591402303e-60	False	((1.1333333333333335, 0.08128078817733986), (-1.1333333333333335, 0.14347826086956506))	False
APOLD1	BCL11B;PROM_SP1	33.742094659383	4.58159814821003e-60	False	(array([-0.77929489,  0.60717596]), (-1.1333333333333335, 0.14347826086956506))	False
APOLD1	PROM_SP1;SREBF1	5.45600802073147	8.24333127539301e-40	False	((-1.1333333333333335, 0.14347826086956506), array([0.57268744, 0.81879213]))	False
APOLD1	ENHA_SP3;PROM_SP1	18.4165683364645	5.60173552229717e-81	False	((1.1333333333333335, 0.6014778325123153), (-1.1333333333333335, 0.14347826086956506))	False
APOLD1	ENHA_EGR1;PROM_SP1	23.0739426184697	5.46456795653555e-74	False	((1.1, -0.8399014778325123), (-1.1333333333333335, 0.14347826086956506))	False
APOLD1	ENHA_KLF4;PROM_SP1	40.5777002046527	1.53839777836154e-81	False	((1.1666666666666667, -0.23300492610837442), (-1.1333333333333335, 0.14347826086956506))	False
APOLD1	EPAS1;PROM_SP1	17.8504328443493	8.17601752570367e-70	False	(array([0.71169887, 0.598386  ]), (-1.1333333333333335, 0.14347826086956506))	False
APOLD1	PROM_SP1;SREBF2	20.8149792248936	5.9020284657833095e-77	False	((-1.1333333333333335, 0.14347826086956506), array([ 0.75244023, -0.27387379]))	False
APOLD1	ENHA_SREBF2;PROM_SP1	8.12936870870043	1.36382592574289e-52	False	((1.1666666666666667, 0.6448275862068966), (-1.1333333333333335, 0.14347826086956506))	False
APOLD1	BCOR;PROM_SP1	88.5969312196391	1.31880700908407e-53	False	(array([ 0.17485694, -0.89735856]), (-1.1333333333333335, 0.14347826086956506))	False
APOLD1	PROM_SP1;RUNX1T1	85.1659396465843	5.7344893457464004e-52	False	((-1.1333333333333335, 0.14347826086956506), array([-0.03091945,  0.91391575]))	False
APOLD1	ENHA_GATA6;PROM_SP1	5.62189549664377	9.27253899136727e-40	False	((1.1666666666666667, -0.59064039408867), (-1.1333333333333335, 0.14347826086956506))	False
APOLD1	ENHA_ELF1;PROM_SP1	8.72629763752772	1.64193488112985e-61	False	((1.1666666666666667, -0.8182266009852217), (-1.1333333333333335, 0.14347826086956506))	False
APOLD1	ENHA_NFKB1;PROM_SP1	11.1640407669263	3.1944476591402303e-60	False	((1.1333333333333335, 0.08128078817733986), (-1.1333333333333335, 0.14347826086956506))	False
APOLD1	ENHA_STAT3;PROM_SP1	7.3113762132851	9.748859651912791e-52	False	((1.1666666666666667, 0.6773399014778327), (-1.1333333333333335, 0.14347826086956506))	False
APOLD1	POGZ;PROM_SP1	60.385290471883	5.05921902107999e-53	False	(array([-0.8925105 ,  0.26577489]), (-1.1333333333333335, 0.14347826086956506))	False
APOLD1	POU2F1;PROM_SP1	62.5805155241643	4.96629771849879e-40	False	(array([0.29882754, 0.3564074 ]), (-1.1333333333333335, 0.14347826086956506))	False
APOLD1	NPM1;PROM_SP1	109.483989644077	4.06443422407362e-37	False	(array([-0.07343765, -0.35862713]), (-1.1333333333333335, 0.14347826086956506))	False
APOLD1	NCOR1;PROM_SP1	75.1236497309846	1.3849994031659e-26	False	(array([-0.58269156,  0.29500801]), (-1.1333333333333335, 0.14347826086956506))	False
APOLD1	NFYC;PROM_SP1	10.4900360997332	4.98866115072919e-59	False	(array([-0.67082362,  0.59519198]), (-1.1333333333333335, 0.14347826086956506))	False
APOLD1	ENHA_GATA6;PROM_SP1	5.62189549664377	9.27253899136727e-40	False	((1.1666666666666667, -0.59064039408867), (-1.1333333333333335, 0.14347826086956506))	False
APOLD1	ENHA_STAT3;PROM_SP1	7.3113762132851	9.748859651912791e-52	False	((1.1666666666666667, 0.6773399014778327), (-1.1333333333333335, 0.14347826086956506))	False
APOLD1	PGR;PROM_SP1	129.046390879383	1.08320949544753e-42	False	(array([-0.01466984,  0.97207393]), (-1.1333333333333335, 0.14347826086956506))	False
APOLD1	FOXM1;PROM_SP1	9.02558117676212	1.02327541482783e-63	False	(array([0.89190772, 0.30439816]), (-1.1333333333333335, 0.14347826086956506))	False
APOLD1	ENHA_ELF1;PROM_SP1	8.72629763752772	1.64193488112985e-61	False	((1.1666666666666667, -0.8182266009852217), (-1.1333333333333335, 0.14347826086956506))	False
APOLD1	ENHA_GATA6;PROM_SP1	5.62189549664377	9.27253899136727e-40	False	((1.1666666666666667, -0.59064039408867), (-1.1333333333333335, 0.14347826086956506))	False
APOLD1	ENHA_GABPA;PROM_SP1	9.64070003325083	5.16776975299254e-66	False	((1.1666666666666667, -0.6231527093596059), (-1.1333333333333335, 0.14347826086956506))	False
APOLD1	HCFC1;PROM_SP1	79.8901719406297	4.30622836816524e-28	False	(array([0.08312908, 0.1237711 ]), (-1.1333333333333335, 0.14347826086956506))	False
APOLD1	NFKB1;PROM_SP1	1.56546476086853	0.0003942616885076	False	(array([ 0.62787405, -0.74959861]), (-1.1333333333333335, 0.14347826086956506))	False
APOLD1	DDX3X;PROM_SP1	20.4012884516907	1.78127395993962e-64	False	(array([ 0.50042006, -0.79998533]), (-1.1333333333333335, 0.14347826086956506))	False
APOLD1	NUP62;PROM_SP1	20.9094385835273	4.19223328076448e-57	False	(array([-0.18611396, -0.85500821]), (-1.1333333333333335, 0.14347826086956506))	False
APOLD1	AR;PROM_SP1	6.23664143322776	1.00072948472259e-17	False	(array([0.49545375, 0.19918649]), (-1.1333333333333335, 0.14347826086956506))	False
APOLD1	HSP90AA1;PROM_SP1	162.194647300796	8.090593007208821e-52	False	(array([ 0.13334996, -0.98500504]), (-1.1333333333333335, 0.14347826086956506))	False
APOLD1	MAPK8;PROM_SP1	91.6161255397148	9.29807761365842e-32	False	(array([-0.55539519, -0.58121335]), (-1.1333333333333335, 0.14347826086956506))	False
APOLD1	BRCA1;PROM_SP1	152.996129494547	2.88970255632304e-49	False	(array([-0.25669526, -0.72538131]), (-1.1333333333333335, 0.14347826086956506))	False
APOLD1	PRKCD;PROM_SP1	108.570021846779	4.32177639268234e-63	False	(array([ 0.81181627, -0.62211906]), (-1.1333333333333335, 0.14347826086956506))	False
APOLD1	E2F1;PROM_SP1	1.75381380212807	1.38512153467482e-05	False	(array([0.91816588, 0.40739941]), (-1.1333333333333335, 0.14347826086956506))	False
APOLD1	PROM_SP1;RARA	29.6649548775315	4.6925263965955895e-28	False	((-1.1333333333333335, 0.14347826086956506), array([ 0.19863334, -0.20690742]))	False
APOLD1	MYC;PROM_SP1	1.54019842932086	0.0017572484141723	False	(array([ 0.39742364, -0.57334348]), (-1.1333333333333335, 0.14347826086956506))	False
APOLD1	NFYA;PROM_SP1	5.17428099100953	3.14731649803229e-33	False	(array([-0.98345365, -0.08843877]), (-1.1333333333333335, 0.14347826086956506))	False
APOLD1	ENHA_ELF1;PROM_SP1	8.72629763752772	1.64193488112985e-61	False	((1.1666666666666667, -0.8182266009852217), (-1.1333333333333335, 0.14347826086956506))	False
APOLD1	ENHA_ESR2;PROM_SP1	8.36054541549508	8.414245683868081e-60	False	((1.1, -0.7748768472906404), (-1.1333333333333335, 0.14347826086956506))	False
APOLD1	ENHA_RARA;PROM_SP1	7.30891287415237	6.07619127290876e-53	False	((1.1666666666666667, 0.3522167487684731), (-1.1333333333333335, 0.14347826086956506))	False
APOLD1	PROM_SP1;SMARCA4	64.008086699496	5.75369813679645e-23	False	((-1.1333333333333335, 0.14347826086956506), array([ 0.38400571, -0.72074925]))	False
APOLD1	HIF1A;PROM_SP1	6.72694325703558	2.32573775792664e-21	False	(array([0.86929427, 0.21420161]), (-1.1333333333333335, 0.14347826086956506))	False
APOLD1	HMGA1;PROM_SP1	125.863462943324	5.3634880037606194e-42	False	(array([-0.30093105, -0.96300243]), (-1.1333333333333335, 0.14347826086956506))	False
APOLD1	MEF2D;PROM_SP1	9.3964351475531	1.02000607332492e-57	False	(array([0.89867217, 0.08005106]), (-1.1333333333333335, 0.14347826086956506))	False
APOLD1	MEF2C;PROM_SP1	18.3883247345392	1.0088642046204e-65	False	(array([0.57207174, 0.74368805]), (-1.1333333333333335, 0.14347826086956506))	False
APOLD1	PROM_SP1;PSMC5	196.077809928891	3.0578493774667003e-60	False	((-1.1333333333333335, 0.14347826086956506), array([-0.32740214,  0.83596477]))	False
APOLD1	PROM_SP1;VHL	7.99494519452009	2.89251613521588e-56	False	((-1.1333333333333335, 0.14347826086956506), array([0.06154469, 0.54458548]))	False
APOLD1	PROM_SP1;STAT3	3.53920733938941	6.86230098624306e-13	False	((-1.1333333333333335, 0.14347826086956506), array([-0.56564256,  0.17211018]))	False
APOLD1	PML;PROM_SP1	91.4962104306531	9.32079958519887e-32	False	(array([ 0.4974049 , -0.51576057]), (-1.1333333333333335, 0.14347826086956506))	False
APOLD1	MDM2;PROM_SP1	81.924422473535	7.75502107475637e-29	False	(array([-0.03221712,  0.05815669]), (-1.1333333333333335, 0.14347826086956506))	False
APOLD1	PROM_SP1;RELA	2.64556122409393	3.46446174605815e-08	False	((-1.1333333333333335, 0.14347826086956506), array([-0.11101465, -0.0452803 ]))	False
APOLD1	ENHA_YY1;PROM_TFAP2A	7.36815753077259	3.37803138986765e-52	False	((1.1666666666666667, 0.9374384236453204), (-1.1333333333333335, 0.7173913043478262))	False
APOLD1	ENHA_JUN;PROM_TFAP2A	8.57570376410344	9.98995539348167e-53	False	((1.1666666666666667, -0.33054187192118223), (-1.1333333333333335, 0.7173913043478262))	False
APOLD1	ENHA_SP1;PROM_TFAP2A	10.6289264196809	1.41932421562784e-57	False	((1.1666666666666667, 0.5798029556650248), (-1.1333333333333335, 0.7173913043478262))	False
APOLD1	ENHA_TP53;PROM_TFAP2A	10.1593137468325	6.526309951540689e-70	False	((1.1666666666666667, 0.8724137931034484), (-1.1333333333333335, 0.7173913043478262))	False
APOLD1	ENHA_SP1;PROM_TFAP2A	10.6289264196809	1.41932421562784e-57	False	((1.1666666666666667, 0.5798029556650248), (-1.1333333333333335, 0.7173913043478262))	False
APOLD1	ENHA_SP1;PROM_TFAP2A	10.6289264196809	1.41932421562784e-57	False	((1.1666666666666667, 0.5798029556650248), (-1.1333333333333335, 0.7173913043478262))	False
APOLD1	ENHA_MAX;PROM_TFAP2A	9.1290151714111	3.59542280253094e-64	False	((1.1333333333333335, -0.14630541871921177), (-1.1333333333333335, 0.7173913043478262))	False
APOLD1	ENHA_MAX;PROM_TFAP2A	9.1290151714111	3.59542280253094e-64	False	((1.1333333333333335, -0.14630541871921177), (-1.1333333333333335, 0.7173913043478262))	False
APOLD1	EYA2;PROM_TFAP2A	5.74999574357901	1.45960622834301e-35	False	(array([-0.97349949,  0.21340756]), (-1.1333333333333335, 0.7173913043478262))	False
APOLD1	ENHA_MAX;PROM_TFAP2A	9.1290151714111	3.59542280253094e-64	False	((1.1333333333333335, -0.14630541871921177), (-1.1333333333333335, 0.7173913043478262))	False
APOLD1	ENHA_SP1;PROM_TFAP2A	10.6289264196809	1.41932421562784e-57	False	((1.1666666666666667, 0.5798029556650248), (-1.1333333333333335, 0.7173913043478262))	False
APOLD1	ENHA_SP1;PROM_TFAP2A	10.6289264196809	1.41932421562784e-57	False	((1.1666666666666667, 0.5798029556650248), (-1.1333333333333335, 0.7173913043478262))	False
APOLD1	ENHA_SP1;PROM_TFAP2A	10.6289264196809	1.41932421562784e-57	False	((1.1666666666666667, 0.5798029556650248), (-1.1333333333333335, 0.7173913043478262))	False
APOLD1	ENHA_TP53;PROM_TFAP2A	10.1593137468325	6.526309951540689e-70	False	((1.1666666666666667, 0.8724137931034484), (-1.1333333333333335, 0.7173913043478262))	False
APOLD1	ENHA_TP53;PROM_TFAP2A	10.1593137468325	6.526309951540689e-70	False	((1.1666666666666667, 0.8724137931034484), (-1.1333333333333335, 0.7173913043478262))	False
APOLD1	ENHA_MAX;PROM_TFAP2A	9.1290151714111	3.59542280253094e-64	False	((1.1333333333333335, -0.14630541871921177), (-1.1333333333333335, 0.7173913043478262))	False
APOLD1	ENHA_YY1;PROM_TFAP2A	7.36815753077259	3.37803138986765e-52	False	((1.1666666666666667, 0.9374384236453204), (-1.1333333333333335, 0.7173913043478262))	False
APOLD1	ENHA_MAX;PROM_TFAP2A	9.1290151714111	3.59542280253094e-64	False	((1.1333333333333335, -0.14630541871921177), (-1.1333333333333335, 0.7173913043478262))	False
APOLD1	ENHA_MYC;PROM_TFAP2A	6.20826963363106	7.52012329861696e-34	False	((1.1666666666666667, -0.005418719211822687), (-1.1333333333333335, 0.7173913043478262))	False
APOLD1	ENHA_YY1;PROM_TFAP2A	7.36815753077259	3.37803138986765e-52	False	((1.1666666666666667, 0.9374384236453204), (-1.1333333333333335, 0.7173913043478262))	False
APOLD1	ENHA_JUN;PROM_TFAP2A	8.57570376410344	9.98995539348167e-53	False	((1.1666666666666667, -0.33054187192118223), (-1.1333333333333335, 0.7173913043478262))	False
APOLD1	PROM_TFAP2A;YY1	7.36489959495049	1.9990318530368302e-44	False	((-1.1333333333333335, 0.7173913043478262), array([-0.6462024 , -0.82151425]))	False
APOLD1	ENHA_SP1;PROM_TFAP2A	10.6289264196809	1.41932421562784e-57	False	((1.1666666666666667, 0.5798029556650248), (-1.1333333333333335, 0.7173913043478262))	False
APOLD1	CSNK2B;PROM_TFAP2A	8.08287594231837	3.4099040239450497e-49	False	(array([-0.66144956,  0.6878686 ]), (-1.1333333333333335, 0.7173913043478262))	False
APOLD1	ENHA_MAX;PROM_TFAP2A	9.1290151714111	3.59542280253094e-64	False	((1.1333333333333335, -0.14630541871921177), (-1.1333333333333335, 0.7173913043478262))	False
APOLD1	PRKAA2;PROM_TFAP2A	8.11793823358072	2.2629548452306297e-36	False	(array([0.21175002, 0.8721801 ]), (-1.1333333333333335, 0.7173913043478262))	False
APOLD1	NPM1;PROM_TFAP2A	6.72517781455075	3.16142159768107e-29	False	(array([-0.07343765, -0.35862713]), (-1.1333333333333335, 0.7173913043478262))	False
APOLD1	EED;PROM_TFAP2A	11.3873564400597	7.42285628832534e-58	False	(array([-0.25993776, -0.92127818]), (-1.1333333333333335, 0.7173913043478262))	False
APOLD1	MAX;PROM_TFAP2A	2.4209116953411	5.82007613169694e-11	False	(array([ 0.22106521, -0.36423198]), (-1.1333333333333335, 0.7173913043478262))	False
APOLD1	CITED2;PROM_TFAP2A	9.75815556947889	4.0002458584188005e-45	False	(array([ 0.67797909, -0.64652142]), (-1.1333333333333335, 0.7173913043478262))	False
APOLD1	MYC;PROM_TFAP2A	1.86203687197666	1.7264620818353e-06	False	(array([ 0.39742364, -0.57334348]), (-1.1333333333333335, 0.7173913043478262))	False
APOLD1	PROM_TFAP2A;RB1	4.93071549606115	1.5525549510200201e-19	False	((-1.1333333333333335, 0.7173913043478262), array([-0.10942689, -0.24933584]))	False
APOLD1	PROM_TFAP2A;XRCC5	5.92881988943441	5.33680695047047e-25	False	((-1.1333333333333335, 0.7173913043478262), array([-0.18973445, -0.02009361]))	False
APOLD1	PROM_TFAP2A;XRCC6	6.27459653115173	6.55258469951213e-27	False	((-1.1333333333333335, 0.7173913043478262), array([ 0.43553152, -0.26332902]))	False
APOLD1	PROM_TFAP2A;UBE2I	4.31891090273529	3.07775430878662e-16	False	((-1.1333333333333335, 0.7173913043478262), array([ 0.01029312, -0.2837851 ]))	False
APOLD1	PROM_TFAP2A;RELA	2.38056220699127	3.87377060354478e-09	False	((-1.1333333333333335, 0.7173913043478262), array([-0.11101465, -0.0452803 ]))	False
APOLD1	ENHA_PLAG1;SMAD3	17.3937759515152	2.3729021075370903e-58	False	((1.1333333333333335, 0.2763546798029557), array([ 0.35464861, -0.19923062]))	False
APOLD1	ENHA_YY1;SMAD3	8.39204152465695	1.6381248910227198e-56	False	((1.1666666666666667, 0.9374384236453204), array([ 0.35464861, -0.19923062]))	False
APOLD1	ENHA_ATF2;SMAD3	8.91273141200029	1.2713759972631898e-62	False	((1.1666666666666667, -1.0783251231527093), array([ 0.35464861, -0.19923062]))	False
APOLD1	ENHA_SP1;SMAD3	41.0610627341015	2.32131443928262e-27	False	((1.1666666666666667, 0.5798029556650248), array([ 0.35464861, -0.19923062]))	False
APOLD1	ENHA_JUNB;SMAD3	7.97739802968165	3.7598571939129704e-54	False	((1.1, -0.31970443349753697), array([ 0.35464861, -0.19923062]))	False
APOLD1	ENHA_FOS;SMAD3	8.33668088456793	3.91444631330545e-59	False	((1.1, -0.7098522167487685), array([ 0.35464861, -0.19923062]))	False
APOLD1	ENHA_PRDM4;SMAD3	12.5654373985288	3.4350390548619898e-71	False	((1.1333333333333335, 0.3413793103448277), array([ 0.35464861, -0.19923062]))	False
APOLD1	ENHA_RUNX2;SMAD3	12.6072834999203	2.4840579909653103e-61	False	((1.1333333333333335, 0.47142857142857153), array([ 0.35464861, -0.19923062]))	False
APOLD1	ENHA_KLF5;SMAD3	28.4077784586534	7.20608163194544e-57	False	((1.1, -0.22216748768472905), array([ 0.35464861, -0.19923062]))	False
APOLD1	ENHA_SP1;SMAD3	41.0610627341015	2.32131443928262e-27	False	((1.1666666666666667, 0.5798029556650248), array([ 0.35464861, -0.19923062]))	False
APOLD1	ENHA_PRDM4;SMAD3	12.5654373985288	3.4350390548619898e-71	False	((1.1333333333333335, 0.3413793103448277), array([ 0.35464861, -0.19923062]))	False
APOLD1	ENHA_FOXO3;SMAD3	6.38437611019111	7.50205213548244e-47	False	((1.1, -0.6448275862068966), array([ 0.35464861, -0.19923062]))	False
APOLD1	ENHA_KLF5;SMAD3	28.4077784586534	7.20608163194544e-57	False	((1.1, -0.22216748768472905), array([ 0.35464861, -0.19923062]))	False
APOLD1	ENHA_SP1;SMAD3	41.0610627341015	2.32131443928262e-27	False	((1.1666666666666667, 0.5798029556650248), array([ 0.35464861, -0.19923062]))	False
APOLD1	ENHA_ATF2;SMAD3	8.91273141200029	1.2713759972631898e-62	False	((1.1666666666666667, -1.0783251231527093), array([ 0.35464861, -0.19923062]))	False
APOLD1	ENHA_JUN;SMAD3	7.26799006517732	1.97099955405898e-52	False	((1.1666666666666667, -0.33054187192118223), array([ 0.35464861, -0.19923062]))	False
APOLD1	ENHA_PLAG1;SMAD3	17.3937759515152	2.3729021075370903e-58	False	((1.1333333333333335, 0.2763546798029557), array([ 0.35464861, -0.19923062]))	False
APOLD1	ENHA_CTCF;SMAD3	12.8411865357322	4.0810669770159e-71	False	((1.1, -0.9049261083743843), array([ 0.35464861, -0.19923062]))	False
APOLD1	ENHA_TGIF1;SMAD3	6.912151822875	1.72045769103409e-50	False	((1.1333333333333335, 0.8290640394088671), array([ 0.35464861, -0.19923062]))	False
APOLD1	ENHA_SP1;SMAD3	41.0610627341015	2.32131443928262e-27	False	((1.1666666666666667, 0.5798029556650248), array([ 0.35464861, -0.19923062]))	False
APOLD1	ENHA_JUNB;SMAD3	7.97739802968165	3.7598571939129704e-54	False	((1.1, -0.31970443349753697), array([ 0.35464861, -0.19923062]))	False
APOLD1	ENHA_CTCF;SMAD3	12.8411865357322	4.0810669770159e-71	False	((1.1, -0.9049261083743843), array([ 0.35464861, -0.19923062]))	False
APOLD1	ENHA_SP1;SMAD3	41.0610627341015	2.32131443928262e-27	False	((1.1666666666666667, 0.5798029556650248), array([ 0.35464861, -0.19923062]))	False
APOLD1	ENHA_TP53;SMAD3	27.3901230717778	1.36473561254527e-89	False	((1.1666666666666667, 0.8724137931034484), array([ 0.35464861, -0.19923062]))	False
APOLD1	ENHA_RUNX2;SMAD3	12.6072834999203	2.4840579909653103e-61	False	((1.1333333333333335, 0.47142857142857153), array([ 0.35464861, -0.19923062]))	False
APOLD1	ENHA_PLAG1;SMAD3	17.3937759515152	2.3729021075370903e-58	False	((1.1333333333333335, 0.2763546798029557), array([ 0.35464861, -0.19923062]))	False
APOLD1	ENHA_TP53;SMAD3	27.3901230717778	1.36473561254527e-89	False	((1.1666666666666667, 0.8724137931034484), array([ 0.35464861, -0.19923062]))	False
APOLD1	ENHA_KLF5;SMAD3	28.4077784586534	7.20608163194544e-57	False	((1.1, -0.22216748768472905), array([ 0.35464861, -0.19923062]))	False
APOLD1	ENHA_LEF1;SMAD3	6.07168111602633	1.4801553254609902e-44	False	((1.1, -0.18965517241379304), array([ 0.35464861, -0.19923062]))	False
APOLD1	ENHA_SP1;SMAD3	41.0610627341015	2.32131443928262e-27	False	((1.1666666666666667, 0.5798029556650248), array([ 0.35464861, -0.19923062]))	False
APOLD1	ENHA_LEF1;SMAD3	6.07168111602633	1.4801553254609902e-44	False	((1.1, -0.18965517241379304), array([ 0.35464861, -0.19923062]))	False
APOLD1	ENHA_NR3C1;SMAD3	10.6642844597844	2.75703215799549e-67	False	((1.1666666666666667, 0.18965517241379315), array([ 0.35464861, -0.19923062]))	False
APOLD1	ENHA_SREBF2;SMAD3	9.87478321342904	1.56516922515084e-65	False	((1.1666666666666667, 0.6448275862068966), array([ 0.35464861, -0.19923062]))	False
APOLD1	ENHA_AR;SMAD3	10.0817562465922	1.29570384047792e-67	False	((1.1, -1.1), array([ 0.35464861, -0.19923062]))	False
APOLD1	ENHA_IRF7;SMAD3	5.92096729603654	1.82456186305634e-43	False	((1.1666666666666667, -0.36305418719211824), array([ 0.35464861, -0.19923062]))	False
APOLD1	ENHA_KLF5;SMAD3	28.4077784586534	7.20608163194544e-57	False	((1.1, -0.22216748768472905), array([ 0.35464861, -0.19923062]))	False
APOLD1	ENHA_VDR;SMAD3	7.63920238345934	8.673022011687831e-54	False	((1.1, 0.9157635467980296), array([ 0.35464861, -0.19923062]))	False
APOLD1	ENHA_ATF2;SMAD3	8.91273141200029	1.2713759972631898e-62	False	((1.1666666666666667, -1.0783251231527093), array([ 0.35464861, -0.19923062]))	False
APOLD1	ENHA_SP1;SMAD3	41.0610627341015	2.32131443928262e-27	False	((1.1666666666666667, 0.5798029556650248), array([ 0.35464861, -0.19923062]))	False
APOLD1	ENHA_RUNX2;SMAD3	12.6072834999203	2.4840579909653103e-61	False	((1.1333333333333335, 0.47142857142857153), array([ 0.35464861, -0.19923062]))	False
APOLD1	ENHA_JUN;SMAD3	7.26799006517732	1.97099955405898e-52	False	((1.1666666666666667, -0.33054187192118223), array([ 0.35464861, -0.19923062]))	False
APOLD1	ENHA_HEY1;SMAD3	6.66112320458949	1.76991260072453e-48	False	((1.1333333333333335, -0.5364532019704433), array([ 0.35464861, -0.19923062]))	False
APOLD1	ENHA_VDR;SMAD3	7.63920238345934	8.673022011687831e-54	False	((1.1, 0.9157635467980296), array([ 0.35464861, -0.19923062]))	False
APOLD1	ENHA_SP1;SMAD3	41.0610627341015	2.32131443928262e-27	False	((1.1666666666666667, 0.5798029556650248), array([ 0.35464861, -0.19923062]))	False
APOLD1	ENHA_JUNB;SMAD3	7.97739802968165	3.7598571939129704e-54	False	((1.1, -0.31970443349753697), array([ 0.35464861, -0.19923062]))	False
APOLD1	ENHA_FOS;SMAD3	8.33668088456793	3.91444631330545e-59	False	((1.1, -0.7098522167487685), array([ 0.35464861, -0.19923062]))	False
APOLD1	ENHA_TGIF1;SMAD3	6.912151822875	1.72045769103409e-50	False	((1.1333333333333335, 0.8290640394088671), array([ 0.35464861, -0.19923062]))	False
APOLD1	ENHA_RUNX2;SMAD3	12.6072834999203	2.4840579909653103e-61	False	((1.1333333333333335, 0.47142857142857153), array([ 0.35464861, -0.19923062]))	False
APOLD1	ENHA_MAX;SMAD3	11.928497823589	5.14799944625241e-63	False	((1.1333333333333335, -0.14630541871921177), array([ 0.35464861, -0.19923062]))	False
APOLD1	ENHA_HEY1;SMAD3	6.66112320458949	1.76991260072453e-48	False	((1.1333333333333335, -0.5364532019704433), array([ 0.35464861, -0.19923062]))	False
APOLD1	ENHA_HIF1A;SMAD3	6.32784456049339	4.85609506855151e-38	False	((1.1, -0.5147783251231527), array([ 0.35464861, -0.19923062]))	False
APOLD1	ENHA_MAX;SMAD3	11.928497823589	5.14799944625241e-63	False	((1.1333333333333335, -0.14630541871921177), array([ 0.35464861, -0.19923062]))	False
APOLD1	ENHA_MYC;SMAD3	7.69147750330637	1.87971671906795e-55	False	((1.1666666666666667, -0.005418719211822687), array([ 0.35464861, -0.19923062]))	False
APOLD1	ENHA_KLF5;SMAD3	28.4077784586534	7.20608163194544e-57	False	((1.1, -0.22216748768472905), array([ 0.35464861, -0.19923062]))	False
APOLD1	ENHA_ATF2;SMAD3	8.91273141200029	1.2713759972631898e-62	False	((1.1666666666666667, -1.0783251231527093), array([ 0.35464861, -0.19923062]))	False
APOLD1	ENHA_AR;SMAD3	10.0817562465922	1.29570384047792e-67	False	((1.1, -1.1), array([ 0.35464861, -0.19923062]))	False
APOLD1	ENHA_SP1;SMAD3	41.0610627341015	2.32131443928262e-27	False	((1.1666666666666667, 0.5798029556650248), array([ 0.35464861, -0.19923062]))	False
APOLD1	ENHA_RUNX2;SMAD3	12.6072834999203	2.4840579909653103e-61	False	((1.1333333333333335, 0.47142857142857153), array([ 0.35464861, -0.19923062]))	False
APOLD1	ENHA_MAX;SMAD3	11.928497823589	5.14799944625241e-63	False	((1.1333333333333335, -0.14630541871921177), array([ 0.35464861, -0.19923062]))	False
APOLD1	ENHA_IRF7;SMAD3	5.92096729603654	1.82456186305634e-43	False	((1.1666666666666667, -0.36305418719211824), array([ 0.35464861, -0.19923062]))	False
APOLD1	ENHA_AR;SMAD3	10.0817562465922	1.29570384047792e-67	False	((1.1, -1.1), array([ 0.35464861, -0.19923062]))	False
APOLD1	ENHA_PLAG1;SMAD3	17.3937759515152	2.3729021075370903e-58	False	((1.1333333333333335, 0.2763546798029557), array([ 0.35464861, -0.19923062]))	False
APOLD1	ENHA_FOXO3;SMAD3	6.38437611019111	7.50205213548244e-47	False	((1.1, -0.6448275862068966), array([ 0.35464861, -0.19923062]))	False
APOLD1	ENHA_RUNX2;SMAD3	12.6072834999203	2.4840579909653103e-61	False	((1.1333333333333335, 0.47142857142857153), array([ 0.35464861, -0.19923062]))	False
APOLD1	ENHA_NR3C1;SMAD3	10.6642844597844	2.75703215799549e-67	False	((1.1666666666666667, 0.18965517241379315), array([ 0.35464861, -0.19923062]))	False
APOLD1	ENHA_CTCF;SMAD3	12.8411865357322	4.0810669770159e-71	False	((1.1, -0.9049261083743843), array([ 0.35464861, -0.19923062]))	False
APOLD1	ENHA_KLF5;SMAD3	28.4077784586534	7.20608163194544e-57	False	((1.1, -0.22216748768472905), array([ 0.35464861, -0.19923062]))	False
APOLD1	ENHA_VDR;SMAD3	7.63920238345934	8.673022011687831e-54	False	((1.1, 0.9157635467980296), array([ 0.35464861, -0.19923062]))	False
APOLD1	ENHA_MAX;SMAD3	11.928497823589	5.14799944625241e-63	False	((1.1333333333333335, -0.14630541871921177), array([ 0.35464861, -0.19923062]))	False
APOLD1	ENHA_HEY1;SMAD3	6.66112320458949	1.76991260072453e-48	False	((1.1333333333333335, -0.5364532019704433), array([ 0.35464861, -0.19923062]))	False
APOLD1	ENHA_E2F4;SMAD3	4.74572797222838	1.22059329768527e-33	False	((1.1, -0.8724137931034484), array([ 0.35464861, -0.19923062]))	False
APOLD1	ENHA_HIF1A;SMAD3	6.32784456049339	4.85609506855151e-38	False	((1.1, -0.5147783251231527), array([ 0.35464861, -0.19923062]))	False
APOLD1	ENHA_YY1;SMAD3	8.39204152465695	1.6381248910227198e-56	False	((1.1666666666666667, 0.9374384236453204), array([ 0.35464861, -0.19923062]))	False
APOLD1	ENHA_SP1;SMAD3	41.0610627341015	2.32131443928262e-27	False	((1.1666666666666667, 0.5798029556650248), array([ 0.35464861, -0.19923062]))	False
APOLD1	ENHA_MAX;SMAD3	11.928497823589	5.14799944625241e-63	False	((1.1333333333333335, -0.14630541871921177), array([ 0.35464861, -0.19923062]))	False
APOLD1	ENHA_MYC;SMAD3	7.69147750330637	1.87971671906795e-55	False	((1.1666666666666667, -0.005418719211822687), array([ 0.35464861, -0.19923062]))	False
APOLD1	ENHA_IRF7;SMAD3	5.92096729603654	1.82456186305634e-43	False	((1.1666666666666667, -0.36305418719211824), array([ 0.35464861, -0.19923062]))	False
APOLD1	ENHA_KLF5;SMAD3	28.4077784586534	7.20608163194544e-57	False	((1.1, -0.22216748768472905), array([ 0.35464861, -0.19923062]))	False
APOLD1	ENHA_SP1;SMAD3	41.0610627341015	2.32131443928262e-27	False	((1.1666666666666667, 0.5798029556650248), array([ 0.35464861, -0.19923062]))	False
APOLD1	ENHA_TP53;SMAD3	27.3901230717778	1.36473561254527e-89	False	((1.1666666666666667, 0.8724137931034484), array([ 0.35464861, -0.19923062]))	False
APOLD1	ENHA_PRDM4;SMAD3	12.5654373985288	3.4350390548619898e-71	False	((1.1333333333333335, 0.3413793103448277), array([ 0.35464861, -0.19923062]))	False
APOLD1	ENHA_FOXH1;SMAD3	4.73882728748866	1.20539571470202e-32	False	((1.1, -0.6773399014778325), array([ 0.35464861, -0.19923062]))	False
APOLD1	ENHA_SREBF2;SMAD3	9.87478321342904	1.56516922515084e-65	False	((1.1666666666666667, 0.6448275862068966), array([ 0.35464861, -0.19923062]))	False
APOLD1	ENHA_TP53;SMAD3	27.3901230717778	1.36473561254527e-89	False	((1.1666666666666667, 0.8724137931034484), array([ 0.35464861, -0.19923062]))	False
APOLD1	ENHA_KLF5;SMAD3	28.4077784586534	7.20608163194544e-57	False	((1.1, -0.22216748768472905), array([ 0.35464861, -0.19923062]))	False
APOLD1	ENHA_SP1;SMAD3	41.0610627341015	2.32131443928262e-27	False	((1.1666666666666667, 0.5798029556650248), array([ 0.35464861, -0.19923062]))	False
APOLD1	ENHA_TP53;SMAD3	27.3901230717778	1.36473561254527e-89	False	((1.1666666666666667, 0.8724137931034484), array([ 0.35464861, -0.19923062]))	False
APOLD1	ENHA_PLAG1;SMAD3	17.3937759515152	2.3729021075370903e-58	False	((1.1333333333333335, 0.2763546798029557), array([ 0.35464861, -0.19923062]))	False
APOLD1	ENHA_AR;SMAD3	10.0817562465922	1.29570384047792e-67	False	((1.1, -1.1), array([ 0.35464861, -0.19923062]))	False
APOLD1	ENHA_PRDM4;SMAD3	12.5654373985288	3.4350390548619898e-71	False	((1.1333333333333335, 0.3413793103448277), array([ 0.35464861, -0.19923062]))	False
APOLD1	ENHA_LEF1;SMAD3	6.07168111602633	1.4801553254609902e-44	False	((1.1, -0.18965517241379304), array([ 0.35464861, -0.19923062]))	False
APOLD1	ENHA_TP53;SMAD3	27.3901230717778	1.36473561254527e-89	False	((1.1666666666666667, 0.8724137931034484), array([ 0.35464861, -0.19923062]))	False
APOLD1	ENHA_VDR;SMAD3	7.63920238345934	8.673022011687831e-54	False	((1.1, 0.9157635467980296), array([ 0.35464861, -0.19923062]))	False
APOLD1	ENHA_MAX;SMAD3	11.928497823589	5.14799944625241e-63	False	((1.1333333333333335, -0.14630541871921177), array([ 0.35464861, -0.19923062]))	False
APOLD1	ENHA_PLAG1;SMAD3	17.3937759515152	2.3729021075370903e-58	False	((1.1333333333333335, 0.2763546798029557), array([ 0.35464861, -0.19923062]))	False
APOLD1	ENHA_YY1;SMAD3	8.39204152465695	1.6381248910227198e-56	False	((1.1666666666666667, 0.9374384236453204), array([ 0.35464861, -0.19923062]))	False
APOLD1	ENHA_SREBF2;SMAD3	9.87478321342904	1.56516922515084e-65	False	((1.1666666666666667, 0.6448275862068966), array([ 0.35464861, -0.19923062]))	False
APOLD1	ENHA_HEY1;SMAD3	6.66112320458949	1.76991260072453e-48	False	((1.1333333333333335, -0.5364532019704433), array([ 0.35464861, -0.19923062]))	False
APOLD1	ENHA_FOXH1;SMAD3	4.73882728748866	1.20539571470202e-32	False	((1.1, -0.6773399014778325), array([ 0.35464861, -0.19923062]))	False
APOLD1	ENHA_LEF1;SMAD3	6.07168111602633	1.4801553254609902e-44	False	((1.1, -0.18965517241379304), array([ 0.35464861, -0.19923062]))	False
APOLD1	ENHA_MAX;SMAD3	11.928497823589	5.14799944625241e-63	False	((1.1333333333333335, -0.14630541871921177), array([ 0.35464861, -0.19923062]))	False
APOLD1	ENHA_MYC;SMAD3	7.69147750330637	1.87971671906795e-55	False	((1.1666666666666667, -0.005418719211822687), array([ 0.35464861, -0.19923062]))	False
APOLD1	ENHA_FOXH1;SMAD3	4.73882728748866	1.20539571470202e-32	False	((1.1, -0.6773399014778325), array([ 0.35464861, -0.19923062]))	False
APOLD1	ENHA_LEF1;SMAD3	6.07168111602633	1.4801553254609902e-44	False	((1.1, -0.18965517241379304), array([ 0.35464861, -0.19923062]))	False
APOLD1	ENHA_KLF5;SMAD3	28.4077784586534	7.20608163194544e-57	False	((1.1, -0.22216748768472905), array([ 0.35464861, -0.19923062]))	False
APOLD1	ENHA_YY1;SMAD3	8.39204152465695	1.6381248910227198e-56	False	((1.1666666666666667, 0.9374384236453204), array([ 0.35464861, -0.19923062]))	False
APOLD1	ENHA_ATF3;SMAD3	6.49899121854568	1.58755573713644e-42	False	((1.1, -1.0674876847290642), array([ 0.35464861, -0.19923062]))	False
APOLD1	ENHA_ATF2;SMAD3	8.91273141200029	1.2713759972631898e-62	False	((1.1666666666666667, -1.0783251231527093), array([ 0.35464861, -0.19923062]))	False
APOLD1	ENHA_JUN;SMAD3	7.26799006517732	1.97099955405898e-52	False	((1.1666666666666667, -0.33054187192118223), array([ 0.35464861, -0.19923062]))	False
APOLD1	ENHA_HEY1;SMAD3	6.66112320458949	1.76991260072453e-48	False	((1.1333333333333335, -0.5364532019704433), array([ 0.35464861, -0.19923062]))	False
APOLD1	ENHA_LEF1;SMAD3	6.07168111602633	1.4801553254609902e-44	False	((1.1, -0.18965517241379304), array([ 0.35464861, -0.19923062]))	False
APOLD1	ENHA_HIF1A;SMAD3	6.32784456049339	4.85609506855151e-38	False	((1.1, -0.5147783251231527), array([ 0.35464861, -0.19923062]))	False
APOLD1	ENHA_KLF5;SMAD3	28.4077784586534	7.20608163194544e-57	False	((1.1, -0.22216748768472905), array([ 0.35464861, -0.19923062]))	False
APOLD1	ENHA_RUNX2;SMAD3	12.6072834999203	2.4840579909653103e-61	False	((1.1333333333333335, 0.47142857142857153), array([ 0.35464861, -0.19923062]))	False
APOLD1	ENHA_MAX;SMAD3	11.928497823589	5.14799944625241e-63	False	((1.1333333333333335, -0.14630541871921177), array([ 0.35464861, -0.19923062]))	False
APOLD1	ENHA_MYC;SMAD3	7.69147750330637	1.87971671906795e-55	False	((1.1666666666666667, -0.005418719211822687), array([ 0.35464861, -0.19923062]))	False
APOLD1	ENHA_FOXH1;SMAD3	4.73882728748866	1.20539571470202e-32	False	((1.1, -0.6773399014778325), array([ 0.35464861, -0.19923062]))	False
APOLD1	ENHA_CEBPD;SMAD3	5.89829143075588	6.25231224469936e-43	False	((1.1333333333333335, -0.9591133004926109), array([ 0.35464861, -0.19923062]))	False
APOLD1	ENHA_NR3C1;SMAD3	10.6642844597844	2.75703215799549e-67	False	((1.1666666666666667, 0.18965517241379315), array([ 0.35464861, -0.19923062]))	False
APOLD1	ENHA_AR;SMAD3	10.0817562465922	1.29570384047792e-67	False	((1.1, -1.1), array([ 0.35464861, -0.19923062]))	False
APOLD1	ENHA_SP1;SMAD3	41.0610627341015	2.32131443928262e-27	False	((1.1666666666666667, 0.5798029556650248), array([ 0.35464861, -0.19923062]))	False
APOLD1	ENHA_CTCF;SMAD3	12.8411865357322	4.0810669770159e-71	False	((1.1, -0.9049261083743843), array([ 0.35464861, -0.19923062]))	False
APOLD1	ENHA_JUNB;SMAD3	7.97739802968165	3.7598571939129704e-54	False	((1.1, -0.31970443349753697), array([ 0.35464861, -0.19923062]))	False
APOLD1	ENHA_FOS;SMAD3	8.33668088456793	3.91444631330545e-59	False	((1.1, -0.7098522167487685), array([ 0.35464861, -0.19923062]))	False
APOLD1	ENHA_SP1;SMAD3	41.0610627341015	2.32131443928262e-27	False	((1.1666666666666667, 0.5798029556650248), array([ 0.35464861, -0.19923062]))	False
APOLD1	ENHA_MAX;SMAD3	11.928497823589	5.14799944625241e-63	False	((1.1333333333333335, -0.14630541871921177), array([ 0.35464861, -0.19923062]))	False
APOLD1	ENHA_TP53;SMAD3	27.3901230717778	1.36473561254527e-89	False	((1.1666666666666667, 0.8724137931034484), array([ 0.35464861, -0.19923062]))	False
APOLD1	ENHA_E2F4;SMAD3	4.74572797222838	1.22059329768527e-33	False	((1.1, -0.8724137931034484), array([ 0.35464861, -0.19923062]))	False
APOLD1	ENHA_NR3C1;SMAD3	10.6642844597844	2.75703215799549e-67	False	((1.1666666666666667, 0.18965517241379315), array([ 0.35464861, -0.19923062]))	False
APOLD1	ENHA_KLF5;SMAD3	28.4077784586534	7.20608163194544e-57	False	((1.1, -0.22216748768472905), array([ 0.35464861, -0.19923062]))	False
APOLD1	ENHA_TGIF1;SMAD3	6.912151822875	1.72045769103409e-50	False	((1.1333333333333335, 0.8290640394088671), array([ 0.35464861, -0.19923062]))	False
APOLD1	ENHA_AR;SMAD3	10.0817562465922	1.29570384047792e-67	False	((1.1, -1.1), array([ 0.35464861, -0.19923062]))	False
APOLD1	ENHA_SP1;SMAD3	41.0610627341015	2.32131443928262e-27	False	((1.1666666666666667, 0.5798029556650248), array([ 0.35464861, -0.19923062]))	False
APOLD1	ENHA_FOXH1;SMAD3	4.73882728748866	1.20539571470202e-32	False	((1.1, -0.6773399014778325), array([ 0.35464861, -0.19923062]))	False
APOLD1	ENHA_CEBPD;SMAD3	5.89829143075588	6.25231224469936e-43	False	((1.1333333333333335, -0.9591133004926109), array([ 0.35464861, -0.19923062]))	False
APOLD1	ENHA_KLF5;SMAD3	28.4077784586534	7.20608163194544e-57	False	((1.1, -0.22216748768472905), array([ 0.35464861, -0.19923062]))	False
APOLD1	ENHA_SP1;SMAD3	41.0610627341015	2.32131443928262e-27	False	((1.1666666666666667, 0.5798029556650248), array([ 0.35464861, -0.19923062]))	False
APOLD1	ENHA_MAX;SMAD3	11.928497823589	5.14799944625241e-63	False	((1.1333333333333335, -0.14630541871921177), array([ 0.35464861, -0.19923062]))	False
APOLD1	ENHA_SREBF2;SMAD3	9.87478321342904	1.56516922515084e-65	False	((1.1666666666666667, 0.6448275862068966), array([ 0.35464861, -0.19923062]))	False
APOLD1	ENHA_FOXH1;SMAD3	4.73882728748866	1.20539571470202e-32	False	((1.1, -0.6773399014778325), array([ 0.35464861, -0.19923062]))	False
APOLD1	ENHA_PRDM4;SMAD3	12.5654373985288	3.4350390548619898e-71	False	((1.1333333333333335, 0.3413793103448277), array([ 0.35464861, -0.19923062]))	False
APOLD1	ENHA_FOXO3;SMAD3	6.38437611019111	7.50205213548244e-47	False	((1.1, -0.6448275862068966), array([ 0.35464861, -0.19923062]))	False
APOLD1	ENHA_NR3C1;SMAD3	10.6642844597844	2.75703215799549e-67	False	((1.1666666666666667, 0.18965517241379315), array([ 0.35464861, -0.19923062]))	False
APOLD1	ENHA_AR;SMAD3	10.0817562465922	1.29570384047792e-67	False	((1.1, -1.1), array([ 0.35464861, -0.19923062]))	False
APOLD1	ENHA_SP1;SMAD3	41.0610627341015	2.32131443928262e-27	False	((1.1666666666666667, 0.5798029556650248), array([ 0.35464861, -0.19923062]))	False
APOLD1	ENHA_LEF1;SMAD3	6.07168111602633	1.4801553254609902e-44	False	((1.1, -0.18965517241379304), array([ 0.35464861, -0.19923062]))	False
APOLD1	ENHA_RUNX2;SMAD3	12.6072834999203	2.4840579909653103e-61	False	((1.1333333333333335, 0.47142857142857153), array([ 0.35464861, -0.19923062]))	False
APOLD1	ENHA_PRDM4;SMAD3	12.5654373985288	3.4350390548619898e-71	False	((1.1333333333333335, 0.3413793103448277), array([ 0.35464861, -0.19923062]))	False
APOLD1	PROM_SP1;SMAD3	22.3128591934152	3.02418708725963e-21	False	((-1.1333333333333335, 0.14347826086956506), array([ 0.35464861, -0.19923062]))	False
APOLD1	ENHA_NFKB1;GSK3B	104.190624655973	4.2033806942540705e-61	False	((1.1333333333333335, 0.08128078817733986), array([-0.85516147,  0.5594915 ]))	False
APOLD1	ENHA_NFKB1;GSK3B	104.190624655973	4.2033806942540705e-61	False	((1.1333333333333335, 0.08128078817733986), array([-0.85516147,  0.5594915 ]))	False
APOLD1	ENHA_SNAI2;GSK3B	51.8678313863104	9.2590360341152e-58	False	((1.1, 0.5256157635467982), array([-0.85516147,  0.5594915 ]))	False
APOLD1	ENHA_SNAI1;GSK3B	17.4330743740685	3.4916276331357e-70	False	((1.1666666666666667, 0.5147783251231528), array([-0.85516147,  0.5594915 ]))	False
APOLD1	ENHA_KLF5;GSK3B	30.6705095326026	3.64952496298737e-70	False	((1.1, -0.22216748768472905), array([-0.85516147,  0.5594915 ]))	False
APOLD1	ENHA_SOX10;GSK3B	8.65896019699386	1.53414637726046e-60	False	((1.1333333333333335, 0.5364532019704435), array([-0.85516147,  0.5594915 ]))	False
APOLD1	ENHA_JUN;GSK3B	8.96832553477093	1.4895555361723099e-62	False	((1.1666666666666667, -0.33054187192118223), array([-0.85516147,  0.5594915 ]))	False
APOLD1	ENHA_SNAI2;GSK3B	51.8678313863104	9.2590360341152e-58	False	((1.1, 0.5256157635467982), array([-0.85516147,  0.5594915 ]))	False
APOLD1	ENHA_SNAI1;GSK3B	17.4330743740685	3.4916276331357e-70	False	((1.1666666666666667, 0.5147783251231528), array([-0.85516147,  0.5594915 ]))	False
APOLD1	ENHA_NFKB1;GSK3B	104.190624655973	4.2033806942540705e-61	False	((1.1333333333333335, 0.08128078817733986), array([-0.85516147,  0.5594915 ]))	False
APOLD1	ENHA_NFKB1;GSK3B	104.190624655973	4.2033806942540705e-61	False	((1.1333333333333335, 0.08128078817733986), array([-0.85516147,  0.5594915 ]))	False
APOLD1	ENHA_TP53;GSK3B	34.310120620917	7.30602330241009e-102	False	((1.1666666666666667, 0.8724137931034484), array([-0.85516147,  0.5594915 ]))	False
APOLD1	ENHA_SOX10;GSK3B	8.65896019699386	1.53414637726046e-60	False	((1.1333333333333335, 0.5364532019704435), array([-0.85516147,  0.5594915 ]))	False
APOLD1	ENHA_TP53;GSK3B	34.310120620917	7.30602330241009e-102	False	((1.1666666666666667, 0.8724137931034484), array([-0.85516147,  0.5594915 ]))	False
APOLD1	ENHA_SNAI2;GSK3B	51.8678313863104	9.2590360341152e-58	False	((1.1, 0.5256157635467982), array([-0.85516147,  0.5594915 ]))	False
APOLD1	ENHA_SNAI1;GSK3B	17.4330743740685	3.4916276331357e-70	False	((1.1666666666666667, 0.5147783251231528), array([-0.85516147,  0.5594915 ]))	False
APOLD1	ENHA_KLF5;GSK3B	30.6705095326026	3.64952496298737e-70	False	((1.1, -0.22216748768472905), array([-0.85516147,  0.5594915 ]))	False
APOLD1	ENHA_NFKB1;GSK3B	104.190624655973	4.2033806942540705e-61	False	((1.1333333333333335, 0.08128078817733986), array([-0.85516147,  0.5594915 ]))	False
APOLD1	ENHA_SNAI2;GSK3B	51.8678313863104	9.2590360341152e-58	False	((1.1, 0.5256157635467982), array([-0.85516147,  0.5594915 ]))	False
APOLD1	ENHA_SNAI1;GSK3B	17.4330743740685	3.4916276331357e-70	False	((1.1666666666666667, 0.5147783251231528), array([-0.85516147,  0.5594915 ]))	False
APOLD1	ENHA_AR;GSK3B	11.8138963508019	3.38742812520145e-76	False	((1.1, -1.1), array([-0.85516147,  0.5594915 ]))	False
APOLD1	ENHA_NFKB1;GSK3B	104.190624655973	4.2033806942540705e-61	False	((1.1333333333333335, 0.08128078817733986), array([-0.85516147,  0.5594915 ]))	False
APOLD1	ENHA_SNAI2;GSK3B	51.8678313863104	9.2590360341152e-58	False	((1.1, 0.5256157635467982), array([-0.85516147,  0.5594915 ]))	False
APOLD1	ENHA_KLF5;GSK3B	30.6705095326026	3.64952496298737e-70	False	((1.1, -0.22216748768472905), array([-0.85516147,  0.5594915 ]))	False
APOLD1	ENHA_JUN;GSK3B	8.96832553477093	1.4895555361723099e-62	False	((1.1666666666666667, -0.33054187192118223), array([-0.85516147,  0.5594915 ]))	False
APOLD1	ENHA_SNAI2;GSK3B	51.8678313863104	9.2590360341152e-58	False	((1.1, 0.5256157635467982), array([-0.85516147,  0.5594915 ]))	False
APOLD1	ENHA_SNAI1;GSK3B	17.4330743740685	3.4916276331357e-70	False	((1.1666666666666667, 0.5147783251231528), array([-0.85516147,  0.5594915 ]))	False
APOLD1	ENHA_MYC;GSK3B	8.57841079961219	8.44297396957523e-61	False	((1.1666666666666667, -0.005418719211822687), array([-0.85516147,  0.5594915 ]))	False
APOLD1	ENHA_KLF5;GSK3B	30.6705095326026	3.64952496298737e-70	False	((1.1, -0.22216748768472905), array([-0.85516147,  0.5594915 ]))	False
APOLD1	ENHA_AR;GSK3B	11.8138963508019	3.38742812520145e-76	False	((1.1, -1.1), array([-0.85516147,  0.5594915 ]))	False
APOLD1	ENHA_AR;GSK3B	11.8138963508019	3.38742812520145e-76	False	((1.1, -1.1), array([-0.85516147,  0.5594915 ]))	False
APOLD1	ENHA_KLF5;GSK3B	30.6705095326026	3.64952496298737e-70	False	((1.1, -0.22216748768472905), array([-0.85516147,  0.5594915 ]))	False
APOLD1	ENHA_NFKB1;GSK3B	104.190624655973	4.2033806942540705e-61	False	((1.1333333333333335, 0.08128078817733986), array([-0.85516147,  0.5594915 ]))	False
APOLD1	ENHA_SNAI1;GSK3B	17.4330743740685	3.4916276331357e-70	False	((1.1666666666666667, 0.5147783251231528), array([-0.85516147,  0.5594915 ]))	False
APOLD1	ENHA_NFKB1;GSK3B	104.190624655973	4.2033806942540705e-61	False	((1.1333333333333335, 0.08128078817733986), array([-0.85516147,  0.5594915 ]))	False
APOLD1	ENHA_MYC;GSK3B	8.57841079961219	8.44297396957523e-61	False	((1.1666666666666667, -0.005418719211822687), array([-0.85516147,  0.5594915 ]))	False
APOLD1	ENHA_KLF5;GSK3B	30.6705095326026	3.64952496298737e-70	False	((1.1, -0.22216748768472905), array([-0.85516147,  0.5594915 ]))	False
APOLD1	ENHA_TP53;GSK3B	34.310120620917	7.30602330241009e-102	False	((1.1666666666666667, 0.8724137931034484), array([-0.85516147,  0.5594915 ]))	False
APOLD1	ENHA_NFKB1;GSK3B	104.190624655973	4.2033806942540705e-61	False	((1.1333333333333335, 0.08128078817733986), array([-0.85516147,  0.5594915 ]))	False
APOLD1	ENHA_TP53;GSK3B	34.310120620917	7.30602330241009e-102	False	((1.1666666666666667, 0.8724137931034484), array([-0.85516147,  0.5594915 ]))	False
APOLD1	ENHA_SNAI2;GSK3B	51.8678313863104	9.2590360341152e-58	False	((1.1, 0.5256157635467982), array([-0.85516147,  0.5594915 ]))	False
APOLD1	ENHA_TP53;GSK3B	34.310120620917	7.30602330241009e-102	False	((1.1666666666666667, 0.8724137931034484), array([-0.85516147,  0.5594915 ]))	False
APOLD1	ENHA_AR;GSK3B	11.8138963508019	3.38742812520145e-76	False	((1.1, -1.1), array([-0.85516147,  0.5594915 ]))	False
APOLD1	ENHA_SNAI2;GSK3B	51.8678313863104	9.2590360341152e-58	False	((1.1, 0.5256157635467982), array([-0.85516147,  0.5594915 ]))	False
APOLD1	ENHA_NFKB1;GSK3B	104.190624655973	4.2033806942540705e-61	False	((1.1333333333333335, 0.08128078817733986), array([-0.85516147,  0.5594915 ]))	False
APOLD1	ENHA_TP53;GSK3B	34.310120620917	7.30602330241009e-102	False	((1.1666666666666667, 0.8724137931034484), array([-0.85516147,  0.5594915 ]))	False
APOLD1	ENHA_SNAI2;GSK3B	51.8678313863104	9.2590360341152e-58	False	((1.1, 0.5256157635467982), array([-0.85516147,  0.5594915 ]))	False
APOLD1	ENHA_SOX10;GSK3B	8.65896019699386	1.53414637726046e-60	False	((1.1333333333333335, 0.5364532019704435), array([-0.85516147,  0.5594915 ]))	False
APOLD1	ENHA_NFKB1;GSK3B	104.190624655973	4.2033806942540705e-61	False	((1.1333333333333335, 0.08128078817733986), array([-0.85516147,  0.5594915 ]))	False
APOLD1	ENHA_SNAI2;GSK3B	51.8678313863104	9.2590360341152e-58	False	((1.1, 0.5256157635467982), array([-0.85516147,  0.5594915 ]))	False
APOLD1	ENHA_NFKB1;GSK3B	104.190624655973	4.2033806942540705e-61	False	((1.1333333333333335, 0.08128078817733986), array([-0.85516147,  0.5594915 ]))	False
APOLD1	ENHA_MYC;GSK3B	8.57841079961219	8.44297396957523e-61	False	((1.1666666666666667, -0.005418719211822687), array([-0.85516147,  0.5594915 ]))	False
APOLD1	ENHA_SNAI2;GSK3B	51.8678313863104	9.2590360341152e-58	False	((1.1, 0.5256157635467982), array([-0.85516147,  0.5594915 ]))	False
APOLD1	ENHA_KLF5;GSK3B	30.6705095326026	3.64952496298737e-70	False	((1.1, -0.22216748768472905), array([-0.85516147,  0.5594915 ]))	False
APOLD1	ENHA_JUN;GSK3B	8.96832553477093	1.4895555361723099e-62	False	((1.1666666666666667, -0.33054187192118223), array([-0.85516147,  0.5594915 ]))	False
APOLD1	ENHA_KLF5;GSK3B	30.6705095326026	3.64952496298737e-70	False	((1.1, -0.22216748768472905), array([-0.85516147,  0.5594915 ]))	False
APOLD1	ENHA_MYC;GSK3B	8.57841079961219	8.44297396957523e-61	False	((1.1666666666666667, -0.005418719211822687), array([-0.85516147,  0.5594915 ]))	False
APOLD1	ENHA_AR;GSK3B	11.8138963508019	3.38742812520145e-76	False	((1.1, -1.1), array([-0.85516147,  0.5594915 ]))	False
APOLD1	ENHA_SNAI2;GSK3B	51.8678313863104	9.2590360341152e-58	False	((1.1, 0.5256157635467982), array([-0.85516147,  0.5594915 ]))	False
APOLD1	ENHA_SNAI1;GSK3B	17.4330743740685	3.4916276331357e-70	False	((1.1666666666666667, 0.5147783251231528), array([-0.85516147,  0.5594915 ]))	False
APOLD1	ENHA_SNAI2;GSK3B	51.8678313863104	9.2590360341152e-58	False	((1.1, 0.5256157635467982), array([-0.85516147,  0.5594915 ]))	False
APOLD1	ENHA_SNAI2;GSK3B	51.8678313863104	9.2590360341152e-58	False	((1.1, 0.5256157635467982), array([-0.85516147,  0.5594915 ]))	False
APOLD1	ENHA_SNAI1;GSK3B	17.4330743740685	3.4916276331357e-70	False	((1.1666666666666667, 0.5147783251231528), array([-0.85516147,  0.5594915 ]))	False
APOLD1	ENHA_SNAI2;GSK3B	51.8678313863104	9.2590360341152e-58	False	((1.1, 0.5256157635467982), array([-0.85516147,  0.5594915 ]))	False
APOLD1	ENHA_TP53;GSK3B	34.310120620917	7.30602330241009e-102	False	((1.1666666666666667, 0.8724137931034484), array([-0.85516147,  0.5594915 ]))	False
APOLD1	ENHA_KLF5;GSK3B	30.6705095326026	3.64952496298737e-70	False	((1.1, -0.22216748768472905), array([-0.85516147,  0.5594915 ]))	False
APOLD1	ENHA_AR;GSK3B	11.8138963508019	3.38742812520145e-76	False	((1.1, -1.1), array([-0.85516147,  0.5594915 ]))	False
APOLD1	ENHA_NFKB1;GSK3B	104.190624655973	4.2033806942540705e-61	False	((1.1333333333333335, 0.08128078817733986), array([-0.85516147,  0.5594915 ]))	False
APOLD1	ENHA_KLF5;GSK3B	30.6705095326026	3.64952496298737e-70	False	((1.1, -0.22216748768472905), array([-0.85516147,  0.5594915 ]))	False
APOLD1	ENHA_NFKB1;GSK3B	104.190624655973	4.2033806942540705e-61	False	((1.1333333333333335, 0.08128078817733986), array([-0.85516147,  0.5594915 ]))	False
APOLD1	ENHA_NFKB1;GSK3B	104.190624655973	4.2033806942540705e-61	False	((1.1333333333333335, 0.08128078817733986), array([-0.85516147,  0.5594915 ]))	False
APOLD1	ENHA_AR;GSK3B	11.8138963508019	3.38742812520145e-76	False	((1.1, -1.1), array([-0.85516147,  0.5594915 ]))	False
APOLD1	ENHA_SOX10;GSK3B	8.65896019699386	1.53414637726046e-60	False	((1.1333333333333335, 0.5364532019704435), array([-0.85516147,  0.5594915 ]))	False
APOLD1	ENHA_TCF3;PARP1	29.6350590021207	7.9327218781721e-54	False	((1.1333333333333335, 0.6990147783251233), array([-0.33459415,  0.27077362]))	False
APOLD1	ENHA_NFKB1;PARP1	190.973596552229	5.9265049843333905e-59	False	((1.1333333333333335, 0.08128078817733986), array([-0.33459415,  0.27077362]))	False
APOLD1	ENHA_SP1;PARP1	inf	1.96260516009134e-37	False	((1.1666666666666667, 0.5798029556650248), array([-0.33459415,  0.27077362]))	False
APOLD1	ENHA_TCF7L2;PARP1	7.88244159669083	8.1320880197201e-57	False	((1.1, 0.720689655172414), array([-0.33459415,  0.27077362]))	False
APOLD1	ENHA_NFKB1;PARP1	190.973596552229	5.9265049843333905e-59	False	((1.1333333333333335, 0.08128078817733986), array([-0.33459415,  0.27077362]))	False
APOLD1	ENHA_KLF5;PARP1	38.5435351587313	2.53340270091276e-60	False	((1.1, -0.22216748768472905), array([-0.33459415,  0.27077362]))	False
APOLD1	ENHA_SP1;PARP1	inf	1.96260516009134e-37	False	((1.1666666666666667, 0.5798029556650248), array([-0.33459415,  0.27077362]))	False
APOLD1	ENHA_SNAI1;PARP1	14.6956786603208	4.54503154346008e-59	False	((1.1666666666666667, 0.5147783251231528), array([-0.33459415,  0.27077362]))	False
APOLD1	ENHA_KLF5;PARP1	38.5435351587313	2.53340270091276e-60	False	((1.1, -0.22216748768472905), array([-0.33459415,  0.27077362]))	False
APOLD1	ENHA_SP1;PARP1	inf	1.96260516009134e-37	False	((1.1666666666666667, 0.5798029556650248), array([-0.33459415,  0.27077362]))	False
APOLD1	ENHA_HOXB7;PARP1	5.52758781093545	5.12138343133659e-28	False	((1.1666666666666667, -0.46059113300492616), array([-0.33459415,  0.27077362]))	False
APOLD1	ENHA_POU2F1;PARP1	5.35594047541506	9.3565030275581e-39	False	((1.1666666666666667, 0.28719211822660107), array([-0.33459415,  0.27077362]))	False
APOLD1	ENHA_JUN;PARP1	8.1419073341343	3.04008300158584e-58	False	((1.1666666666666667, -0.33054187192118223), array([-0.33459415,  0.27077362]))	False
APOLD1	ENHA_CTCF;PARP1	14.2837161325425	3.20344525165081e-74	False	((1.1, -0.9049261083743843), array([-0.33459415,  0.27077362]))	False
APOLD1	ENHA_TCF3;PARP1	29.6350590021207	7.9327218781721e-54	False	((1.1333333333333335, 0.6990147783251233), array([-0.33459415,  0.27077362]))	False
APOLD1	ENHA_SNAI1;PARP1	14.6956786603208	4.54503154346008e-59	False	((1.1666666666666667, 0.5147783251231528), array([-0.33459415,  0.27077362]))	False
APOLD1	ENHA_NFKB1;PARP1	190.973596552229	5.9265049843333905e-59	False	((1.1333333333333335, 0.08128078817733986), array([-0.33459415,  0.27077362]))	False
APOLD1	ENHA_SP1;PARP1	inf	1.96260516009134e-37	False	((1.1666666666666667, 0.5798029556650248), array([-0.33459415,  0.27077362]))	False
APOLD1	ENHA_CTCF;PARP1	14.2837161325425	3.20344525165081e-74	False	((1.1, -0.9049261083743843), array([-0.33459415,  0.27077362]))	False
APOLD1	ENHA_POU2F1;PARP1	5.35594047541506	9.3565030275581e-39	False	((1.1666666666666667, 0.28719211822660107), array([-0.33459415,  0.27077362]))	False
APOLD1	ENHA_NFKB1;PARP1	190.973596552229	5.9265049843333905e-59	False	((1.1333333333333335, 0.08128078817733986), array([-0.33459415,  0.27077362]))	False
APOLD1	ENHA_SP1;PARP1	inf	1.96260516009134e-37	False	((1.1666666666666667, 0.5798029556650248), array([-0.33459415,  0.27077362]))	False
APOLD1	ENHA_TP53;PARP1	38.3706704548405	3.31817595038781e-96	False	((1.1666666666666667, 0.8724137931034484), array([-0.33459415,  0.27077362]))	True
APOLD1	ENHA_TP53;PARP1	38.3706704548405	3.31817595038781e-96	False	((1.1666666666666667, 0.8724137931034484), array([-0.33459415,  0.27077362]))	True
APOLD1	ENHA_SNAI1;PARP1	14.6956786603208	4.54503154346008e-59	False	((1.1666666666666667, 0.5147783251231528), array([-0.33459415,  0.27077362]))	False
APOLD1	ENHA_KLF5;PARP1	38.5435351587313	2.53340270091276e-60	False	((1.1, -0.22216748768472905), array([-0.33459415,  0.27077362]))	False
APOLD1	ENHA_TCF7L2;PARP1	7.88244159669083	8.1320880197201e-57	False	((1.1, 0.720689655172414), array([-0.33459415,  0.27077362]))	False
APOLD1	ENHA_NFKB1;PARP1	190.973596552229	5.9265049843333905e-59	False	((1.1333333333333335, 0.08128078817733986), array([-0.33459415,  0.27077362]))	False
APOLD1	ENHA_SP1;PARP1	inf	1.96260516009134e-37	False	((1.1666666666666667, 0.5798029556650248), array([-0.33459415,  0.27077362]))	False
APOLD1	ENHA_SNAI1;PARP1	14.6956786603208	4.54503154346008e-59	False	((1.1666666666666667, 0.5147783251231528), array([-0.33459415,  0.27077362]))	False
APOLD1	ENHA_POU2F1;PARP1	5.35594047541506	9.3565030275581e-39	False	((1.1666666666666667, 0.28719211822660107), array([-0.33459415,  0.27077362]))	False
APOLD1	ENHA_NFKB1;PARP1	190.973596552229	5.9265049843333905e-59	False	((1.1333333333333335, 0.08128078817733986), array([-0.33459415,  0.27077362]))	False
APOLD1	ENHA_TCF3;PARP1	29.6350590021207	7.9327218781721e-54	False	((1.1333333333333335, 0.6990147783251233), array([-0.33459415,  0.27077362]))	False
APOLD1	ENHA_KLF5;PARP1	38.5435351587313	2.53340270091276e-60	False	((1.1, -0.22216748768472905), array([-0.33459415,  0.27077362]))	False
APOLD1	ENHA_SP1;PARP1	inf	1.96260516009134e-37	False	((1.1666666666666667, 0.5798029556650248), array([-0.33459415,  0.27077362]))	False
APOLD1	ENHA_JUN;PARP1	8.1419073341343	3.04008300158584e-58	False	((1.1666666666666667, -0.33054187192118223), array([-0.33459415,  0.27077362]))	False
APOLD1	ENHA_TCF3;PARP1	29.6350590021207	7.9327218781721e-54	False	((1.1333333333333335, 0.6990147783251233), array([-0.33459415,  0.27077362]))	False
APOLD1	ENHA_SNAI1;PARP1	14.6956786603208	4.54503154346008e-59	False	((1.1666666666666667, 0.5147783251231528), array([-0.33459415,  0.27077362]))	False
APOLD1	ENHA_SP1;PARP1	inf	1.96260516009134e-37	False	((1.1666666666666667, 0.5798029556650248), array([-0.33459415,  0.27077362]))	False
APOLD1	ENHA_TCF7L2;PARP1	7.88244159669083	8.1320880197201e-57	False	((1.1, 0.720689655172414), array([-0.33459415,  0.27077362]))	False
APOLD1	ENHA_KLF5;PARP1	38.5435351587313	2.53340270091276e-60	False	((1.1, -0.22216748768472905), array([-0.33459415,  0.27077362]))	False
APOLD1	ENHA_SP1;PARP1	inf	1.96260516009134e-37	False	((1.1666666666666667, 0.5798029556650248), array([-0.33459415,  0.27077362]))	False
APOLD1	ENHA_TCF3;PARP1	29.6350590021207	7.9327218781721e-54	False	((1.1333333333333335, 0.6990147783251233), array([-0.33459415,  0.27077362]))	False
APOLD1	ENHA_CTCF;PARP1	14.2837161325425	3.20344525165081e-74	False	((1.1, -0.9049261083743843), array([-0.33459415,  0.27077362]))	False
APOLD1	ENHA_KLF5;PARP1	38.5435351587313	2.53340270091276e-60	False	((1.1, -0.22216748768472905), array([-0.33459415,  0.27077362]))	False
APOLD1	ENHA_NFKB1;PARP1	190.973596552229	5.9265049843333905e-59	False	((1.1333333333333335, 0.08128078817733986), array([-0.33459415,  0.27077362]))	False
APOLD1	ENHA_TCF3;PARP1	29.6350590021207	7.9327218781721e-54	False	((1.1333333333333335, 0.6990147783251233), array([-0.33459415,  0.27077362]))	False
APOLD1	ENHA_SNAI1;PARP1	14.6956786603208	4.54503154346008e-59	False	((1.1666666666666667, 0.5147783251231528), array([-0.33459415,  0.27077362]))	False
APOLD1	ENHA_NFKB1;PARP1	190.973596552229	5.9265049843333905e-59	False	((1.1333333333333335, 0.08128078817733986), array([-0.33459415,  0.27077362]))	False
APOLD1	ENHA_SP1;PARP1	inf	1.96260516009134e-37	False	((1.1666666666666667, 0.5798029556650248), array([-0.33459415,  0.27077362]))	False
APOLD1	ENHA_CEBPA;PARP1	8.64641473126856	1.76358172314447e-59	False	((1.1666666666666667, -0.9807881773399015), array([-0.33459415,  0.27077362]))	False
APOLD1	ENHA_KLF5;PARP1	38.5435351587313	2.53340270091276e-60	False	((1.1, -0.22216748768472905), array([-0.33459415,  0.27077362]))	False
APOLD1	ENHA_SP1;PARP1	inf	1.96260516009134e-37	False	((1.1666666666666667, 0.5798029556650248), array([-0.33459415,  0.27077362]))	False
APOLD1	ENHA_TP53;PARP1	38.3706704548405	3.31817595038781e-96	False	((1.1666666666666667, 0.8724137931034484), array([-0.33459415,  0.27077362]))	True
APOLD1	ENHA_NFKB1;PARP1	190.973596552229	5.9265049843333905e-59	False	((1.1333333333333335, 0.08128078817733986), array([-0.33459415,  0.27077362]))	False
APOLD1	ENHA_TP53;PARP1	38.3706704548405	3.31817595038781e-96	False	((1.1666666666666667, 0.8724137931034484), array([-0.33459415,  0.27077362]))	True
APOLD1	ENHA_KLF5;PARP1	38.5435351587313	2.53340270091276e-60	False	((1.1, -0.22216748768472905), array([-0.33459415,  0.27077362]))	False
APOLD1	ENHA_SP1;PARP1	inf	1.96260516009134e-37	False	((1.1666666666666667, 0.5798029556650248), array([-0.33459415,  0.27077362]))	False
APOLD1	ENHA_TCF3;PARP1	29.6350590021207	7.9327218781721e-54	False	((1.1333333333333335, 0.6990147783251233), array([-0.33459415,  0.27077362]))	False
APOLD1	ENHA_TP53;PARP1	38.3706704548405	3.31817595038781e-96	False	((1.1666666666666667, 0.8724137931034484), array([-0.33459415,  0.27077362]))	True
APOLD1	ENHA_TCF3;PARP1	29.6350590021207	7.9327218781721e-54	False	((1.1333333333333335, 0.6990147783251233), array([-0.33459415,  0.27077362]))	False
APOLD1	ENHA_NFKB1;PARP1	190.973596552229	5.9265049843333905e-59	False	((1.1333333333333335, 0.08128078817733986), array([-0.33459415,  0.27077362]))	False
APOLD1	ENHA_TP53;PARP1	38.3706704548405	3.31817595038781e-96	False	((1.1666666666666667, 0.8724137931034484), array([-0.33459415,  0.27077362]))	True
APOLD1	ENHA_TCF3;PARP1	29.6350590021207	7.9327218781721e-54	False	((1.1333333333333335, 0.6990147783251233), array([-0.33459415,  0.27077362]))	False
APOLD1	ENHA_NFKB1;PARP1	190.973596552229	5.9265049843333905e-59	False	((1.1333333333333335, 0.08128078817733986), array([-0.33459415,  0.27077362]))	False
APOLD1	ENHA_TCF7L2;PARP1	7.88244159669083	8.1320880197201e-57	False	((1.1, 0.720689655172414), array([-0.33459415,  0.27077362]))	False
APOLD1	ENHA_NFKB1;PARP1	190.973596552229	5.9265049843333905e-59	False	((1.1333333333333335, 0.08128078817733986), array([-0.33459415,  0.27077362]))	False
APOLD1	ENHA_TCF7L2;PARP1	7.88244159669083	8.1320880197201e-57	False	((1.1, 0.720689655172414), array([-0.33459415,  0.27077362]))	False
APOLD1	ENHA_KLF5;PARP1	38.5435351587313	2.53340270091276e-60	False	((1.1, -0.22216748768472905), array([-0.33459415,  0.27077362]))	False
APOLD1	ENHA_JUN;PARP1	8.1419073341343	3.04008300158584e-58	False	((1.1666666666666667, -0.33054187192118223), array([-0.33459415,  0.27077362]))	False
APOLD1	ENHA_CEBPA;PARP1	8.64641473126856	1.76358172314447e-59	False	((1.1666666666666667, -0.9807881773399015), array([-0.33459415,  0.27077362]))	False
APOLD1	ENHA_TCF7L2;PARP1	7.88244159669083	8.1320880197201e-57	False	((1.1, 0.720689655172414), array([-0.33459415,  0.27077362]))	False
APOLD1	ENHA_KLF5;PARP1	38.5435351587313	2.53340270091276e-60	False	((1.1, -0.22216748768472905), array([-0.33459415,  0.27077362]))	False
APOLD1	ENHA_CEBPA;PARP1	8.64641473126856	1.76358172314447e-59	False	((1.1666666666666667, -0.9807881773399015), array([-0.33459415,  0.27077362]))	False
APOLD1	ENHA_SP1;PARP1	inf	1.96260516009134e-37	False	((1.1666666666666667, 0.5798029556650248), array([-0.33459415,  0.27077362]))	False
APOLD1	ENHA_CTCF;PARP1	14.2837161325425	3.20344525165081e-74	False	((1.1, -0.9049261083743843), array([-0.33459415,  0.27077362]))	False
APOLD1	ENHA_TCF3;PARP1	29.6350590021207	7.9327218781721e-54	False	((1.1333333333333335, 0.6990147783251233), array([-0.33459415,  0.27077362]))	False
APOLD1	ENHA_SNAI1;PARP1	14.6956786603208	4.54503154346008e-59	False	((1.1666666666666667, 0.5147783251231528), array([-0.33459415,  0.27077362]))	False
APOLD1	ENHA_TCF3;PARP1	29.6350590021207	7.9327218781721e-54	False	((1.1333333333333335, 0.6990147783251233), array([-0.33459415,  0.27077362]))	False
APOLD1	ENHA_SNAI1;PARP1	14.6956786603208	4.54503154346008e-59	False	((1.1666666666666667, 0.5147783251231528), array([-0.33459415,  0.27077362]))	False
APOLD1	ENHA_SP1;PARP1	inf	1.96260516009134e-37	False	((1.1666666666666667, 0.5798029556650248), array([-0.33459415,  0.27077362]))	False
APOLD1	ENHA_TCF3;PARP1	29.6350590021207	7.9327218781721e-54	False	((1.1333333333333335, 0.6990147783251233), array([-0.33459415,  0.27077362]))	False
APOLD1	ENHA_TP53;PARP1	38.3706704548405	3.31817595038781e-96	False	((1.1666666666666667, 0.8724137931034484), array([-0.33459415,  0.27077362]))	True
APOLD1	ENHA_KLF5;PARP1	38.5435351587313	2.53340270091276e-60	False	((1.1, -0.22216748768472905), array([-0.33459415,  0.27077362]))	False
APOLD1	ENHA_SP1;PARP1	inf	1.96260516009134e-37	False	((1.1666666666666667, 0.5798029556650248), array([-0.33459415,  0.27077362]))	False
APOLD1	ENHA_NFKB1;PARP1	190.973596552229	5.9265049843333905e-59	False	((1.1333333333333335, 0.08128078817733986), array([-0.33459415,  0.27077362]))	False
APOLD1	ENHA_KLF5;PARP1	38.5435351587313	2.53340270091276e-60	False	((1.1, -0.22216748768472905), array([-0.33459415,  0.27077362]))	False
APOLD1	ENHA_NFKB1;PARP1	190.973596552229	5.9265049843333905e-59	False	((1.1333333333333335, 0.08128078817733986), array([-0.33459415,  0.27077362]))	False
APOLD1	ENHA_SP1;PARP1	inf	1.96260516009134e-37	False	((1.1666666666666667, 0.5798029556650248), array([-0.33459415,  0.27077362]))	False
APOLD1	ENHA_TCF3;PARP1	29.6350590021207	7.9327218781721e-54	False	((1.1333333333333335, 0.6990147783251233), array([-0.33459415,  0.27077362]))	False
APOLD1	ENHA_NFKB1;PARP1	190.973596552229	5.9265049843333905e-59	False	((1.1333333333333335, 0.08128078817733986), array([-0.33459415,  0.27077362]))	False
APOLD1	ENHA_SP1;PARP1	inf	1.96260516009134e-37	False	((1.1666666666666667, 0.5798029556650248), array([-0.33459415,  0.27077362]))	False
APOLD1	ENHA_TCF7L2;PARP1	7.88244159669083	8.1320880197201e-57	False	((1.1, 0.720689655172414), array([-0.33459415,  0.27077362]))	False
APOLD1	ENHA_HOXB7;PARP1	5.52758781093545	5.12138343133659e-28	False	((1.1666666666666667, -0.46059113300492616), array([-0.33459415,  0.27077362]))	False
APOLD1	PARP1;PROM_SP1	75.8908049532596	7.81516435060753e-27	False	(array([-0.33459415,  0.27077362]), (-1.1333333333333335, 0.14347826086956506))	False
APOLD1	ENHA_NFKB2;UBA52	20.5771504979357	3.3731558947919396e-78	False	((1.1666666666666667, 0.09211822660098523), array([-0.02576811, -0.50067157]))	True
APOLD1	ENHA_JUN;UBA52	9.53182251960185	2.04680467750796e-65	False	((1.1666666666666667, -0.33054187192118223), array([-0.02576811, -0.50067157]))	False
APOLD1	ENHA_ETV1;UBA52	13.8331745402761	1.5985790731174298e-77	False	((1.1666666666666667, -0.7532019704433498), array([-0.02576811, -0.50067157]))	False
APOLD1	ENHA_NFATC4;UBA52	9.02668498457304	2.66119102701245e-63	False	((1.1333333333333335, 0.01625615763546806), array([-0.02576811, -0.50067157]))	False
APOLD1	ENHA_TP53;UBA52	31.6622112883	5.32294192155519e-104	False	((1.1666666666666667, 0.8724137931034484), array([-0.02576811, -0.50067157]))	False
APOLD1	ENHA_TP53;UBA52	31.6622112883	5.32294192155519e-104	False	((1.1666666666666667, 0.8724137931034484), array([-0.02576811, -0.50067157]))	False
APOLD1	ENHA_KLF5;UBA52	25.611080466444	2.0207722015680098e-77	False	((1.1, -0.22216748768472905), array([-0.02576811, -0.50067157]))	False
APOLD1	ENHA_NFATC4;UBA52	9.02668498457304	2.66119102701245e-63	False	((1.1333333333333335, 0.01625615763546806), array([-0.02576811, -0.50067157]))	False
APOLD1	ENHA_NFKB2;UBA52	20.5771504979357	3.3731558947919396e-78	False	((1.1666666666666667, 0.09211822660098523), array([-0.02576811, -0.50067157]))	True
APOLD1	ENHA_KLF5;UBA52	25.611080466444	2.0207722015680098e-77	False	((1.1, -0.22216748768472905), array([-0.02576811, -0.50067157]))	False
APOLD1	ENHA_JUN;UBA52	9.53182251960185	2.04680467750796e-65	False	((1.1666666666666667, -0.33054187192118223), array([-0.02576811, -0.50067157]))	False
APOLD1	ENHA_MYC;UBA52	9.17871753129947	5.62501822562921e-64	False	((1.1666666666666667, -0.005418719211822687), array([-0.02576811, -0.50067157]))	False
APOLD1	ENHA_NFKB2;UBA52	20.5771504979357	3.3731558947919396e-78	False	((1.1666666666666667, 0.09211822660098523), array([-0.02576811, -0.50067157]))	True
APOLD1	ENHA_KLF5;UBA52	25.611080466444	2.0207722015680098e-77	False	((1.1, -0.22216748768472905), array([-0.02576811, -0.50067157]))	False
APOLD1	ENHA_NFE2L2;UBA52	9.81081216977693	8.06666477034638e-68	False	((1.1666666666666667, 0.027093596059113434), array([-0.02576811, -0.50067157]))	False
APOLD1	ENHA_MYC;UBA52	9.17871753129947	5.62501822562921e-64	False	((1.1666666666666667, -0.005418719211822687), array([-0.02576811, -0.50067157]))	False
APOLD1	ENHA_KLF5;UBA52	25.611080466444	2.0207722015680098e-77	False	((1.1, -0.22216748768472905), array([-0.02576811, -0.50067157]))	False
APOLD1	ENHA_TP53;UBA52	31.6622112883	5.32294192155519e-104	False	((1.1666666666666667, 0.8724137931034484), array([-0.02576811, -0.50067157]))	False
APOLD1	ENHA_NFKB2;UBA52	20.5771504979357	3.3731558947919396e-78	False	((1.1666666666666667, 0.09211822660098523), array([-0.02576811, -0.50067157]))	True
APOLD1	ENHA_TP53;UBA52	31.6622112883	5.32294192155519e-104	False	((1.1666666666666667, 0.8724137931034484), array([-0.02576811, -0.50067157]))	False
APOLD1	ENHA_TP53;UBA52	31.6622112883	5.32294192155519e-104	False	((1.1666666666666667, 0.8724137931034484), array([-0.02576811, -0.50067157]))	False
APOLD1	ENHA_NFKB2;UBA52	20.5771504979357	3.3731558947919396e-78	False	((1.1666666666666667, 0.09211822660098523), array([-0.02576811, -0.50067157]))	True
APOLD1	ENHA_TP53;UBA52	31.6622112883	5.32294192155519e-104	False	((1.1666666666666667, 0.8724137931034484), array([-0.02576811, -0.50067157]))	False
APOLD1	ENHA_NFKB2;UBA52	20.5771504979357	3.3731558947919396e-78	False	((1.1666666666666667, 0.09211822660098523), array([-0.02576811, -0.50067157]))	True
APOLD1	ENHA_ETV1;UBA52	13.8331745402761	1.5985790731174298e-77	False	((1.1666666666666667, -0.7532019704433498), array([-0.02576811, -0.50067157]))	False
APOLD1	ENHA_NFATC4;UBA52	9.02668498457304	2.66119102701245e-63	False	((1.1333333333333335, 0.01625615763546806), array([-0.02576811, -0.50067157]))	False
APOLD1	ENHA_MYC;UBA52	9.17871753129947	5.62501822562921e-64	False	((1.1666666666666667, -0.005418719211822687), array([-0.02576811, -0.50067157]))	False
APOLD1	ENHA_NFE2L2;UBA52	9.81081216977693	8.06666477034638e-68	False	((1.1666666666666667, 0.027093596059113434), array([-0.02576811, -0.50067157]))	False
APOLD1	ENHA_NFATC4;UBA52	9.02668498457304	2.66119102701245e-63	False	((1.1333333333333335, 0.01625615763546806), array([-0.02576811, -0.50067157]))	False
APOLD1	ENHA_KLF5;UBA52	25.611080466444	2.0207722015680098e-77	False	((1.1, -0.22216748768472905), array([-0.02576811, -0.50067157]))	False
APOLD1	ENHA_JUN;UBA52	9.53182251960185	2.04680467750796e-65	False	((1.1666666666666667, -0.33054187192118223), array([-0.02576811, -0.50067157]))	False
APOLD1	ENHA_KLF5;UBA52	25.611080466444	2.0207722015680098e-77	False	((1.1, -0.22216748768472905), array([-0.02576811, -0.50067157]))	False
APOLD1	ENHA_MYC;UBA52	9.17871753129947	5.62501822562921e-64	False	((1.1666666666666667, -0.005418719211822687), array([-0.02576811, -0.50067157]))	False
APOLD1	ENHA_NFKB2;UBA52	20.5771504979357	3.3731558947919396e-78	False	((1.1666666666666667, 0.09211822660098523), array([-0.02576811, -0.50067157]))	True
APOLD1	ENHA_NFKB2;UBA52	20.5771504979357	3.3731558947919396e-78	False	((1.1666666666666667, 0.09211822660098523), array([-0.02576811, -0.50067157]))	True
APOLD1	ENHA_NFKB2;UBA52	20.5771504979357	3.3731558947919396e-78	False	((1.1666666666666667, 0.09211822660098523), array([-0.02576811, -0.50067157]))	True
APOLD1	ENHA_TP53;UBA52	31.6622112883	5.32294192155519e-104	False	((1.1666666666666667, 0.8724137931034484), array([-0.02576811, -0.50067157]))	False
APOLD1	ENHA_NFKB2;UBA52	20.5771504979357	3.3731558947919396e-78	False	((1.1666666666666667, 0.09211822660098523), array([-0.02576811, -0.50067157]))	True
APOLD1	ENHA_KLF5;UBA52	25.611080466444	2.0207722015680098e-77	False	((1.1, -0.22216748768472905), array([-0.02576811, -0.50067157]))	False
APOLD1	ENHA_ETV1;UBA52	13.8331745402761	1.5985790731174298e-77	False	((1.1666666666666667, -0.7532019704433498), array([-0.02576811, -0.50067157]))	False
APOLD1	ENHA_NFATC4;UBA52	9.02668498457304	2.66119102701245e-63	False	((1.1333333333333335, 0.01625615763546806), array([-0.02576811, -0.50067157]))	False
APOLD1	ENHA_NFKB2;UBA52	20.5771504979357	3.3731558947919396e-78	False	((1.1666666666666667, 0.09211822660098523), array([-0.02576811, -0.50067157]))	True
APOLD1	ENHA_ETV1;UBA52	13.8331745402761	1.5985790731174298e-77	False	((1.1666666666666667, -0.7532019704433498), array([-0.02576811, -0.50067157]))	False
APOLD1	ENHA_YY1;SMAD2	9.64268630046764	1.78926345786275e-64	False	((1.1666666666666667, 0.9374384236453204), array([0.68224569, 0.5104954 ]))	False
APOLD1	ENHA_MEF2A;SMAD2	78.4424959705557	1.543210011216e-48	False	((1.1, -0.12463054187192113), array([0.68224569, 0.5104954 ]))	False
APOLD1	ENHA_SP1;SMAD2	inf	2.2311426980582601e-35	False	((1.1666666666666667, 0.5798029556650248), array([0.68224569, 0.5104954 ]))	False
APOLD1	ENHA_MEF2A;SMAD2	78.4424959705557	1.543210011216e-48	False	((1.1, -0.12463054187192113), array([0.68224569, 0.5104954 ]))	False
APOLD1	ENHA_KLF5;SMAD2	38.7356860377929	1.8044981945645202e-60	False	((1.1, -0.22216748768472905), array([0.68224569, 0.5104954 ]))	False
APOLD1	ENHA_SP1;SMAD2	inf	2.2311426980582601e-35	False	((1.1666666666666667, 0.5798029556650248), array([0.68224569, 0.5104954 ]))	False
APOLD1	ENHA_KLF5;SMAD2	38.7356860377929	1.8044981945645202e-60	False	((1.1, -0.22216748768472905), array([0.68224569, 0.5104954 ]))	False
APOLD1	ENHA_SP1;SMAD2	inf	2.2311426980582601e-35	False	((1.1666666666666667, 0.5798029556650248), array([0.68224569, 0.5104954 ]))	False
APOLD1	ENHA_JUN;SMAD2	9.15547115647003	1.46926339257102e-63	False	((1.1666666666666667, -0.33054187192118223), array([0.68224569, 0.5104954 ]))	False
APOLD1	ENHA_MEF2A;SMAD2	78.4424959705557	1.543210011216e-48	False	((1.1, -0.12463054187192113), array([0.68224569, 0.5104954 ]))	False
APOLD1	ENHA_TGIF1;SMAD2	7.44622654802622	5.33340354279686e-54	False	((1.1333333333333335, 0.8290640394088671), array([0.68224569, 0.5104954 ]))	False
APOLD1	ENHA_SP1;SMAD2	inf	2.2311426980582601e-35	False	((1.1666666666666667, 0.5798029556650248), array([0.68224569, 0.5104954 ]))	False
APOLD1	ENHA_MEF2A;SMAD2	78.4424959705557	1.543210011216e-48	False	((1.1, -0.12463054187192113), array([0.68224569, 0.5104954 ]))	False
APOLD1	ENHA_SP1;SMAD2	inf	2.2311426980582601e-35	False	((1.1666666666666667, 0.5798029556650248), array([0.68224569, 0.5104954 ]))	False
APOLD1	ENHA_TP53;SMAD2	27.6636733948653	4.68998361226012e-97	False	((1.1666666666666667, 0.8724137931034484), array([0.68224569, 0.5104954 ]))	False
APOLD1	ENHA_MEF2A;SMAD2	78.4424959705557	1.543210011216e-48	False	((1.1, -0.12463054187192113), array([0.68224569, 0.5104954 ]))	False
APOLD1	ENHA_TP53;SMAD2	27.6636733948653	4.68998361226012e-97	False	((1.1666666666666667, 0.8724137931034484), array([0.68224569, 0.5104954 ]))	False
APOLD1	ENHA_KLF5;SMAD2	38.7356860377929	1.8044981945645202e-60	False	((1.1, -0.22216748768472905), array([0.68224569, 0.5104954 ]))	False
APOLD1	ENHA_LEF1;SMAD2	6.32228720914039	2.14933357539717e-46	False	((1.1, -0.18965517241379304), array([0.68224569, 0.5104954 ]))	False
APOLD1	ENHA_MEF2A;SMAD2	78.4424959705557	1.543210011216e-48	False	((1.1, -0.12463054187192113), array([0.68224569, 0.5104954 ]))	False
APOLD1	ENHA_SP1;SMAD2	inf	2.2311426980582601e-35	False	((1.1666666666666667, 0.5798029556650248), array([0.68224569, 0.5104954 ]))	False
APOLD1	ENHA_LEF1;SMAD2	6.32228720914039	2.14933357539717e-46	False	((1.1, -0.18965517241379304), array([0.68224569, 0.5104954 ]))	False
APOLD1	ENHA_MEF2A;SMAD2	78.4424959705557	1.543210011216e-48	False	((1.1, -0.12463054187192113), array([0.68224569, 0.5104954 ]))	False
APOLD1	ENHA_IRF7;SMAD2	6.62127838923763	1.66498749714189e-48	False	((1.1666666666666667, -0.36305418719211824), array([0.68224569, 0.5104954 ]))	False
APOLD1	ENHA_KLF5;SMAD2	38.7356860377929	1.8044981945645202e-60	False	((1.1, -0.22216748768472905), array([0.68224569, 0.5104954 ]))	False
APOLD1	ENHA_SP1;SMAD2	inf	2.2311426980582601e-35	False	((1.1666666666666667, 0.5798029556650248), array([0.68224569, 0.5104954 ]))	False
APOLD1	ENHA_JUN;SMAD2	9.15547115647003	1.46926339257102e-63	False	((1.1666666666666667, -0.33054187192118223), array([0.68224569, 0.5104954 ]))	False
APOLD1	ENHA_SP1;SMAD2	inf	2.2311426980582601e-35	False	((1.1666666666666667, 0.5798029556650248), array([0.68224569, 0.5104954 ]))	False
APOLD1	ENHA_TGIF1;SMAD2	7.44622654802622	5.33340354279686e-54	False	((1.1333333333333335, 0.8290640394088671), array([0.68224569, 0.5104954 ]))	False
APOLD1	ENHA_MEF2A;SMAD2	78.4424959705557	1.543210011216e-48	False	((1.1, -0.12463054187192113), array([0.68224569, 0.5104954 ]))	False
APOLD1	ENHA_MYC;SMAD2	9.05864019695453	1.77190626243947e-63	False	((1.1666666666666667, -0.005418719211822687), array([0.68224569, 0.5104954 ]))	False
APOLD1	ENHA_KLF5;SMAD2	38.7356860377929	1.8044981945645202e-60	False	((1.1, -0.22216748768472905), array([0.68224569, 0.5104954 ]))	False
APOLD1	ENHA_SP1;SMAD2	inf	2.2311426980582601e-35	False	((1.1666666666666667, 0.5798029556650248), array([0.68224569, 0.5104954 ]))	False
APOLD1	ENHA_ETV4;SMAD2	13.7078685502786	7.69871400818655e-65	False	((1.1, -0.7423645320197045), array([0.68224569, 0.5104954 ]))	False
APOLD1	ENHA_IRF7;SMAD2	6.62127838923763	1.66498749714189e-48	False	((1.1666666666666667, -0.36305418719211824), array([0.68224569, 0.5104954 ]))	False
APOLD1	ENHA_IRF3;SMAD2	8.89485735758287	1.44694821650248e-60	False	((1.1, -0.3847290640394089), array([0.68224569, 0.5104954 ]))	False
APOLD1	ENHA_MEF2A;SMAD2	78.4424959705557	1.543210011216e-48	False	((1.1, -0.12463054187192113), array([0.68224569, 0.5104954 ]))	False
APOLD1	ENHA_MEF2A;SMAD2	78.4424959705557	1.543210011216e-48	False	((1.1, -0.12463054187192113), array([0.68224569, 0.5104954 ]))	False
APOLD1	ENHA_KLF5;SMAD2	38.7356860377929	1.8044981945645202e-60	False	((1.1, -0.22216748768472905), array([0.68224569, 0.5104954 ]))	False
APOLD1	ENHA_MEF2A;SMAD2	78.4424959705557	1.543210011216e-48	False	((1.1, -0.12463054187192113), array([0.68224569, 0.5104954 ]))	False
APOLD1	ENHA_YY1;SMAD2	9.64268630046764	1.78926345786275e-64	False	((1.1666666666666667, 0.9374384236453204), array([0.68224569, 0.5104954 ]))	False
APOLD1	ENHA_SP1;SMAD2	inf	2.2311426980582601e-35	False	((1.1666666666666667, 0.5798029556650248), array([0.68224569, 0.5104954 ]))	False
APOLD1	ENHA_MYC;SMAD2	9.05864019695453	1.77190626243947e-63	False	((1.1666666666666667, -0.005418719211822687), array([0.68224569, 0.5104954 ]))	False
APOLD1	ENHA_IRF7;SMAD2	6.62127838923763	1.66498749714189e-48	False	((1.1666666666666667, -0.36305418719211824), array([0.68224569, 0.5104954 ]))	False
APOLD1	ENHA_KLF5;SMAD2	38.7356860377929	1.8044981945645202e-60	False	((1.1, -0.22216748768472905), array([0.68224569, 0.5104954 ]))	False
APOLD1	ENHA_SP1;SMAD2	inf	2.2311426980582601e-35	False	((1.1666666666666667, 0.5798029556650248), array([0.68224569, 0.5104954 ]))	False
APOLD1	ENHA_TP53;SMAD2	27.6636733948653	4.68998361226012e-97	False	((1.1666666666666667, 0.8724137931034484), array([0.68224569, 0.5104954 ]))	False
APOLD1	ENHA_FOXH1;SMAD2	5.31356907049552	1.46949856527598e-37	False	((1.1, -0.6773399014778325), array([0.68224569, 0.5104954 ]))	False
APOLD1	ENHA_TP53;SMAD2	27.6636733948653	4.68998361226012e-97	False	((1.1666666666666667, 0.8724137931034484), array([0.68224569, 0.5104954 ]))	False
APOLD1	ENHA_KLF5;SMAD2	38.7356860377929	1.8044981945645202e-60	False	((1.1, -0.22216748768472905), array([0.68224569, 0.5104954 ]))	False
APOLD1	ENHA_SP1;SMAD2	inf	2.2311426980582601e-35	False	((1.1666666666666667, 0.5798029556650248), array([0.68224569, 0.5104954 ]))	False
APOLD1	ENHA_TP53;SMAD2	27.6636733948653	4.68998361226012e-97	False	((1.1666666666666667, 0.8724137931034484), array([0.68224569, 0.5104954 ]))	False
APOLD1	ENHA_MEF2A;SMAD2	78.4424959705557	1.543210011216e-48	False	((1.1, -0.12463054187192113), array([0.68224569, 0.5104954 ]))	False
APOLD1	ENHA_LEF1;SMAD2	6.32228720914039	2.14933357539717e-46	False	((1.1, -0.18965517241379304), array([0.68224569, 0.5104954 ]))	False
APOLD1	ENHA_MEF2A;SMAD2	78.4424959705557	1.543210011216e-48	False	((1.1, -0.12463054187192113), array([0.68224569, 0.5104954 ]))	False
APOLD1	ENHA_TP53;SMAD2	27.6636733948653	4.68998361226012e-97	False	((1.1666666666666667, 0.8724137931034484), array([0.68224569, 0.5104954 ]))	False
APOLD1	ENHA_MEF2A;SMAD2	78.4424959705557	1.543210011216e-48	False	((1.1, -0.12463054187192113), array([0.68224569, 0.5104954 ]))	False
APOLD1	ENHA_MEF2A;SMAD2	78.4424959705557	1.543210011216e-48	False	((1.1, -0.12463054187192113), array([0.68224569, 0.5104954 ]))	False
APOLD1	ENHA_YY1;SMAD2	9.64268630046764	1.78926345786275e-64	False	((1.1666666666666667, 0.9374384236453204), array([0.68224569, 0.5104954 ]))	False
APOLD1	ENHA_MEF2A;SMAD2	78.4424959705557	1.543210011216e-48	False	((1.1, -0.12463054187192113), array([0.68224569, 0.5104954 ]))	False
APOLD1	ENHA_ETV4;SMAD2	13.7078685502786	7.69871400818655e-65	False	((1.1, -0.7423645320197045), array([0.68224569, 0.5104954 ]))	False
APOLD1	ENHA_FOXH1;SMAD2	5.31356907049552	1.46949856527598e-37	False	((1.1, -0.6773399014778325), array([0.68224569, 0.5104954 ]))	False
APOLD1	ENHA_LEF1;SMAD2	6.32228720914039	2.14933357539717e-46	False	((1.1, -0.18965517241379304), array([0.68224569, 0.5104954 ]))	False
APOLD1	ENHA_MEF2A;SMAD2	78.4424959705557	1.543210011216e-48	False	((1.1, -0.12463054187192113), array([0.68224569, 0.5104954 ]))	False
APOLD1	ENHA_MYC;SMAD2	9.05864019695453	1.77190626243947e-63	False	((1.1666666666666667, -0.005418719211822687), array([0.68224569, 0.5104954 ]))	False
APOLD1	ENHA_MEF2A;SMAD2	78.4424959705557	1.543210011216e-48	False	((1.1, -0.12463054187192113), array([0.68224569, 0.5104954 ]))	False
APOLD1	ENHA_FOXH1;SMAD2	5.31356907049552	1.46949856527598e-37	False	((1.1, -0.6773399014778325), array([0.68224569, 0.5104954 ]))	False
APOLD1	ENHA_LEF1;SMAD2	6.32228720914039	2.14933357539717e-46	False	((1.1, -0.18965517241379304), array([0.68224569, 0.5104954 ]))	False
APOLD1	ENHA_KLF5;SMAD2	38.7356860377929	1.8044981945645202e-60	False	((1.1, -0.22216748768472905), array([0.68224569, 0.5104954 ]))	False
APOLD1	ENHA_YY1;SMAD2	9.64268630046764	1.78926345786275e-64	False	((1.1666666666666667, 0.9374384236453204), array([0.68224569, 0.5104954 ]))	False
APOLD1	ENHA_JUN;SMAD2	9.15547115647003	1.46926339257102e-63	False	((1.1666666666666667, -0.33054187192118223), array([0.68224569, 0.5104954 ]))	False
APOLD1	ENHA_LEF1;SMAD2	6.32228720914039	2.14933357539717e-46	False	((1.1, -0.18965517241379304), array([0.68224569, 0.5104954 ]))	False
APOLD1	ENHA_KLF5;SMAD2	38.7356860377929	1.8044981945645202e-60	False	((1.1, -0.22216748768472905), array([0.68224569, 0.5104954 ]))	False
APOLD1	ENHA_MEF2A;SMAD2	78.4424959705557	1.543210011216e-48	False	((1.1, -0.12463054187192113), array([0.68224569, 0.5104954 ]))	False
APOLD1	ENHA_MYC;SMAD2	9.05864019695453	1.77190626243947e-63	False	((1.1666666666666667, -0.005418719211822687), array([0.68224569, 0.5104954 ]))	False
APOLD1	ENHA_FOXH1;SMAD2	5.31356907049552	1.46949856527598e-37	False	((1.1, -0.6773399014778325), array([0.68224569, 0.5104954 ]))	False
APOLD1	ENHA_SP1;SMAD2	inf	2.2311426980582601e-35	False	((1.1666666666666667, 0.5798029556650248), array([0.68224569, 0.5104954 ]))	False
APOLD1	ENHA_ETV4;SMAD2	13.7078685502786	7.69871400818655e-65	False	((1.1, -0.7423645320197045), array([0.68224569, 0.5104954 ]))	False
APOLD1	ENHA_IRF3;SMAD2	8.89485735758287	1.44694821650248e-60	False	((1.1, -0.3847290640394089), array([0.68224569, 0.5104954 ]))	False
APOLD1	ENHA_SP1;SMAD2	inf	2.2311426980582601e-35	False	((1.1666666666666667, 0.5798029556650248), array([0.68224569, 0.5104954 ]))	False
APOLD1	ENHA_MEF2A;SMAD2	78.4424959705557	1.543210011216e-48	False	((1.1, -0.12463054187192113), array([0.68224569, 0.5104954 ]))	False
APOLD1	ENHA_TP53;SMAD2	27.6636733948653	4.68998361226012e-97	False	((1.1666666666666667, 0.8724137931034484), array([0.68224569, 0.5104954 ]))	False
APOLD1	ENHA_KLF5;SMAD2	38.7356860377929	1.8044981945645202e-60	False	((1.1, -0.22216748768472905), array([0.68224569, 0.5104954 ]))	False
APOLD1	ENHA_TGIF1;SMAD2	7.44622654802622	5.33340354279686e-54	False	((1.1333333333333335, 0.8290640394088671), array([0.68224569, 0.5104954 ]))	False
APOLD1	ENHA_SP1;SMAD2	inf	2.2311426980582601e-35	False	((1.1666666666666667, 0.5798029556650248), array([0.68224569, 0.5104954 ]))	False
APOLD1	ENHA_FOXH1;SMAD2	5.31356907049552	1.46949856527598e-37	False	((1.1, -0.6773399014778325), array([0.68224569, 0.5104954 ]))	False
APOLD1	ENHA_KLF5;SMAD2	38.7356860377929	1.8044981945645202e-60	False	((1.1, -0.22216748768472905), array([0.68224569, 0.5104954 ]))	False
APOLD1	ENHA_SP1;SMAD2	inf	2.2311426980582601e-35	False	((1.1666666666666667, 0.5798029556650248), array([0.68224569, 0.5104954 ]))	False
APOLD1	ENHA_ETV4;SMAD2	13.7078685502786	7.69871400818655e-65	False	((1.1, -0.7423645320197045), array([0.68224569, 0.5104954 ]))	False
APOLD1	ENHA_FOXH1;SMAD2	5.31356907049552	1.46949856527598e-37	False	((1.1, -0.6773399014778325), array([0.68224569, 0.5104954 ]))	False
APOLD1	ENHA_IRF3;SMAD2	8.89485735758287	1.44694821650248e-60	False	((1.1, -0.3847290640394089), array([0.68224569, 0.5104954 ]))	False
APOLD1	ENHA_MEF2A;SMAD2	78.4424959705557	1.543210011216e-48	False	((1.1, -0.12463054187192113), array([0.68224569, 0.5104954 ]))	False
APOLD1	ENHA_SP1;SMAD2	inf	2.2311426980582601e-35	False	((1.1666666666666667, 0.5798029556650248), array([0.68224569, 0.5104954 ]))	False
APOLD1	ENHA_LEF1;SMAD2	6.32228720914039	2.14933357539717e-46	False	((1.1, -0.18965517241379304), array([0.68224569, 0.5104954 ]))	False
APOLD1	ENHA_IRF3;SMAD2	8.89485735758287	1.44694821650248e-60	False	((1.1, -0.3847290640394089), array([0.68224569, 0.5104954 ]))	False
APOLD1	ENHA_ETV4;SMAD2	13.7078685502786	7.69871400818655e-65	False	((1.1, -0.7423645320197045), array([0.68224569, 0.5104954 ]))	False
APOLD1	ENHA_MEF2A;SMAD2	78.4424959705557	1.543210011216e-48	False	((1.1, -0.12463054187192113), array([0.68224569, 0.5104954 ]))	False
APOLD1	PROM_SP1;SMAD2	67.7383184701083	3.75012047179051e-24	False	((-1.1333333333333335, 0.14347826086956506), array([0.68224569, 0.5104954 ]))	False
APOLD1	ENHA_YY1;HDAC1	8.37173070546709	3.2422796412005296e-55	False	((1.1666666666666667, 0.9374384236453204), array([-0.16566298, -0.07291912]))	False
APOLD1	ENHA_NFKB1;HDAC1	137.990888771301	2.45560298884916e-45	False	((1.1333333333333335, 0.08128078817733986), array([-0.16566298, -0.07291912]))	False
APOLD1	ENHA_CREB1;HDAC1	21.0508012572144	1.39953004623383e-75	False	((1.1, -0.9374384236453203), array([-0.16566298, -0.07291912]))	False
APOLD1	ENHA_STAT1;HDAC1	20.4886274050326	3.72028010238905e-53	False	((1.1333333333333335, 0.6665024630541874), array([-0.16566298, -0.07291912]))	False
APOLD1	ENHA_SP1;HDAC1	inf	5.70550067946433e-27	False	((1.1666666666666667, 0.5798029556650248), array([-0.16566298, -0.07291912]))	False
APOLD1	ENHA_REST;HDAC1	18.4645500154689	2.29802950417563e-48	False	((1.1666666666666667, 0.384729064039409), array([-0.16566298, -0.07291912]))	False
APOLD1	ENHA_NFKB1;HDAC1	137.990888771301	2.45560298884916e-45	False	((1.1333333333333335, 0.08128078817733986), array([-0.16566298, -0.07291912]))	False
APOLD1	ENHA_RUNX1;HDAC1	6.10577702274417	8.25781260808855e-43	False	((1.1, 0.46059113300492616), array([-0.16566298, -0.07291912]))	False
APOLD1	ENHA_BCL6;HDAC1	7.95133022436876	3.10242599609984e-54	False	((1.1666666666666667, -1.0133004926108375), array([-0.16566298, -0.07291912]))	False
APOLD1	ENHA_RUNX2;HDAC1	12.5911218401234	4.46402770856627e-59	False	((1.1333333333333335, 0.47142857142857153), array([-0.16566298, -0.07291912]))	False
APOLD1	ENHA_KLF5;HDAC1	35.0541556338313	1.2848043112907799e-55	False	((1.1, -0.22216748768472905), array([-0.16566298, -0.07291912]))	False
APOLD1	ENHA_STAT3;HDAC1	12.7417048154557	2.38954599829892e-71	False	((1.1666666666666667, 0.6773399014778327), array([-0.16566298, -0.07291912]))	False
APOLD1	ENHA_STAT1;HDAC1	20.4886274050326	3.72028010238905e-53	False	((1.1333333333333335, 0.6665024630541874), array([-0.16566298, -0.07291912]))	False
APOLD1	ENHA_SP1;HDAC1	inf	5.70550067946433e-27	False	((1.1666666666666667, 0.5798029556650248), array([-0.16566298, -0.07291912]))	False
APOLD1	ENHA_GFI1;HDAC1	6.22227056696486	1.50820775710703e-45	False	((1.1, -0.5798029556650246), array([-0.16566298, -0.07291912]))	False
APOLD1	ENHA_FOXK1;HDAC1	5.96364493200887	4.6246094527444795e-43	False	((1.1333333333333335, -0.6665024630541873), array([-0.16566298, -0.07291912]))	False
APOLD1	ENHA_SNAI1;HDAC1	13.7594570506571	9.650289034049549e-56	False	((1.1666666666666667, 0.5147783251231528), array([-0.16566298, -0.07291912]))	False
APOLD1	ENHA_KLF5;HDAC1	35.0541556338313	1.2848043112907799e-55	False	((1.1, -0.22216748768472905), array([-0.16566298, -0.07291912]))	False
APOLD1	ENHA_SP1;HDAC1	inf	5.70550067946433e-27	False	((1.1666666666666667, 0.5798029556650248), array([-0.16566298, -0.07291912]))	False
APOLD1	ENHA_RREB1;HDAC1	40.2707750354322	5.157765921237319e-55	False	((1.1666666666666667, 0.4497536945812808), array([-0.16566298, -0.07291912]))	False
APOLD1	ENHA_POU2F1;HDAC1	4.72694874766703	8.51908136262503e-34	False	((1.1666666666666667, 0.28719211822660107), array([-0.16566298, -0.07291912]))	False
APOLD1	ENHA_STAT1;HDAC1	20.4886274050326	3.72028010238905e-53	False	((1.1333333333333335, 0.6665024630541874), array([-0.16566298, -0.07291912]))	False
APOLD1	ENHA_JUN;HDAC1	7.37914240423749	1.55207118844324e-53	False	((1.1666666666666667, -0.33054187192118223), array([-0.16566298, -0.07291912]))	True
APOLD1	ENHA_MGA;HDAC1	7.76692163847036	1.7070950903251301e-53	False	((1.1, -0.09211822660098523), array([-0.16566298, -0.07291912]))	False
APOLD1	ENHA_SNAI1;HDAC1	13.7594570506571	9.650289034049549e-56	False	((1.1666666666666667, 0.5147783251231528), array([-0.16566298, -0.07291912]))	False
APOLD1	ENHA_NFKB1;HDAC1	137.990888771301	2.45560298884916e-45	False	((1.1333333333333335, 0.08128078817733986), array([-0.16566298, -0.07291912]))	False
APOLD1	ENHA_STAT1;HDAC1	20.4886274050326	3.72028010238905e-53	False	((1.1333333333333335, 0.6665024630541874), array([-0.16566298, -0.07291912]))	False
APOLD1	ENHA_GFI1;HDAC1	6.22227056696486	1.50820775710703e-45	False	((1.1, -0.5798029556650246), array([-0.16566298, -0.07291912]))	False
APOLD1	ENHA_ZBTB7A;HDAC1	10.3865590397272	1.28384356802767e-61	False	((1.1, 0.9807881773399019), array([-0.16566298, -0.07291912]))	False
APOLD1	ENHA_SP1;HDAC1	inf	5.70550067946433e-27	False	((1.1666666666666667, 0.5798029556650248), array([-0.16566298, -0.07291912]))	False
APOLD1	ENHA_BHLHE41;HDAC1	5.9756885849823	8.468920485489169e-40	False	((1.1333333333333335, -0.9916256157635469), array([-0.16566298, -0.07291912]))	False
APOLD1	ENHA_FOXK1;HDAC1	5.96364493200887	4.6246094527444795e-43	False	((1.1333333333333335, -0.6665024630541873), array([-0.16566298, -0.07291912]))	False
APOLD1	ENHA_BHLHE40;HDAC1	4.77036180076364	1.176820428934e-30	False	((1.1, -1.0024630541871922), array([-0.16566298, -0.07291912]))	False
APOLD1	ENHA_RREB1;HDAC1	40.2707750354322	5.157765921237319e-55	False	((1.1666666666666667, 0.4497536945812808), array([-0.16566298, -0.07291912]))	False
APOLD1	ENHA_FOXK1;HDAC1	5.96364493200887	4.6246094527444795e-43	False	((1.1333333333333335, -0.6665024630541873), array([-0.16566298, -0.07291912]))	False
APOLD1	ENHA_POU2F1;HDAC1	4.72694874766703	8.51908136262503e-34	False	((1.1666666666666667, 0.28719211822660107), array([-0.16566298, -0.07291912]))	False
APOLD1	ENHA_NFKB1;HDAC1	137.990888771301	2.45560298884916e-45	False	((1.1333333333333335, 0.08128078817733986), array([-0.16566298, -0.07291912]))	False
APOLD1	ENHA_TP73;HDAC1	9.13752708343469	2.10638056950432e-63	False	((1.1, 0.8832512315270937), array([-0.16566298, -0.07291912]))	True
APOLD1	ENHA_SP1;HDAC1	inf	5.70550067946433e-27	False	((1.1666666666666667, 0.5798029556650248), array([-0.16566298, -0.07291912]))	False
APOLD1	ENHA_TP53;HDAC1	34.0756344042128	1.6580998776966402e-88	False	((1.1666666666666667, 0.8724137931034484), array([-0.16566298, -0.07291912]))	True
APOLD1	ENHA_OVOL1;HDAC1	11.0351788057324	4.0453012150127403e-17	False	((1.1333333333333335, 0.2438423645320198), array([-0.16566298, -0.07291912]))	False
APOLD1	ENHA_PPARG;HDAC1	6.85528674126389	3.90835563477593e-50	False	((1.1666666666666667, 0.31970443349753697), array([-0.16566298, -0.07291912]))	False
APOLD1	ENHA_STAT3;HDAC1	12.7417048154557	2.38954599829892e-71	False	((1.1666666666666667, 0.6773399014778327), array([-0.16566298, -0.07291912]))	False
APOLD1	ENHA_RUNX2;HDAC1	12.5911218401234	4.46402770856627e-59	False	((1.1333333333333335, 0.47142857142857153), array([-0.16566298, -0.07291912]))	False
APOLD1	ENHA_TP53;HDAC1	34.0756344042128	1.6580998776966402e-88	False	((1.1666666666666667, 0.8724137931034484), array([-0.16566298, -0.07291912]))	True
APOLD1	ENHA_RREB1;HDAC1	40.2707750354322	5.157765921237319e-55	False	((1.1666666666666667, 0.4497536945812808), array([-0.16566298, -0.07291912]))	False
APOLD1	ENHA_SNAI1;HDAC1	13.7594570506571	9.650289034049549e-56	False	((1.1666666666666667, 0.5147783251231528), array([-0.16566298, -0.07291912]))	False
APOLD1	ENHA_KLF5;HDAC1	35.0541556338313	1.2848043112907799e-55	False	((1.1, -0.22216748768472905), array([-0.16566298, -0.07291912]))	False
APOLD1	ENHA_NFKB1;HDAC1	137.990888771301	2.45560298884916e-45	False	((1.1333333333333335, 0.08128078817733986), array([-0.16566298, -0.07291912]))	False
APOLD1	ENHA_STAT1;HDAC1	20.4886274050326	3.72028010238905e-53	False	((1.1333333333333335, 0.6665024630541874), array([-0.16566298, -0.07291912]))	False
APOLD1	ENHA_SP1;HDAC1	inf	5.70550067946433e-27	False	((1.1666666666666667, 0.5798029556650248), array([-0.16566298, -0.07291912]))	False
APOLD1	ENHA_FOXK1;HDAC1	5.96364493200887	4.6246094527444795e-43	False	((1.1333333333333335, -0.6665024630541873), array([-0.16566298, -0.07291912]))	False
APOLD1	ENHA_SNAI1;HDAC1	13.7594570506571	9.650289034049549e-56	False	((1.1666666666666667, 0.5147783251231528), array([-0.16566298, -0.07291912]))	False
APOLD1	ENHA_NR3C1;HDAC1	10.3795881292571	5.76363139490592e-65	False	((1.1666666666666667, 0.18965517241379315), array([-0.16566298, -0.07291912]))	False
APOLD1	ENHA_AR;HDAC1	9.72896693217198	5.79419241411765e-65	False	((1.1, -1.1), array([-0.16566298, -0.07291912]))	False
APOLD1	ENHA_BHLHE41;HDAC1	5.9756885849823	8.468920485489169e-40	False	((1.1333333333333335, -0.9916256157635469), array([-0.16566298, -0.07291912]))	False
APOLD1	ENHA_BHLHE40;HDAC1	4.77036180076364	1.176820428934e-30	False	((1.1, -1.0024630541871922), array([-0.16566298, -0.07291912]))	False
APOLD1	ENHA_POU2F1;HDAC1	4.72694874766703	8.51908136262503e-34	False	((1.1666666666666667, 0.28719211822660107), array([-0.16566298, -0.07291912]))	False
APOLD1	ENHA_REST;HDAC1	18.4645500154689	2.29802950417563e-48	False	((1.1666666666666667, 0.384729064039409), array([-0.16566298, -0.07291912]))	False
APOLD1	ENHA_NFKB1;HDAC1	137.990888771301	2.45560298884916e-45	False	((1.1333333333333335, 0.08128078817733986), array([-0.16566298, -0.07291912]))	False
APOLD1	ENHA_GFI1;HDAC1	6.22227056696486	1.50820775710703e-45	False	((1.1, -0.5798029556650246), array([-0.16566298, -0.07291912]))	False
APOLD1	ENHA_KLF5;HDAC1	35.0541556338313	1.2848043112907799e-55	False	((1.1, -0.22216748768472905), array([-0.16566298, -0.07291912]))	False
APOLD1	ENHA_SP1;HDAC1	inf	5.70550067946433e-27	False	((1.1666666666666667, 0.5798029556650248), array([-0.16566298, -0.07291912]))	False
APOLD1	ENHA_RUNX2;HDAC1	12.5911218401234	4.46402770856627e-59	False	((1.1333333333333335, 0.47142857142857153), array([-0.16566298, -0.07291912]))	False
APOLD1	ENHA_JUN;HDAC1	7.37914240423749	1.55207118844324e-53	False	((1.1666666666666667, -0.33054187192118223), array([-0.16566298, -0.07291912]))	True
APOLD1	ENHA_MGA;HDAC1	7.76692163847036	1.7070950903251301e-53	False	((1.1, -0.09211822660098523), array([-0.16566298, -0.07291912]))	False
APOLD1	ENHA_SNAI1;HDAC1	13.7594570506571	9.650289034049549e-56	False	((1.1666666666666667, 0.5147783251231528), array([-0.16566298, -0.07291912]))	False
APOLD1	ENHA_REST;HDAC1	18.4645500154689	2.29802950417563e-48	False	((1.1666666666666667, 0.384729064039409), array([-0.16566298, -0.07291912]))	False
APOLD1	ENHA_SP1;HDAC1	inf	5.70550067946433e-27	False	((1.1666666666666667, 0.5798029556650248), array([-0.16566298, -0.07291912]))	False
APOLD1	ENHA_ZBTB7A;HDAC1	10.3865590397272	1.28384356802767e-61	False	((1.1, 0.9807881773399019), array([-0.16566298, -0.07291912]))	False
APOLD1	ENHA_RUNX2;HDAC1	12.5911218401234	4.46402770856627e-59	False	((1.1333333333333335, 0.47142857142857153), array([-0.16566298, -0.07291912]))	False
APOLD1	ENHA_BHLHE41;HDAC1	5.9756885849823	8.468920485489169e-40	False	((1.1333333333333335, -0.9916256157635469), array([-0.16566298, -0.07291912]))	False
APOLD1	ENHA_HIF1A;HDAC1	6.05562198484329	1.82347579282188e-37	False	((1.1, -0.5147783251231527), array([-0.16566298, -0.07291912]))	False
APOLD1	ENHA_BHLHE40;HDAC1	4.77036180076364	1.176820428934e-30	False	((1.1, -1.0024630541871922), array([-0.16566298, -0.07291912]))	False
APOLD1	ENHA_MYC;HDAC1	7.47171838410304	3.12467995157271e-54	False	((1.1666666666666667, -0.005418719211822687), array([-0.16566298, -0.07291912]))	False
APOLD1	ENHA_RREB1;HDAC1	40.2707750354322	5.157765921237319e-55	False	((1.1666666666666667, 0.4497536945812808), array([-0.16566298, -0.07291912]))	False
APOLD1	ENHA_KLF5;HDAC1	35.0541556338313	1.2848043112907799e-55	False	((1.1, -0.22216748768472905), array([-0.16566298, -0.07291912]))	False
APOLD1	ENHA_AR;HDAC1	9.72896693217198	5.79419241411765e-65	False	((1.1, -1.1), array([-0.16566298, -0.07291912]))	False
APOLD1	ENHA_SP1;HDAC1	inf	5.70550067946433e-27	False	((1.1666666666666667, 0.5798029556650248), array([-0.16566298, -0.07291912]))	False
APOLD1	ENHA_RUNX2;HDAC1	12.5911218401234	4.46402770856627e-59	False	((1.1333333333333335, 0.47142857142857153), array([-0.16566298, -0.07291912]))	False
APOLD1	ENHA_E2F6;HDAC1	15.3817307513508	2.56148853406686e-54	False	((1.1333333333333335, -0.861576354679803), array([-0.16566298, -0.07291912]))	False
APOLD1	ENHA_AR;HDAC1	9.72896693217198	5.79419241411765e-65	False	((1.1, -1.1), array([-0.16566298, -0.07291912]))	False
APOLD1	ENHA_E2F6;HDAC1	15.3817307513508	2.56148853406686e-54	False	((1.1333333333333335, -0.861576354679803), array([-0.16566298, -0.07291912]))	False
APOLD1	ENHA_RUNX1;HDAC1	6.10577702274417	8.25781260808855e-43	False	((1.1, 0.46059113300492616), array([-0.16566298, -0.07291912]))	False
APOLD1	ENHA_STAT3;HDAC1	12.7417048154557	2.38954599829892e-71	False	((1.1666666666666667, 0.6773399014778327), array([-0.16566298, -0.07291912]))	False
APOLD1	ENHA_RUNX2;HDAC1	12.5911218401234	4.46402770856627e-59	False	((1.1333333333333335, 0.47142857142857153), array([-0.16566298, -0.07291912]))	False
APOLD1	ENHA_RREB1;HDAC1	40.2707750354322	5.157765921237319e-55	False	((1.1666666666666667, 0.4497536945812808), array([-0.16566298, -0.07291912]))	False
APOLD1	ENHA_NR3C1;HDAC1	10.3795881292571	5.76363139490592e-65	False	((1.1666666666666667, 0.18965517241379315), array([-0.16566298, -0.07291912]))	False
APOLD1	ENHA_STAT3;HDAC1	12.7417048154557	2.38954599829892e-71	False	((1.1666666666666667, 0.6773399014778327), array([-0.16566298, -0.07291912]))	False
APOLD1	ENHA_GFI1;HDAC1	6.22227056696486	1.50820775710703e-45	False	((1.1, -0.5798029556650246), array([-0.16566298, -0.07291912]))	False
APOLD1	ENHA_KLF5;HDAC1	35.0541556338313	1.2848043112907799e-55	False	((1.1, -0.22216748768472905), array([-0.16566298, -0.07291912]))	False
APOLD1	ENHA_NFKB1;HDAC1	137.990888771301	2.45560298884916e-45	False	((1.1333333333333335, 0.08128078817733986), array([-0.16566298, -0.07291912]))	False
APOLD1	ENHA_E2F4;HDAC1	4.64566695750951	6.01998878632268e-33	False	((1.1, -0.8724137931034484), array([-0.16566298, -0.07291912]))	False
APOLD1	ENHA_BHLHE41;HDAC1	5.9756885849823	8.468920485489169e-40	False	((1.1333333333333335, -0.9916256157635469), array([-0.16566298, -0.07291912]))	False
APOLD1	ENHA_MGA;HDAC1	7.76692163847036	1.7070950903251301e-53	False	((1.1, -0.09211822660098523), array([-0.16566298, -0.07291912]))	False
APOLD1	ENHA_HIF1A;HDAC1	6.05562198484329	1.82347579282188e-37	False	((1.1, -0.5147783251231527), array([-0.16566298, -0.07291912]))	False
APOLD1	ENHA_BHLHE40;HDAC1	4.77036180076364	1.176820428934e-30	False	((1.1, -1.0024630541871922), array([-0.16566298, -0.07291912]))	False
APOLD1	ENHA_SNAI1;HDAC1	13.7594570506571	9.650289034049549e-56	False	((1.1666666666666667, 0.5147783251231528), array([-0.16566298, -0.07291912]))	False
APOLD1	ENHA_REST;HDAC1	18.4645500154689	2.29802950417563e-48	False	((1.1666666666666667, 0.384729064039409), array([-0.16566298, -0.07291912]))	False
APOLD1	ENHA_YY1;HDAC1	8.37173070546709	3.2422796412005296e-55	False	((1.1666666666666667, 0.9374384236453204), array([-0.16566298, -0.07291912]))	False
APOLD1	ENHA_NFKB1;HDAC1	137.990888771301	2.45560298884916e-45	False	((1.1333333333333335, 0.08128078817733986), array([-0.16566298, -0.07291912]))	False
APOLD1	ENHA_SP1;HDAC1	inf	5.70550067946433e-27	False	((1.1666666666666667, 0.5798029556650248), array([-0.16566298, -0.07291912]))	False
APOLD1	ENHA_MYC;HDAC1	7.47171838410304	3.12467995157271e-54	False	((1.1666666666666667, -0.005418719211822687), array([-0.16566298, -0.07291912]))	False
APOLD1	ENHA_CEBPA;HDAC1	8.22798762161984	7.053730622143569e-57	False	((1.1666666666666667, -0.9807881773399015), array([-0.16566298, -0.07291912]))	False
APOLD1	ENHA_RREB1;HDAC1	40.2707750354322	5.157765921237319e-55	False	((1.1666666666666667, 0.4497536945812808), array([-0.16566298, -0.07291912]))	False
APOLD1	ENHA_RFX1;HDAC1	7.69010952880806	1.71338816709603e-55	False	((1.1, 0.39556650246305436), array([-0.16566298, -0.07291912]))	False
APOLD1	ENHA_ZBTB7A;HDAC1	10.3865590397272	1.28384356802767e-61	False	((1.1, 0.9807881773399019), array([-0.16566298, -0.07291912]))	False
APOLD1	ENHA_KLF5;HDAC1	35.0541556338313	1.2848043112907799e-55	False	((1.1, -0.22216748768472905), array([-0.16566298, -0.07291912]))	False
APOLD1	ENHA_REST;HDAC1	18.4645500154689	2.29802950417563e-48	False	((1.1666666666666667, 0.384729064039409), array([-0.16566298, -0.07291912]))	False
APOLD1	ENHA_IRF5;HDAC1	4.50822307098927	1.05708383506505e-24	False	((1.1333333333333335, -0.3738916256157635), array([-0.16566298, -0.07291912]))	False
APOLD1	ENHA_TP73;HDAC1	9.13752708343469	2.10638056950432e-63	False	((1.1, 0.8832512315270937), array([-0.16566298, -0.07291912]))	True
APOLD1	ENHA_RUNX1;HDAC1	6.10577702274417	8.25781260808855e-43	False	((1.1, 0.46059113300492616), array([-0.16566298, -0.07291912]))	False
APOLD1	ENHA_SP1;HDAC1	inf	5.70550067946433e-27	False	((1.1666666666666667, 0.5798029556650248), array([-0.16566298, -0.07291912]))	False
APOLD1	ENHA_TP53;HDAC1	34.0756344042128	1.6580998776966402e-88	False	((1.1666666666666667, 0.8724137931034484), array([-0.16566298, -0.07291912]))	True
APOLD1	ENHA_NFKB1;HDAC1	137.990888771301	2.45560298884916e-45	False	((1.1333333333333335, 0.08128078817733986), array([-0.16566298, -0.07291912]))	False
APOLD1	ENHA_TP73;HDAC1	9.13752708343469	2.10638056950432e-63	False	((1.1, 0.8832512315270937), array([-0.16566298, -0.07291912]))	True
APOLD1	ENHA_STAT1;HDAC1	20.4886274050326	3.72028010238905e-53	False	((1.1333333333333335, 0.6665024630541874), array([-0.16566298, -0.07291912]))	False
APOLD1	ENHA_TP53;HDAC1	34.0756344042128	1.6580998776966402e-88	False	((1.1666666666666667, 0.8724137931034484), array([-0.16566298, -0.07291912]))	True
APOLD1	ENHA_RREB1;HDAC1	40.2707750354322	5.157765921237319e-55	False	((1.1666666666666667, 0.4497536945812808), array([-0.16566298, -0.07291912]))	False
APOLD1	ENHA_KLF5;HDAC1	35.0541556338313	1.2848043112907799e-55	False	((1.1, -0.22216748768472905), array([-0.16566298, -0.07291912]))	False
APOLD1	ENHA_SP1;HDAC1	inf	5.70550067946433e-27	False	((1.1666666666666667, 0.5798029556650248), array([-0.16566298, -0.07291912]))	False
APOLD1	ENHA_RREB1;HDAC1	40.2707750354322	5.157765921237319e-55	False	((1.1666666666666667, 0.4497536945812808), array([-0.16566298, -0.07291912]))	False
APOLD1	ENHA_BCL6;HDAC1	7.95133022436876	3.10242599609984e-54	False	((1.1666666666666667, -1.0133004926108375), array([-0.16566298, -0.07291912]))	False
APOLD1	ENHA_TP53;HDAC1	34.0756344042128	1.6580998776966402e-88	False	((1.1666666666666667, 0.8724137931034484), array([-0.16566298, -0.07291912]))	True
APOLD1	ENHA_AR;HDAC1	9.72896693217198	5.79419241411765e-65	False	((1.1, -1.1), array([-0.16566298, -0.07291912]))	False
APOLD1	ENHA_RREB1;HDAC1	40.2707750354322	5.157765921237319e-55	False	((1.1666666666666667, 0.4497536945812808), array([-0.16566298, -0.07291912]))	False
APOLD1	ENHA_NFKB1;HDAC1	137.990888771301	2.45560298884916e-45	False	((1.1333333333333335, 0.08128078817733986), array([-0.16566298, -0.07291912]))	False
APOLD1	ENHA_TP53;HDAC1	34.0756344042128	1.6580998776966402e-88	False	((1.1666666666666667, 0.8724137931034484), array([-0.16566298, -0.07291912]))	True
APOLD1	ENHA_STAT1;HDAC1	20.4886274050326	3.72028010238905e-53	False	((1.1333333333333335, 0.6665024630541874), array([-0.16566298, -0.07291912]))	False
APOLD1	ENHA_NFKB1;HDAC1	137.990888771301	2.45560298884916e-45	False	((1.1333333333333335, 0.08128078817733986), array([-0.16566298, -0.07291912]))	False
APOLD1	ENHA_YY1;HDAC1	8.37173070546709	3.2422796412005296e-55	False	((1.1666666666666667, 0.9374384236453204), array([-0.16566298, -0.07291912]))	False
APOLD1	ENHA_E2F6;HDAC1	15.3817307513508	2.56148853406686e-54	False	((1.1333333333333335, -0.861576354679803), array([-0.16566298, -0.07291912]))	False
APOLD1	ENHA_RREB1;HDAC1	40.2707750354322	5.157765921237319e-55	False	((1.1666666666666667, 0.4497536945812808), array([-0.16566298, -0.07291912]))	False
APOLD1	ENHA_REST;HDAC1	18.4645500154689	2.29802950417563e-48	False	((1.1666666666666667, 0.384729064039409), array([-0.16566298, -0.07291912]))	False
APOLD1	ENHA_NFKB1;HDAC1	137.990888771301	2.45560298884916e-45	False	((1.1333333333333335, 0.08128078817733986), array([-0.16566298, -0.07291912]))	False
APOLD1	ENHA_MYC;HDAC1	7.47171838410304	3.12467995157271e-54	False	((1.1666666666666667, -0.005418719211822687), array([-0.16566298, -0.07291912]))	False
APOLD1	ENHA_STAT1;HDAC1	20.4886274050326	3.72028010238905e-53	False	((1.1333333333333335, 0.6665024630541874), array([-0.16566298, -0.07291912]))	False
APOLD1	ENHA_GFI1;HDAC1	6.22227056696486	1.50820775710703e-45	False	((1.1, -0.5798029556650246), array([-0.16566298, -0.07291912]))	False
APOLD1	ENHA_FOXK1;HDAC1	5.96364493200887	4.6246094527444795e-43	False	((1.1333333333333335, -0.6665024630541873), array([-0.16566298, -0.07291912]))	False
APOLD1	ENHA_KLF5;HDAC1	35.0541556338313	1.2848043112907799e-55	False	((1.1, -0.22216748768472905), array([-0.16566298, -0.07291912]))	False
APOLD1	ENHA_YY1;HDAC1	8.37173070546709	3.2422796412005296e-55	False	((1.1666666666666667, 0.9374384236453204), array([-0.16566298, -0.07291912]))	False
APOLD1	ENHA_ATF3;HDAC1	6.38663737048341	3.0205455228791396e-42	False	((1.1, -1.0674876847290642), array([-0.16566298, -0.07291912]))	False
APOLD1	ENHA_CREB1;HDAC1	21.0508012572144	1.39953004623383e-75	False	((1.1, -0.9374384236453203), array([-0.16566298, -0.07291912]))	False
APOLD1	ENHA_JUN;HDAC1	7.37914240423749	1.55207118844324e-53	False	((1.1666666666666667, -0.33054187192118223), array([-0.16566298, -0.07291912]))	True
APOLD1	ENHA_BHLHE41;HDAC1	5.9756885849823	8.468920485489169e-40	False	((1.1333333333333335, -0.9916256157635469), array([-0.16566298, -0.07291912]))	False
APOLD1	ENHA_CEBPA;HDAC1	8.22798762161984	7.053730622143569e-57	False	((1.1666666666666667, -0.9807881773399015), array([-0.16566298, -0.07291912]))	False
APOLD1	ENHA_RREB1;HDAC1	40.2707750354322	5.157765921237319e-55	False	((1.1666666666666667, 0.4497536945812808), array([-0.16566298, -0.07291912]))	False
APOLD1	ENHA_RFX1;HDAC1	7.69010952880806	1.71338816709603e-55	False	((1.1, 0.39556650246305436), array([-0.16566298, -0.07291912]))	False
APOLD1	ENHA_HIF1A;HDAC1	6.05562198484329	1.82347579282188e-37	False	((1.1, -0.5147783251231527), array([-0.16566298, -0.07291912]))	False
APOLD1	ENHA_BHLHE40;HDAC1	4.77036180076364	1.176820428934e-30	False	((1.1, -1.0024630541871922), array([-0.16566298, -0.07291912]))	False
APOLD1	ENHA_KLF5;HDAC1	35.0541556338313	1.2848043112907799e-55	False	((1.1, -0.22216748768472905), array([-0.16566298, -0.07291912]))	False
APOLD1	ENHA_PPARD;HDAC1	7.81552476576837	1.9311290770286598e-56	False	((1.1333333333333335, 0.3088669950738918), array([-0.16566298, -0.07291912]))	False
APOLD1	ENHA_RUNX2;HDAC1	12.5911218401234	4.46402770856627e-59	False	((1.1333333333333335, 0.47142857142857153), array([-0.16566298, -0.07291912]))	False
APOLD1	ENHA_MYC;HDAC1	7.47171838410304	3.12467995157271e-54	False	((1.1666666666666667, -0.005418719211822687), array([-0.16566298, -0.07291912]))	False
APOLD1	ENHA_CEBPA;HDAC1	8.22798762161984	7.053730622143569e-57	False	((1.1666666666666667, -0.9807881773399015), array([-0.16566298, -0.07291912]))	False
APOLD1	ENHA_CEBPD;HDAC1	6.33721718639636	2.4157340043708e-46	False	((1.1333333333333335, -0.9591133004926109), array([-0.16566298, -0.07291912]))	False
APOLD1	ENHA_NR3C1;HDAC1	10.3795881292571	5.76363139490592e-65	False	((1.1666666666666667, 0.18965517241379315), array([-0.16566298, -0.07291912]))	False
APOLD1	ENHA_AR;HDAC1	9.72896693217198	5.79419241411765e-65	False	((1.1, -1.1), array([-0.16566298, -0.07291912]))	False
APOLD1	ENHA_SP1;HDAC1	inf	5.70550067946433e-27	False	((1.1666666666666667, 0.5798029556650248), array([-0.16566298, -0.07291912]))	False
APOLD1	ENHA_SNAI1;HDAC1	13.7594570506571	9.650289034049549e-56	False	((1.1666666666666667, 0.5147783251231528), array([-0.16566298, -0.07291912]))	False
APOLD1	ENHA_CREB1;HDAC1	21.0508012572144	1.39953004623383e-75	False	((1.1, -0.9374384236453203), array([-0.16566298, -0.07291912]))	False
APOLD1	ENHA_STAT1;HDAC1	20.4886274050326	3.72028010238905e-53	False	((1.1333333333333335, 0.6665024630541874), array([-0.16566298, -0.07291912]))	False
APOLD1	ENHA_STAT1;HDAC1	20.4886274050326	3.72028010238905e-53	False	((1.1333333333333335, 0.6665024630541874), array([-0.16566298, -0.07291912]))	False
APOLD1	ENHA_SNAI1;HDAC1	13.7594570506571	9.650289034049549e-56	False	((1.1666666666666667, 0.5147783251231528), array([-0.16566298, -0.07291912]))	False
APOLD1	ENHA_E2F6;HDAC1	15.3817307513508	2.56148853406686e-54	False	((1.1333333333333335, -0.861576354679803), array([-0.16566298, -0.07291912]))	False
APOLD1	ENHA_SP1;HDAC1	inf	5.70550067946433e-27	False	((1.1666666666666667, 0.5798029556650248), array([-0.16566298, -0.07291912]))	False
APOLD1	ENHA_TP53;HDAC1	34.0756344042128	1.6580998776966402e-88	False	((1.1666666666666667, 0.8724137931034484), array([-0.16566298, -0.07291912]))	True
APOLD1	ENHA_E2F4;HDAC1	4.64566695750951	6.01998878632268e-33	False	((1.1, -0.8724137931034484), array([-0.16566298, -0.07291912]))	False
APOLD1	ENHA_E2F6;HDAC1	15.3817307513508	2.56148853406686e-54	False	((1.1333333333333335, -0.861576354679803), array([-0.16566298, -0.07291912]))	False
APOLD1	ENHA_RREB1;HDAC1	40.2707750354322	5.157765921237319e-55	False	((1.1666666666666667, 0.4497536945812808), array([-0.16566298, -0.07291912]))	False
APOLD1	ENHA_TFDP1;HDAC1	4.94763690466943	1.5122260341390801e-31	False	((1.1666666666666667, 0.8073891625615766), array([-0.16566298, -0.07291912]))	False
APOLD1	ENHA_NR3C1;HDAC1	10.3795881292571	5.76363139490592e-65	False	((1.1666666666666667, 0.18965517241379315), array([-0.16566298, -0.07291912]))	False
APOLD1	ENHA_KLF5;HDAC1	35.0541556338313	1.2848043112907799e-55	False	((1.1, -0.22216748768472905), array([-0.16566298, -0.07291912]))	False
APOLD1	ENHA_AR;HDAC1	9.72896693217198	5.79419241411765e-65	False	((1.1, -1.1), array([-0.16566298, -0.07291912]))	False
APOLD1	ENHA_SP1;HDAC1	inf	5.70550067946433e-27	False	((1.1666666666666667, 0.5798029556650248), array([-0.16566298, -0.07291912]))	False
APOLD1	ENHA_ZBTB7A;HDAC1	10.3865590397272	1.28384356802767e-61	False	((1.1, 0.9807881773399019), array([-0.16566298, -0.07291912]))	False
APOLD1	ENHA_PPARG;HDAC1	6.85528674126389	3.90835563477593e-50	False	((1.1666666666666667, 0.31970443349753697), array([-0.16566298, -0.07291912]))	False
APOLD1	ENHA_NFKB1;HDAC1	137.990888771301	2.45560298884916e-45	False	((1.1333333333333335, 0.08128078817733986), array([-0.16566298, -0.07291912]))	False
APOLD1	ENHA_RREB1;HDAC1	40.2707750354322	5.157765921237319e-55	False	((1.1666666666666667, 0.4497536945812808), array([-0.16566298, -0.07291912]))	False
APOLD1	ENHA_CEBPD;HDAC1	6.33721718639636	2.4157340043708e-46	False	((1.1333333333333335, -0.9591133004926109), array([-0.16566298, -0.07291912]))	False
APOLD1	ENHA_KLF5;HDAC1	35.0541556338313	1.2848043112907799e-55	False	((1.1, -0.22216748768472905), array([-0.16566298, -0.07291912]))	False
APOLD1	ENHA_NFKB1;HDAC1	137.990888771301	2.45560298884916e-45	False	((1.1333333333333335, 0.08128078817733986), array([-0.16566298, -0.07291912]))	False
APOLD1	ENHA_SP1;HDAC1	inf	5.70550067946433e-27	False	((1.1666666666666667, 0.5798029556650248), array([-0.16566298, -0.07291912]))	False
APOLD1	ENHA_REST;HDAC1	18.4645500154689	2.29802950417563e-48	False	((1.1666666666666667, 0.384729064039409), array([-0.16566298, -0.07291912]))	False
APOLD1	ENHA_ZBTB7A;HDAC1	10.3865590397272	1.28384356802767e-61	False	((1.1, 0.9807881773399019), array([-0.16566298, -0.07291912]))	False
APOLD1	ENHA_NFKB1;HDAC1	137.990888771301	2.45560298884916e-45	False	((1.1333333333333335, 0.08128078817733986), array([-0.16566298, -0.07291912]))	False
APOLD1	ENHA_STAT3;HDAC1	12.7417048154557	2.38954599829892e-71	False	((1.1666666666666667, 0.6773399014778327), array([-0.16566298, -0.07291912]))	False
APOLD1	ENHA_GFI1;HDAC1	6.22227056696486	1.50820775710703e-45	False	((1.1, -0.5798029556650246), array([-0.16566298, -0.07291912]))	False
APOLD1	ENHA_FOXK1;HDAC1	5.96364493200887	4.6246094527444795e-43	False	((1.1333333333333335, -0.6665024630541873), array([-0.16566298, -0.07291912]))	False
APOLD1	ENHA_NR3C1;HDAC1	10.3795881292571	5.76363139490592e-65	False	((1.1666666666666667, 0.18965517241379315), array([-0.16566298, -0.07291912]))	False
APOLD1	ENHA_AR;HDAC1	9.72896693217198	5.79419241411765e-65	False	((1.1, -1.1), array([-0.16566298, -0.07291912]))	False
APOLD1	ENHA_SP1;HDAC1	inf	5.70550067946433e-27	False	((1.1666666666666667, 0.5798029556650248), array([-0.16566298, -0.07291912]))	False
APOLD1	ENHA_STAT3;HDAC1	12.7417048154557	2.38954599829892e-71	False	((1.1666666666666667, 0.6773399014778327), array([-0.16566298, -0.07291912]))	False
APOLD1	ENHA_STAT1;HDAC1	20.4886274050326	3.72028010238905e-53	False	((1.1333333333333335, 0.6665024630541874), array([-0.16566298, -0.07291912]))	False
APOLD1	ENHA_STAT1;HDAC1	20.4886274050326	3.72028010238905e-53	False	((1.1333333333333335, 0.6665024630541874), array([-0.16566298, -0.07291912]))	False
APOLD1	ENHA_RUNX2;HDAC1	12.5911218401234	4.46402770856627e-59	False	((1.1333333333333335, 0.47142857142857153), array([-0.16566298, -0.07291912]))	False
APOLD1	ENHA_RREB1;HDAC1	40.2707750354322	5.157765921237319e-55	False	((1.1666666666666667, 0.4497536945812808), array([-0.16566298, -0.07291912]))	False
APOLD1	ENHA_RFX1;HDAC1	7.69010952880806	1.71338816709603e-55	False	((1.1, 0.39556650246305436), array([-0.16566298, -0.07291912]))	False
APOLD1	HDAC1;PROM_ZBTB7A	2.60113917056889	8.44272738328171e-14	False	(array([-0.16566298, -0.07291912]), (-1.1, 0.9086956521739129))	False
APOLD1	HDAC1;PROM_SP1	57.8703958706428	6.79442254518558e-21	False	(array([-0.16566298, -0.07291912]), (-1.1333333333333335, 0.14347826086956506))	False
APOLD1	ENHA_YY1;SMAD4	9.08235824694451	7.89184967927027e-60	False	((1.1666666666666667, 0.9374384236453204), array([-0.05732368, -0.18671244]))	False
APOLD1	ENHA_NFKB1;SMAD4	85.2548823757056	5.52174401124374e-52	False	((1.1333333333333335, 0.08128078817733986), array([-0.05732368, -0.18671244]))	False
APOLD1	ENHA_ATF2;SMAD4	10.4836319360231	2.5203611288319e-70	False	((1.1666666666666667, -1.0783251231527093), array([-0.05732368, -0.18671244]))	False
APOLD1	ENHA_SP1;SMAD4	inf	6.34197273953688e-33	False	((1.1666666666666667, 0.5798029556650248), array([-0.05732368, -0.18671244]))	False
APOLD1	ENHA_JUNB;SMAD4	8.64730585233528	3.20077609949398e-57	False	((1.1, -0.31970443349753697), array([-0.05732368, -0.18671244]))	False
APOLD1	ENHA_NFKB1;SMAD4	85.2548823757056	5.52174401124374e-52	False	((1.1333333333333335, 0.08128078817733986), array([-0.05732368, -0.18671244]))	False
APOLD1	ENHA_KLF5;SMAD4	37.4463247810681	7.09190464656917e-59	False	((1.1, -0.22216748768472905), array([-0.05732368, -0.18671244]))	False
APOLD1	ENHA_SP1;SMAD4	inf	6.34197273953688e-33	False	((1.1666666666666667, 0.5798029556650248), array([-0.05732368, -0.18671244]))	False
APOLD1	ENHA_FOXO3;SMAD4	6.63092172641893	1.38278088897336e-48	False	((1.1, -0.6448275862068966), array([-0.05732368, -0.18671244]))	False
APOLD1	ENHA_KLF5;SMAD4	37.4463247810681	7.09190464656917e-59	False	((1.1, -0.22216748768472905), array([-0.05732368, -0.18671244]))	False
APOLD1	ENHA_SP1;SMAD4	inf	6.34197273953688e-33	False	((1.1666666666666667, 0.5798029556650248), array([-0.05732368, -0.18671244]))	False
APOLD1	ENHA_SOX12;SMAD4	5.5042230604559	1.22452239114133e-24	False	((1.1666666666666667, 0.5472906403940887), array([-0.05732368, -0.18671244]))	False
APOLD1	ENHA_ATF2;SMAD4	10.4836319360231	2.5203611288319e-70	False	((1.1666666666666667, -1.0783251231527093), array([-0.05732368, -0.18671244]))	False
APOLD1	ENHA_JUN;SMAD4	7.9735532133016	4.6749814958564397e-57	False	((1.1666666666666667, -0.33054187192118223), array([-0.05732368, -0.18671244]))	False
APOLD1	ENHA_NFKB1;SMAD4	85.2548823757056	5.52174401124374e-52	False	((1.1333333333333335, 0.08128078817733986), array([-0.05732368, -0.18671244]))	False
APOLD1	ENHA_ZBTB7A;SMAD4	10.9074263908437	2.54661933363327e-64	False	((1.1, 0.9807881773399019), array([-0.05732368, -0.18671244]))	False
APOLD1	ENHA_SP1;SMAD4	inf	6.34197273953688e-33	False	((1.1666666666666667, 0.5798029556650248), array([-0.05732368, -0.18671244]))	False
APOLD1	ENHA_JUNB;SMAD4	8.64730585233528	3.20077609949398e-57	False	((1.1, -0.31970443349753697), array([-0.05732368, -0.18671244]))	False
APOLD1	ENHA_NFKB1;SMAD4	85.2548823757056	5.52174401124374e-52	False	((1.1333333333333335, 0.08128078817733986), array([-0.05732368, -0.18671244]))	False
APOLD1	ENHA_SP1;SMAD4	inf	6.34197273953688e-33	False	((1.1666666666666667, 0.5798029556650248), array([-0.05732368, -0.18671244]))	False
APOLD1	ENHA_NFIA;SMAD4	5.41917686058527	2.53745676578343e-38	False	((1.1, 0.037931034482758585), array([-0.05732368, -0.18671244]))	False
APOLD1	ENHA_GATA2;SMAD4	6.49718787686293	2.69714127999485e-47	False	((1.1333333333333335, -0.6014778325123153), array([-0.05732368, -0.18671244]))	False
APOLD1	ENHA_NFIX;SMAD4	5.85381702850013	6.7665489878255e-41	False	((1.1, 0.0704433497536947), array([-0.05732368, -0.18671244]))	False
APOLD1	ENHA_KLF5;SMAD4	37.4463247810681	7.09190464656917e-59	False	((1.1, -0.22216748768472905), array([-0.05732368, -0.18671244]))	False
APOLD1	ENHA_NFKB1;SMAD4	85.2548823757056	5.52174401124374e-52	False	((1.1333333333333335, 0.08128078817733986), array([-0.05732368, -0.18671244]))	False
APOLD1	ENHA_SP1;SMAD4	inf	6.34197273953688e-33	False	((1.1666666666666667, 0.5798029556650248), array([-0.05732368, -0.18671244]))	False
APOLD1	ENHA_AR;SMAD4	11.3279250721883	5.45099207782733e-74	False	((1.1, -1.1), array([-0.05732368, -0.18671244]))	False
APOLD1	ENHA_NFIA;SMAD4	5.41917686058527	2.53745676578343e-38	False	((1.1, 0.037931034482758585), array([-0.05732368, -0.18671244]))	False
APOLD1	ENHA_IRF7;SMAD4	6.43402788641015	3.5681995410012303e-47	False	((1.1666666666666667, -0.36305418719211824), array([-0.05732368, -0.18671244]))	False
APOLD1	ENHA_NFKB1;SMAD4	85.2548823757056	5.52174401124374e-52	False	((1.1333333333333335, 0.08128078817733986), array([-0.05732368, -0.18671244]))	False
APOLD1	ENHA_KLF5;SMAD4	37.4463247810681	7.09190464656917e-59	False	((1.1, -0.22216748768472905), array([-0.05732368, -0.18671244]))	False
APOLD1	ENHA_ATF2;SMAD4	10.4836319360231	2.5203611288319e-70	False	((1.1666666666666667, -1.0783251231527093), array([-0.05732368, -0.18671244]))	False
APOLD1	ENHA_SP1;SMAD4	inf	6.34197273953688e-33	False	((1.1666666666666667, 0.5798029556650248), array([-0.05732368, -0.18671244]))	False
APOLD1	ENHA_JUN;SMAD4	7.9735532133016	4.6749814958564397e-57	False	((1.1666666666666667, -0.33054187192118223), array([-0.05732368, -0.18671244]))	False
APOLD1	ENHA_SP1;SMAD4	inf	6.34197273953688e-33	False	((1.1666666666666667, 0.5798029556650248), array([-0.05732368, -0.18671244]))	False
APOLD1	ENHA_JUNB;SMAD4	8.64730585233528	3.20077609949398e-57	False	((1.1, -0.31970443349753697), array([-0.05732368, -0.18671244]))	False
APOLD1	ENHA_ZBTB7A;SMAD4	10.9074263908437	2.54661933363327e-64	False	((1.1, 0.9807881773399019), array([-0.05732368, -0.18671244]))	False
APOLD1	ENHA_CEBPB;SMAD4	10.4341729147092	8.68477713699749e-56	False	((1.1, -0.9699507389162563), array([-0.05732368, -0.18671244]))	False
APOLD1	ENHA_KLF5;SMAD4	37.4463247810681	7.09190464656917e-59	False	((1.1, -0.22216748768472905), array([-0.05732368, -0.18671244]))	False
APOLD1	ENHA_ATF2;SMAD4	10.4836319360231	2.5203611288319e-70	False	((1.1666666666666667, -1.0783251231527093), array([-0.05732368, -0.18671244]))	False
APOLD1	ENHA_AR;SMAD4	11.3279250721883	5.45099207782733e-74	False	((1.1, -1.1), array([-0.05732368, -0.18671244]))	False
APOLD1	ENHA_SP1;SMAD4	inf	6.34197273953688e-33	False	((1.1666666666666667, 0.5798029556650248), array([-0.05732368, -0.18671244]))	False
APOLD1	ENHA_NFIA;SMAD4	5.41917686058527	2.53745676578343e-38	False	((1.1, 0.037931034482758585), array([-0.05732368, -0.18671244]))	False
APOLD1	ENHA_IRF7;SMAD4	6.43402788641015	3.5681995410012303e-47	False	((1.1666666666666667, -0.36305418719211824), array([-0.05732368, -0.18671244]))	False
APOLD1	ENHA_IRF3;SMAD4	8.6662621045912	3.5121031321651803e-59	False	((1.1, -0.3847290640394089), array([-0.05732368, -0.18671244]))	False
APOLD1	ENHA_AR;SMAD4	11.3279250721883	5.45099207782733e-74	False	((1.1, -1.1), array([-0.05732368, -0.18671244]))	False
APOLD1	ENHA_FOXO3;SMAD4	6.63092172641893	1.38278088897336e-48	False	((1.1, -0.6448275862068966), array([-0.05732368, -0.18671244]))	False
APOLD1	ENHA_NFIA;SMAD4	5.41917686058527	2.53745676578343e-38	False	((1.1, 0.037931034482758585), array([-0.05732368, -0.18671244]))	False
APOLD1	ENHA_NFIX;SMAD4	5.85381702850013	6.7665489878255e-41	False	((1.1, 0.0704433497536947), array([-0.05732368, -0.18671244]))	False
APOLD1	ENHA_KLF5;SMAD4	37.4463247810681	7.09190464656917e-59	False	((1.1, -0.22216748768472905), array([-0.05732368, -0.18671244]))	False
APOLD1	ENHA_NFKB1;SMAD4	85.2548823757056	5.52174401124374e-52	False	((1.1333333333333335, 0.08128078817733986), array([-0.05732368, -0.18671244]))	False
APOLD1	ENHA_GATA2;SMAD4	6.49718787686293	2.69714127999485e-47	False	((1.1333333333333335, -0.6014778325123153), array([-0.05732368, -0.18671244]))	False
APOLD1	ENHA_YY1;SMAD4	9.08235824694451	7.89184967927027e-60	False	((1.1666666666666667, 0.9374384236453204), array([-0.05732368, -0.18671244]))	False
APOLD1	ENHA_NFKB1;SMAD4	85.2548823757056	5.52174401124374e-52	False	((1.1333333333333335, 0.08128078817733986), array([-0.05732368, -0.18671244]))	False
APOLD1	ENHA_CEBPB;SMAD4	10.4341729147092	8.68477713699749e-56	False	((1.1, -0.9699507389162563), array([-0.05732368, -0.18671244]))	False
APOLD1	ENHA_SP1;SMAD4	inf	6.34197273953688e-33	False	((1.1666666666666667, 0.5798029556650248), array([-0.05732368, -0.18671244]))	False
APOLD1	ENHA_RFX1;SMAD4	8.04825004962132	1.10717659358623e-57	False	((1.1, 0.39556650246305436), array([-0.05732368, -0.18671244]))	False
APOLD1	ENHA_IRF7;SMAD4	6.43402788641015	3.5681995410012303e-47	False	((1.1666666666666667, -0.36305418719211824), array([-0.05732368, -0.18671244]))	False
APOLD1	ENHA_ZBTB7A;SMAD4	10.9074263908437	2.54661933363327e-64	False	((1.1, 0.9807881773399019), array([-0.05732368, -0.18671244]))	False
APOLD1	ENHA_KLF5;SMAD4	37.4463247810681	7.09190464656917e-59	False	((1.1, -0.22216748768472905), array([-0.05732368, -0.18671244]))	False
APOLD1	ENHA_SP1;SMAD4	inf	6.34197273953688e-33	False	((1.1666666666666667, 0.5798029556650248), array([-0.05732368, -0.18671244]))	False
APOLD1	ENHA_FOXH1;SMAD4	5.21967562746206	7.140131890681399e-37	False	((1.1, -0.6773399014778325), array([-0.05732368, -0.18671244]))	False
APOLD1	ENHA_GATA2;SMAD4	6.49718787686293	2.69714127999485e-47	False	((1.1333333333333335, -0.6014778325123153), array([-0.05732368, -0.18671244]))	False
APOLD1	ENHA_NFKB1;SMAD4	85.2548823757056	5.52174401124374e-52	False	((1.1333333333333335, 0.08128078817733986), array([-0.05732368, -0.18671244]))	False
APOLD1	ENHA_CEBPB;SMAD4	10.4341729147092	8.68477713699749e-56	False	((1.1, -0.9699507389162563), array([-0.05732368, -0.18671244]))	False
APOLD1	ENHA_KLF5;SMAD4	37.4463247810681	7.09190464656917e-59	False	((1.1, -0.22216748768472905), array([-0.05732368, -0.18671244]))	False
APOLD1	ENHA_SP1;SMAD4	inf	6.34197273953688e-33	False	((1.1666666666666667, 0.5798029556650248), array([-0.05732368, -0.18671244]))	False
APOLD1	ENHA_AR;SMAD4	11.3279250721883	5.45099207782733e-74	False	((1.1, -1.1), array([-0.05732368, -0.18671244]))	False
APOLD1	ENHA_NFKB1;SMAD4	85.2548823757056	5.52174401124374e-52	False	((1.1333333333333335, 0.08128078817733986), array([-0.05732368, -0.18671244]))	False
APOLD1	ENHA_GATA2;SMAD4	6.49718787686293	2.69714127999485e-47	False	((1.1333333333333335, -0.6014778325123153), array([-0.05732368, -0.18671244]))	False
APOLD1	ENHA_NFKB1;SMAD4	85.2548823757056	5.52174401124374e-52	False	((1.1333333333333335, 0.08128078817733986), array([-0.05732368, -0.18671244]))	False
APOLD1	ENHA_YY1;SMAD4	9.08235824694451	7.89184967927027e-60	False	((1.1666666666666667, 0.9374384236453204), array([-0.05732368, -0.18671244]))	False
APOLD1	ENHA_FOXH1;SMAD4	5.21967562746206	7.140131890681399e-37	False	((1.1, -0.6773399014778325), array([-0.05732368, -0.18671244]))	False
APOLD1	ENHA_NFKB1;SMAD4	85.2548823757056	5.52174401124374e-52	False	((1.1333333333333335, 0.08128078817733986), array([-0.05732368, -0.18671244]))	False
APOLD1	ENHA_NR2F2;SMAD4	7.46609448341565	1.25050932648163e-53	False	((1.1333333333333335, 0.17881773399014778), array([-0.05732368, -0.18671244]))	False
APOLD1	ENHA_FOXH1;SMAD4	5.21967562746206	7.140131890681399e-37	False	((1.1, -0.6773399014778325), array([-0.05732368, -0.18671244]))	False
APOLD1	ENHA_KLF5;SMAD4	37.4463247810681	7.09190464656917e-59	False	((1.1, -0.22216748768472905), array([-0.05732368, -0.18671244]))	False
APOLD1	ENHA_YY1;SMAD4	9.08235824694451	7.89184967927027e-60	False	((1.1666666666666667, 0.9374384236453204), array([-0.05732368, -0.18671244]))	False
APOLD1	ENHA_ATF2;SMAD4	10.4836319360231	2.5203611288319e-70	False	((1.1666666666666667, -1.0783251231527093), array([-0.05732368, -0.18671244]))	False
APOLD1	ENHA_JUN;SMAD4	7.9735532133016	4.6749814958564397e-57	False	((1.1666666666666667, -0.33054187192118223), array([-0.05732368, -0.18671244]))	False
APOLD1	ENHA_NR2F2;SMAD4	7.46609448341565	1.25050932648163e-53	False	((1.1333333333333335, 0.17881773399014778), array([-0.05732368, -0.18671244]))	False
APOLD1	ENHA_GATA2;SMAD4	6.49718787686293	2.69714127999485e-47	False	((1.1333333333333335, -0.6014778325123153), array([-0.05732368, -0.18671244]))	False
APOLD1	ENHA_RFX1;SMAD4	8.04825004962132	1.10717659358623e-57	False	((1.1, 0.39556650246305436), array([-0.05732368, -0.18671244]))	False
APOLD1	ENHA_KLF5;SMAD4	37.4463247810681	7.09190464656917e-59	False	((1.1, -0.22216748768472905), array([-0.05732368, -0.18671244]))	False
APOLD1	ENHA_CEBPB;SMAD4	10.4341729147092	8.68477713699749e-56	False	((1.1, -0.9699507389162563), array([-0.05732368, -0.18671244]))	False
APOLD1	ENHA_NR2F2;SMAD4	7.46609448341565	1.25050932648163e-53	False	((1.1333333333333335, 0.17881773399014778), array([-0.05732368, -0.18671244]))	False
APOLD1	ENHA_FOXH1;SMAD4	5.21967562746206	7.140131890681399e-37	False	((1.1, -0.6773399014778325), array([-0.05732368, -0.18671244]))	False
APOLD1	ENHA_CEBPD;SMAD4	6.55129195800376	7.91464642698008e-48	False	((1.1333333333333335, -0.9591133004926109), array([-0.05732368, -0.18671244]))	False
APOLD1	ENHA_CEBPB;SMAD4	10.4341729147092	8.68477713699749e-56	False	((1.1, -0.9699507389162563), array([-0.05732368, -0.18671244]))	False
APOLD1	ENHA_AR;SMAD4	11.3279250721883	5.45099207782733e-74	False	((1.1, -1.1), array([-0.05732368, -0.18671244]))	False
APOLD1	ENHA_SP1;SMAD4	inf	6.34197273953688e-33	False	((1.1666666666666667, 0.5798029556650248), array([-0.05732368, -0.18671244]))	False
APOLD1	ENHA_IRF3;SMAD4	8.6662621045912	3.5121031321651803e-59	False	((1.1, -0.3847290640394089), array([-0.05732368, -0.18671244]))	False
APOLD1	ENHA_JUNB;SMAD4	8.64730585233528	3.20077609949398e-57	False	((1.1, -0.31970443349753697), array([-0.05732368, -0.18671244]))	False
APOLD1	ENHA_SOX12;SMAD4	5.5042230604559	1.22452239114133e-24	False	((1.1666666666666667, 0.5472906403940887), array([-0.05732368, -0.18671244]))	False
APOLD1	ENHA_SP1;SMAD4	inf	6.34197273953688e-33	False	((1.1666666666666667, 0.5798029556650248), array([-0.05732368, -0.18671244]))	False
APOLD1	ENHA_KLF5;SMAD4	37.4463247810681	7.09190464656917e-59	False	((1.1, -0.22216748768472905), array([-0.05732368, -0.18671244]))	False
APOLD1	ENHA_AR;SMAD4	11.3279250721883	5.45099207782733e-74	False	((1.1, -1.1), array([-0.05732368, -0.18671244]))	False
APOLD1	ENHA_SP1;SMAD4	inf	6.34197273953688e-33	False	((1.1666666666666667, 0.5798029556650248), array([-0.05732368, -0.18671244]))	False
APOLD1	ENHA_NFIA;SMAD4	5.41917686058527	2.53745676578343e-38	False	((1.1, 0.037931034482758585), array([-0.05732368, -0.18671244]))	False
APOLD1	ENHA_FOXH1;SMAD4	5.21967562746206	7.140131890681399e-37	False	((1.1, -0.6773399014778325), array([-0.05732368, -0.18671244]))	False
APOLD1	ENHA_ZBTB7A;SMAD4	10.9074263908437	2.54661933363327e-64	False	((1.1, 0.9807881773399019), array([-0.05732368, -0.18671244]))	False
APOLD1	ENHA_NFKB1;SMAD4	85.2548823757056	5.52174401124374e-52	False	((1.1333333333333335, 0.08128078817733986), array([-0.05732368, -0.18671244]))	False
APOLD1	ENHA_NFIX;SMAD4	5.85381702850013	6.7665489878255e-41	False	((1.1, 0.0704433497536947), array([-0.05732368, -0.18671244]))	False
APOLD1	ENHA_NFIA;SMAD4	5.41917686058527	2.53745676578343e-38	False	((1.1, 0.037931034482758585), array([-0.05732368, -0.18671244]))	False
APOLD1	ENHA_CEBPD;SMAD4	6.55129195800376	7.91464642698008e-48	False	((1.1333333333333335, -0.9591133004926109), array([-0.05732368, -0.18671244]))	False
APOLD1	ENHA_KLF5;SMAD4	37.4463247810681	7.09190464656917e-59	False	((1.1, -0.22216748768472905), array([-0.05732368, -0.18671244]))	False
APOLD1	ENHA_NFKB1;SMAD4	85.2548823757056	5.52174401124374e-52	False	((1.1333333333333335, 0.08128078817733986), array([-0.05732368, -0.18671244]))	False
APOLD1	ENHA_NFIX;SMAD4	5.85381702850013	6.7665489878255e-41	False	((1.1, 0.0704433497536947), array([-0.05732368, -0.18671244]))	False
APOLD1	ENHA_CEBPB;SMAD4	10.4341729147092	8.68477713699749e-56	False	((1.1, -0.9699507389162563), array([-0.05732368, -0.18671244]))	False
APOLD1	ENHA_SP1;SMAD4	inf	6.34197273953688e-33	False	((1.1666666666666667, 0.5798029556650248), array([-0.05732368, -0.18671244]))	False
APOLD1	ENHA_FOXH1;SMAD4	5.21967562746206	7.140131890681399e-37	False	((1.1, -0.6773399014778325), array([-0.05732368, -0.18671244]))	False
APOLD1	ENHA_GATA2;SMAD4	6.49718787686293	2.69714127999485e-47	False	((1.1333333333333335, -0.6014778325123153), array([-0.05732368, -0.18671244]))	False
APOLD1	ENHA_ZBTB7A;SMAD4	10.9074263908437	2.54661933363327e-64	False	((1.1, 0.9807881773399019), array([-0.05732368, -0.18671244]))	False
APOLD1	ENHA_IRF3;SMAD4	8.6662621045912	3.5121031321651803e-59	False	((1.1, -0.3847290640394089), array([-0.05732368, -0.18671244]))	False
APOLD1	ENHA_NFKB1;SMAD4	85.2548823757056	5.52174401124374e-52	False	((1.1333333333333335, 0.08128078817733986), array([-0.05732368, -0.18671244]))	False
APOLD1	ENHA_NR2F2;SMAD4	7.46609448341565	1.25050932648163e-53	False	((1.1333333333333335, 0.17881773399014778), array([-0.05732368, -0.18671244]))	False
APOLD1	ENHA_FOXO3;SMAD4	6.63092172641893	1.38278088897336e-48	False	((1.1, -0.6448275862068966), array([-0.05732368, -0.18671244]))	False
APOLD1	ENHA_AR;SMAD4	11.3279250721883	5.45099207782733e-74	False	((1.1, -1.1), array([-0.05732368, -0.18671244]))	False
APOLD1	ENHA_SP1;SMAD4	inf	6.34197273953688e-33	False	((1.1666666666666667, 0.5798029556650248), array([-0.05732368, -0.18671244]))	False
APOLD1	ENHA_GATA2;SMAD4	6.49718787686293	2.69714127999485e-47	False	((1.1333333333333335, -0.6014778325123153), array([-0.05732368, -0.18671244]))	False
APOLD1	ENHA_IRF3;SMAD4	8.6662621045912	3.5121031321651803e-59	False	((1.1, -0.3847290640394089), array([-0.05732368, -0.18671244]))	False
APOLD1	ENHA_GATA2;SMAD4	6.49718787686293	2.69714127999485e-47	False	((1.1333333333333335, -0.6014778325123153), array([-0.05732368, -0.18671244]))	False
APOLD1	ENHA_NR2F2;SMAD4	7.46609448341565	1.25050932648163e-53	False	((1.1333333333333335, 0.17881773399014778), array([-0.05732368, -0.18671244]))	False
APOLD1	ENHA_RFX1;SMAD4	8.04825004962132	1.10717659358623e-57	False	((1.1, 0.39556650246305436), array([-0.05732368, -0.18671244]))	False
APOLD1	PROM_ZBTB7A;SMAD4	2.67582970120456	1.6039806692979e-14	False	((-1.1, 0.9086956521739129), array([-0.05732368, -0.18671244]))	False
APOLD1	PROM_SP1;SMAD4	67.8431146807398	3.77440825154462e-24	False	((-1.1333333333333335, 0.14347826086956506), array([-0.05732368, -0.18671244]))	False
APOLD1	ENHA_NFKB1;PPARG	31.7545506109579	4.39866128517838e-57	False	((1.1333333333333335, 0.08128078817733986), array([0.305161  , 0.17474763]))	False
APOLD1	ENHA_STAT1;PPARG	20.5341209054312	4.56200967642167e-62	False	((1.1333333333333335, 0.6665024630541874), array([0.305161  , 0.17474763]))	False
APOLD1	ENHA_SP1;PPARG	40.9509175675768	7.15305201217908e-38	False	((1.1666666666666667, 0.5798029556650248), array([0.305161  , 0.17474763]))	False
APOLD1	ENHA_NFKB1;PPARG	31.7545506109579	4.39866128517838e-57	False	((1.1333333333333335, 0.08128078817733986), array([0.305161  , 0.17474763]))	False
APOLD1	ENHA_KLF5;PPARG	30.7927209512497	1.2999445285805401e-65	False	((1.1, -0.22216748768472905), array([0.305161  , 0.17474763]))	False
APOLD1	ENHA_TCF4;PPARG	21.5439584958374	4.31616747119041e-52	False	((1.1666666666666667, 0.7098522167487686), array([0.305161  , 0.17474763]))	False
APOLD1	ENHA_STAT1;PPARG	20.5341209054312	4.56200967642167e-62	False	((1.1333333333333335, 0.6665024630541874), array([0.305161  , 0.17474763]))	False
APOLD1	ENHA_SP1;PPARG	40.9509175675768	7.15305201217908e-38	False	((1.1666666666666667, 0.5798029556650248), array([0.305161  , 0.17474763]))	False
APOLD1	ENHA_KLF5;PPARG	30.7927209512497	1.2999445285805401e-65	False	((1.1, -0.22216748768472905), array([0.305161  , 0.17474763]))	False
APOLD1	ENHA_SP1;PPARG	40.9509175675768	7.15305201217908e-38	False	((1.1666666666666667, 0.5798029556650248), array([0.305161  , 0.17474763]))	False
APOLD1	ENHA_STAT1;PPARG	20.5341209054312	4.56200967642167e-62	False	((1.1333333333333335, 0.6665024630541874), array([0.305161  , 0.17474763]))	False
APOLD1	ENHA_NFKB1;PPARG	31.7545506109579	4.39866128517838e-57	False	((1.1333333333333335, 0.08128078817733986), array([0.305161  , 0.17474763]))	False
APOLD1	ENHA_TCF4;PPARG	21.5439584958374	4.31616747119041e-52	False	((1.1666666666666667, 0.7098522167487686), array([0.305161  , 0.17474763]))	False
APOLD1	ENHA_STAT1;PPARG	20.5341209054312	4.56200967642167e-62	False	((1.1333333333333335, 0.6665024630541874), array([0.305161  , 0.17474763]))	False
APOLD1	ENHA_SP1;PPARG	40.9509175675768	7.15305201217908e-38	False	((1.1666666666666667, 0.5798029556650248), array([0.305161  , 0.17474763]))	False
APOLD1	ENHA_NFKB1;PPARG	31.7545506109579	4.39866128517838e-57	False	((1.1333333333333335, 0.08128078817733986), array([0.305161  , 0.17474763]))	False
APOLD1	ENHA_SP1;PPARG	40.9509175675768	7.15305201217908e-38	False	((1.1666666666666667, 0.5798029556650248), array([0.305161  , 0.17474763]))	False
APOLD1	ENHA_KLF5;PPARG	30.7927209512497	1.2999445285805401e-65	False	((1.1, -0.22216748768472905), array([0.305161  , 0.17474763]))	False
APOLD1	ENHA_KLF4;PPARG	24.6355924061768	1.37627448058102e-54	False	((1.1666666666666667, -0.23300492610837442), array([0.305161  , 0.17474763]))	False
APOLD1	ENHA_NFKB1;PPARG	31.7545506109579	4.39866128517838e-57	False	((1.1333333333333335, 0.08128078817733986), array([0.305161  , 0.17474763]))	False
APOLD1	ENHA_STAT1;PPARG	20.5341209054312	4.56200967642167e-62	False	((1.1333333333333335, 0.6665024630541874), array([0.305161  , 0.17474763]))	False
APOLD1	ENHA_SP1;PPARG	40.9509175675768	7.15305201217908e-38	False	((1.1666666666666667, 0.5798029556650248), array([0.305161  , 0.17474763]))	False
APOLD1	ENHA_NR3C1;PPARG	10.6780500940138	1.20674258782081e-69	False	((1.1666666666666667, 0.18965517241379315), array([0.305161  , 0.17474763]))	False
APOLD1	ENHA_NFKB1;PPARG	31.7545506109579	4.39866128517838e-57	False	((1.1333333333333335, 0.08128078817733986), array([0.305161  , 0.17474763]))	False
APOLD1	ENHA_KLF5;PPARG	30.7927209512497	1.2999445285805401e-65	False	((1.1, -0.22216748768472905), array([0.305161  , 0.17474763]))	False
APOLD1	ENHA_KLF4;PPARG	24.6355924061768	1.37627448058102e-54	False	((1.1666666666666667, -0.23300492610837442), array([0.305161  , 0.17474763]))	False
APOLD1	ENHA_VDR;PPARG	8.64200640723418	2.7135283899687404e-60	False	((1.1, 0.9157635467980296), array([0.305161  , 0.17474763]))	True
APOLD1	ENHA_TCF4;PPARG	21.5439584958374	4.31616747119041e-52	False	((1.1666666666666667, 0.7098522167487686), array([0.305161  , 0.17474763]))	False
APOLD1	ENHA_SP1;PPARG	40.9509175675768	7.15305201217908e-38	False	((1.1666666666666667, 0.5798029556650248), array([0.305161  , 0.17474763]))	False
APOLD1	ENHA_KLF4;PPARG	24.6355924061768	1.37627448058102e-54	False	((1.1666666666666667, -0.23300492610837442), array([0.305161  , 0.17474763]))	False
APOLD1	ENHA_VDR;PPARG	8.64200640723418	2.7135283899687404e-60	False	((1.1, 0.9157635467980296), array([0.305161  , 0.17474763]))	True
APOLD1	ENHA_TCF4;PPARG	21.5439584958374	4.31616747119041e-52	False	((1.1666666666666667, 0.7098522167487686), array([0.305161  , 0.17474763]))	False
APOLD1	ENHA_SP1;PPARG	40.9509175675768	7.15305201217908e-38	False	((1.1666666666666667, 0.5798029556650248), array([0.305161  , 0.17474763]))	False
APOLD1	ENHA_CEBPB;PPARG	11.2239714921622	6.1344027046117295e-62	False	((1.1, -0.9699507389162563), array([0.305161  , 0.17474763]))	False
APOLD1	ENHA_KLF5;PPARG	30.7927209512497	1.2999445285805401e-65	False	((1.1, -0.22216748768472905), array([0.305161  , 0.17474763]))	False
APOLD1	ENHA_KLF4;PPARG	24.6355924061768	1.37627448058102e-54	False	((1.1666666666666667, -0.23300492610837442), array([0.305161  , 0.17474763]))	False
APOLD1	ENHA_SP1;PPARG	40.9509175675768	7.15305201217908e-38	False	((1.1666666666666667, 0.5798029556650248), array([0.305161  , 0.17474763]))	False
APOLD1	ENHA_TCF4;PPARG	21.5439584958374	4.31616747119041e-52	False	((1.1666666666666667, 0.7098522167487686), array([0.305161  , 0.17474763]))	False
APOLD1	ENHA_NR3C1;PPARG	10.6780500940138	1.20674258782081e-69	False	((1.1666666666666667, 0.18965517241379315), array([0.305161  , 0.17474763]))	False
APOLD1	ENHA_KLF5;PPARG	30.7927209512497	1.2999445285805401e-65	False	((1.1, -0.22216748768472905), array([0.305161  , 0.17474763]))	False
APOLD1	ENHA_KLF4;PPARG	24.6355924061768	1.37627448058102e-54	False	((1.1666666666666667, -0.23300492610837442), array([0.305161  , 0.17474763]))	False
APOLD1	ENHA_NFKB1;PPARG	31.7545506109579	4.39866128517838e-57	False	((1.1333333333333335, 0.08128078817733986), array([0.305161  , 0.17474763]))	False
APOLD1	ENHA_VDR;PPARG	8.64200640723418	2.7135283899687404e-60	False	((1.1, 0.9157635467980296), array([0.305161  , 0.17474763]))	True
APOLD1	ENHA_NFKB1;PPARG	31.7545506109579	4.39866128517838e-57	False	((1.1333333333333335, 0.08128078817733986), array([0.305161  , 0.17474763]))	False
APOLD1	ENHA_CEBPB;PPARG	11.2239714921622	6.1344027046117295e-62	False	((1.1, -0.9699507389162563), array([0.305161  , 0.17474763]))	False
APOLD1	ENHA_SP1;PPARG	40.9509175675768	7.15305201217908e-38	False	((1.1666666666666667, 0.5798029556650248), array([0.305161  , 0.17474763]))	False
APOLD1	ENHA_KLF5;PPARG	30.7927209512497	1.2999445285805401e-65	False	((1.1, -0.22216748768472905), array([0.305161  , 0.17474763]))	False
APOLD1	ENHA_KLF4;PPARG	24.6355924061768	1.37627448058102e-54	False	((1.1666666666666667, -0.23300492610837442), array([0.305161  , 0.17474763]))	False
APOLD1	ENHA_SP1;PPARG	40.9509175675768	7.15305201217908e-38	False	((1.1666666666666667, 0.5798029556650248), array([0.305161  , 0.17474763]))	False
APOLD1	ENHA_NFKB1;PPARG	31.7545506109579	4.39866128517838e-57	False	((1.1333333333333335, 0.08128078817733986), array([0.305161  , 0.17474763]))	False
APOLD1	ENHA_CEBPB;PPARG	11.2239714921622	6.1344027046117295e-62	False	((1.1, -0.9699507389162563), array([0.305161  , 0.17474763]))	False
APOLD1	ENHA_STAT1;PPARG	20.5341209054312	4.56200967642167e-62	False	((1.1333333333333335, 0.6665024630541874), array([0.305161  , 0.17474763]))	False
APOLD1	ENHA_KLF5;PPARG	30.7927209512497	1.2999445285805401e-65	False	((1.1, -0.22216748768472905), array([0.305161  , 0.17474763]))	False
APOLD1	ENHA_KLF4;PPARG	24.6355924061768	1.37627448058102e-54	False	((1.1666666666666667, -0.23300492610837442), array([0.305161  , 0.17474763]))	False
APOLD1	ENHA_SP1;PPARG	40.9509175675768	7.15305201217908e-38	False	((1.1666666666666667, 0.5798029556650248), array([0.305161  , 0.17474763]))	False
APOLD1	ENHA_TCF4;PPARG	21.5439584958374	4.31616747119041e-52	False	((1.1666666666666667, 0.7098522167487686), array([0.305161  , 0.17474763]))	False
APOLD1	ENHA_NFKB1;PPARG	31.7545506109579	4.39866128517838e-57	False	((1.1333333333333335, 0.08128078817733986), array([0.305161  , 0.17474763]))	False
APOLD1	ENHA_TCF4;PPARG	21.5439584958374	4.31616747119041e-52	False	((1.1666666666666667, 0.7098522167487686), array([0.305161  , 0.17474763]))	False
APOLD1	ENHA_VDR;PPARG	8.64200640723418	2.7135283899687404e-60	False	((1.1, 0.9157635467980296), array([0.305161  , 0.17474763]))	True
APOLD1	ENHA_TCF4;PPARG	21.5439584958374	4.31616747119041e-52	False	((1.1666666666666667, 0.7098522167487686), array([0.305161  , 0.17474763]))	False
APOLD1	ENHA_STAT1;PPARG	20.5341209054312	4.56200967642167e-62	False	((1.1333333333333335, 0.6665024630541874), array([0.305161  , 0.17474763]))	False
APOLD1	ENHA_NFKB1;PPARG	31.7545506109579	4.39866128517838e-57	False	((1.1333333333333335, 0.08128078817733986), array([0.305161  , 0.17474763]))	False
APOLD1	ENHA_NFKB1;PPARG	31.7545506109579	4.39866128517838e-57	False	((1.1333333333333335, 0.08128078817733986), array([0.305161  , 0.17474763]))	False
APOLD1	ENHA_TCF4;PPARG	21.5439584958374	4.31616747119041e-52	False	((1.1666666666666667, 0.7098522167487686), array([0.305161  , 0.17474763]))	False
APOLD1	ENHA_STAT1;PPARG	20.5341209054312	4.56200967642167e-62	False	((1.1333333333333335, 0.6665024630541874), array([0.305161  , 0.17474763]))	False
APOLD1	ENHA_KLF5;PPARG	30.7927209512497	1.2999445285805401e-65	False	((1.1, -0.22216748768472905), array([0.305161  , 0.17474763]))	False
APOLD1	ENHA_KLF5;PPARG	30.7927209512497	1.2999445285805401e-65	False	((1.1, -0.22216748768472905), array([0.305161  , 0.17474763]))	False
APOLD1	ENHA_KLF4;PPARG	24.6355924061768	1.37627448058102e-54	False	((1.1666666666666667, -0.23300492610837442), array([0.305161  , 0.17474763]))	False
APOLD1	ENHA_CEBPB;PPARG	11.2239714921622	6.1344027046117295e-62	False	((1.1, -0.9699507389162563), array([0.305161  , 0.17474763]))	False
APOLD1	ENHA_NR3C1;PPARG	10.6780500940138	1.20674258782081e-69	False	((1.1666666666666667, 0.18965517241379315), array([0.305161  , 0.17474763]))	False
APOLD1	ENHA_CEBPB;PPARG	11.2239714921622	6.1344027046117295e-62	False	((1.1, -0.9699507389162563), array([0.305161  , 0.17474763]))	False
APOLD1	ENHA_SP1;PPARG	40.9509175675768	7.15305201217908e-38	False	((1.1666666666666667, 0.5798029556650248), array([0.305161  , 0.17474763]))	False
APOLD1	ENHA_TCF4;PPARG	21.5439584958374	4.31616747119041e-52	False	((1.1666666666666667, 0.7098522167487686), array([0.305161  , 0.17474763]))	False
APOLD1	ENHA_STAT1;PPARG	20.5341209054312	4.56200967642167e-62	False	((1.1333333333333335, 0.6665024630541874), array([0.305161  , 0.17474763]))	False
APOLD1	ENHA_TCF4;PPARG	21.5439584958374	4.31616747119041e-52	False	((1.1666666666666667, 0.7098522167487686), array([0.305161  , 0.17474763]))	False
APOLD1	ENHA_STAT1;PPARG	20.5341209054312	4.56200967642167e-62	False	((1.1333333333333335, 0.6665024630541874), array([0.305161  , 0.17474763]))	False
APOLD1	ENHA_KLF4;PPARG	24.6355924061768	1.37627448058102e-54	False	((1.1666666666666667, -0.23300492610837442), array([0.305161  , 0.17474763]))	False
APOLD1	ENHA_SP1;PPARG	40.9509175675768	7.15305201217908e-38	False	((1.1666666666666667, 0.5798029556650248), array([0.305161  , 0.17474763]))	False
APOLD1	ENHA_TCF4;PPARG	21.5439584958374	4.31616747119041e-52	False	((1.1666666666666667, 0.7098522167487686), array([0.305161  , 0.17474763]))	False
APOLD1	ENHA_NR3C1;PPARG	10.6780500940138	1.20674258782081e-69	False	((1.1666666666666667, 0.18965517241379315), array([0.305161  , 0.17474763]))	False
APOLD1	ENHA_KLF5;PPARG	30.7927209512497	1.2999445285805401e-65	False	((1.1, -0.22216748768472905), array([0.305161  , 0.17474763]))	False
APOLD1	ENHA_KLF4;PPARG	24.6355924061768	1.37627448058102e-54	False	((1.1666666666666667, -0.23300492610837442), array([0.305161  , 0.17474763]))	False
APOLD1	ENHA_SP1;PPARG	40.9509175675768	7.15305201217908e-38	False	((1.1666666666666667, 0.5798029556650248), array([0.305161  , 0.17474763]))	False
APOLD1	ENHA_KLF5;PPARG	30.7927209512497	1.2999445285805401e-65	False	((1.1, -0.22216748768472905), array([0.305161  , 0.17474763]))	False
APOLD1	ENHA_KLF4;PPARG	24.6355924061768	1.37627448058102e-54	False	((1.1666666666666667, -0.23300492610837442), array([0.305161  , 0.17474763]))	False
APOLD1	ENHA_NFKB1;PPARG	31.7545506109579	4.39866128517838e-57	False	((1.1333333333333335, 0.08128078817733986), array([0.305161  , 0.17474763]))	False
APOLD1	ENHA_CEBPB;PPARG	11.2239714921622	6.1344027046117295e-62	False	((1.1, -0.9699507389162563), array([0.305161  , 0.17474763]))	False
APOLD1	ENHA_SP1;PPARG	40.9509175675768	7.15305201217908e-38	False	((1.1666666666666667, 0.5798029556650248), array([0.305161  , 0.17474763]))	False
APOLD1	ENHA_TCF4;PPARG	21.5439584958374	4.31616747119041e-52	False	((1.1666666666666667, 0.7098522167487686), array([0.305161  , 0.17474763]))	False
APOLD1	ENHA_NFKB1;PPARG	31.7545506109579	4.39866128517838e-57	False	((1.1333333333333335, 0.08128078817733986), array([0.305161  , 0.17474763]))	False
APOLD1	ENHA_NR3C1;PPARG	10.6780500940138	1.20674258782081e-69	False	((1.1666666666666667, 0.18965517241379315), array([0.305161  , 0.17474763]))	False
APOLD1	ENHA_SP1;PPARG	40.9509175675768	7.15305201217908e-38	False	((1.1666666666666667, 0.5798029556650248), array([0.305161  , 0.17474763]))	False
APOLD1	ENHA_STAT1;PPARG	20.5341209054312	4.56200967642167e-62	False	((1.1333333333333335, 0.6665024630541874), array([0.305161  , 0.17474763]))	False
APOLD1	ENHA_STAT1;PPARG	20.5341209054312	4.56200967642167e-62	False	((1.1333333333333335, 0.6665024630541874), array([0.305161  , 0.17474763]))	False
APOLD1	ENHA_KLF4;PPARG	24.6355924061768	1.37627448058102e-54	False	((1.1666666666666667, -0.23300492610837442), array([0.305161  , 0.17474763]))	False
APOLD1	PPARG;PROM_SP1	21.7565395189382	3.01438365556749e-26	False	(array([0.305161  , 0.17474763]), (-1.1333333333333335, 0.14347826086956506))	False
APOLD1	ENHA_TWIST1;HDAC2	6.13548562606533	7.29860710917401e-45	False	((1.1333333333333335, 0.8940886699507391), array([0.10585084, 0.25570152]))	False
APOLD1	ENHA_YY1;HDAC2	8.66337997164236	5.27416370804051e-57	False	((1.1666666666666667, 0.9374384236453204), array([0.10585084, 0.25570152]))	False
APOLD1	ENHA_SP1;HDAC2	inf	3.12352823996644e-29	False	((1.1666666666666667, 0.5798029556650248), array([0.10585084, 0.25570152]))	False
APOLD1	ENHA_RARA;HDAC2	10.0171935917473	2.8491089861419e-57	False	((1.1666666666666667, 0.3522167487684731), array([0.10585084, 0.25570152]))	False
APOLD1	ENHA_PRDM1;HDAC2	18.751664512065	4.69189029392036e-39	False	((1.1, 0.33054187192118234), array([0.10585084, 0.25570152]))	False
APOLD1	ENHA_REST;HDAC2	19.0864745228165	1.01464154634937e-49	False	((1.1666666666666667, 0.384729064039409), array([0.10585084, 0.25570152]))	False
APOLD1	ENHA_PRDM1;HDAC2	18.751664512065	4.69189029392036e-39	False	((1.1, 0.33054187192118234), array([0.10585084, 0.25570152]))	False
APOLD1	ENHA_KLF5;HDAC2	36.3413803931355	2.01254033340133e-57	False	((1.1, -0.22216748768472905), array([0.10585084, 0.25570152]))	False
APOLD1	ENHA_STAT3;HDAC2	13.2844249276552	8.42808776327208e-74	False	((1.1666666666666667, 0.6773399014778327), array([0.10585084, 0.25570152]))	False
APOLD1	ENHA_SP1;HDAC2	inf	3.12352823996644e-29	False	((1.1666666666666667, 0.5798029556650248), array([0.10585084, 0.25570152]))	False
APOLD1	ENHA_FOXK1;HDAC2	6.1993129216619	1.0759914776000401e-44	False	((1.1333333333333335, -0.6665024630541873), array([0.10585084, 0.25570152]))	False
APOLD1	ENHA_KLF5;HDAC2	36.3413803931355	2.01254033340133e-57	False	((1.1, -0.22216748768472905), array([0.10585084, 0.25570152]))	False
APOLD1	ENHA_FOXK2;HDAC2	6.4680148106146	1.9861313593231102e-47	False	((1.1666666666666667, -0.6556650246305419), array([0.10585084, 0.25570152]))	False
APOLD1	ENHA_SP1;HDAC2	inf	3.12352823996644e-29	False	((1.1666666666666667, 0.5798029556650248), array([0.10585084, 0.25570152]))	False
APOLD1	ENHA_RREB1;HDAC2	41.4653013963198	2.26597569142092e-56	False	((1.1666666666666667, 0.4497536945812808), array([0.10585084, 0.25570152]))	False
APOLD1	ENHA_RARA;HDAC2	10.0171935917473	2.8491089861419e-57	False	((1.1666666666666667, 0.3522167487684731), array([0.10585084, 0.25570152]))	False
APOLD1	ENHA_PRDM1;HDAC2	18.751664512065	4.69189029392036e-39	False	((1.1, 0.33054187192118234), array([0.10585084, 0.25570152]))	False
APOLD1	ENHA_ZBTB7A;HDAC2	10.6902264886505	3.33497501882537e-63	False	((1.1, 0.9807881773399019), array([0.10585084, 0.25570152]))	False
APOLD1	ENHA_SP1;HDAC2	inf	3.12352823996644e-29	False	((1.1666666666666667, 0.5798029556650248), array([0.10585084, 0.25570152]))	False
APOLD1	ENHA_TWIST1;HDAC2	6.13548562606533	7.29860710917401e-45	False	((1.1333333333333335, 0.8940886699507391), array([0.10585084, 0.25570152]))	False
APOLD1	ENHA_FOXK1;HDAC2	6.1993129216619	1.0759914776000401e-44	False	((1.1333333333333335, -0.6665024630541873), array([0.10585084, 0.25570152]))	False
APOLD1	ENHA_RREB1;HDAC2	41.4653013963198	2.26597569142092e-56	False	((1.1666666666666667, 0.4497536945812808), array([0.10585084, 0.25570152]))	False
APOLD1	ENHA_FOXK1;HDAC2	6.1993129216619	1.0759914776000401e-44	False	((1.1333333333333335, -0.6665024630541873), array([0.10585084, 0.25570152]))	False
APOLD1	ENHA_FOXK2;HDAC2	6.4680148106146	1.9861313593231102e-47	False	((1.1666666666666667, -0.6556650246305419), array([0.10585084, 0.25570152]))	False
APOLD1	ENHA_SP1;HDAC2	inf	3.12352823996644e-29	False	((1.1666666666666667, 0.5798029556650248), array([0.10585084, 0.25570152]))	False
APOLD1	ENHA_TP53;HDAC2	37.5807134005594	7.797057347458641e-95	False	((1.1666666666666667, 0.8724137931034484), array([0.10585084, 0.25570152]))	False
APOLD1	ENHA_STAT3;HDAC2	13.2844249276552	8.42808776327208e-74	False	((1.1666666666666667, 0.6773399014778327), array([0.10585084, 0.25570152]))	False
APOLD1	ENHA_RFX5;HDAC2	10.6606370961488	3.09962272417571e-59	False	((1.1666666666666667, 0.4172413793103449), array([0.10585084, 0.25570152]))	False
APOLD1	ENHA_TP53;HDAC2	37.5807134005594	7.797057347458641e-95	False	((1.1666666666666667, 0.8724137931034484), array([0.10585084, 0.25570152]))	False
APOLD1	ENHA_RREB1;HDAC2	41.4653013963198	2.26597569142092e-56	False	((1.1666666666666667, 0.4497536945812808), array([0.10585084, 0.25570152]))	False
APOLD1	ENHA_KLF5;HDAC2	36.3413803931355	2.01254033340133e-57	False	((1.1, -0.22216748768472905), array([0.10585084, 0.25570152]))	False
APOLD1	ENHA_KLF4;HDAC2	52.2133912022123	7.37629085931436e-47	False	((1.1666666666666667, -0.23300492610837442), array([0.10585084, 0.25570152]))	False
APOLD1	ENHA_RFX5;HDAC2	10.6606370961488	3.09962272417571e-59	False	((1.1666666666666667, 0.4172413793103449), array([0.10585084, 0.25570152]))	False
APOLD1	ENHA_SP1;HDAC2	inf	3.12352823996644e-29	False	((1.1666666666666667, 0.5798029556650248), array([0.10585084, 0.25570152]))	False
APOLD1	ENHA_RARA;HDAC2	10.0171935917473	2.8491089861419e-57	False	((1.1666666666666667, 0.3522167487684731), array([0.10585084, 0.25570152]))	False
APOLD1	ENHA_PRDM1;HDAC2	18.751664512065	4.69189029392036e-39	False	((1.1, 0.33054187192118234), array([0.10585084, 0.25570152]))	False
APOLD1	ENHA_FOXK1;HDAC2	6.1993129216619	1.0759914776000401e-44	False	((1.1333333333333335, -0.6665024630541873), array([0.10585084, 0.25570152]))	False
APOLD1	ENHA_FOXK2;HDAC2	6.4680148106146	1.9861313593231102e-47	False	((1.1666666666666667, -0.6556650246305419), array([0.10585084, 0.25570152]))	False
APOLD1	ENHA_TWIST1;HDAC2	6.13548562606533	7.29860710917401e-45	False	((1.1333333333333335, 0.8940886699507391), array([0.10585084, 0.25570152]))	False
APOLD1	ENHA_RARA;HDAC2	10.0171935917473	2.8491089861419e-57	False	((1.1666666666666667, 0.3522167487684731), array([0.10585084, 0.25570152]))	False
APOLD1	ENHA_REST;HDAC2	19.0864745228165	1.01464154634937e-49	False	((1.1666666666666667, 0.384729064039409), array([0.10585084, 0.25570152]))	False
APOLD1	ENHA_KLF5;HDAC2	36.3413803931355	2.01254033340133e-57	False	((1.1, -0.22216748768472905), array([0.10585084, 0.25570152]))	False
APOLD1	ENHA_KLF4;HDAC2	52.2133912022123	7.37629085931436e-47	False	((1.1666666666666667, -0.23300492610837442), array([0.10585084, 0.25570152]))	False
APOLD1	ENHA_RBPJ;HDAC2	13.2358500045561	1.4196331698894499e-70	False	((1.1, 0.36305418719211824), array([0.10585084, 0.25570152]))	False
APOLD1	ENHA_SP1;HDAC2	inf	3.12352823996644e-29	False	((1.1666666666666667, 0.5798029556650248), array([0.10585084, 0.25570152]))	False
APOLD1	ENHA_REST;HDAC2	19.0864745228165	1.01464154634937e-49	False	((1.1666666666666667, 0.384729064039409), array([0.10585084, 0.25570152]))	False
APOLD1	ENHA_KLF4;HDAC2	52.2133912022123	7.37629085931436e-47	False	((1.1666666666666667, -0.23300492610837442), array([0.10585084, 0.25570152]))	False
APOLD1	ENHA_SP1;HDAC2	inf	3.12352823996644e-29	False	((1.1666666666666667, 0.5798029556650248), array([0.10585084, 0.25570152]))	False
APOLD1	ENHA_ZBTB7A;HDAC2	10.6902264886505	3.33497501882537e-63	False	((1.1, 0.9807881773399019), array([0.10585084, 0.25570152]))	False
APOLD1	ENHA_PRDM1;HDAC2	18.751664512065	4.69189029392036e-39	False	((1.1, 0.33054187192118234), array([0.10585084, 0.25570152]))	False
APOLD1	ENHA_HIF1A;HDAC2	6.2575596531338	1.47356858870119e-38	False	((1.1, -0.5147783251231527), array([0.10585084, 0.25570152]))	False
APOLD1	ENHA_MYC;HDAC2	7.65154766463441	2.4035818875529797e-55	False	((1.1666666666666667, -0.005418719211822687), array([0.10585084, 0.25570152]))	False
APOLD1	ENHA_RREB1;HDAC2	41.4653013963198	2.26597569142092e-56	False	((1.1666666666666667, 0.4497536945812808), array([0.10585084, 0.25570152]))	False
APOLD1	ENHA_KLF5;HDAC2	36.3413803931355	2.01254033340133e-57	False	((1.1, -0.22216748768472905), array([0.10585084, 0.25570152]))	False
APOLD1	ENHA_KLF4;HDAC2	52.2133912022123	7.37629085931436e-47	False	((1.1666666666666667, -0.23300492610837442), array([0.10585084, 0.25570152]))	False
APOLD1	ENHA_SP1;HDAC2	inf	3.12352823996644e-29	False	((1.1666666666666667, 0.5798029556650248), array([0.10585084, 0.25570152]))	False
APOLD1	ENHA_PRDM1;HDAC2	18.751664512065	4.69189029392036e-39	False	((1.1, 0.33054187192118234), array([0.10585084, 0.25570152]))	False
APOLD1	ENHA_TWIST1;HDAC2	6.13548562606533	7.29860710917401e-45	False	((1.1333333333333335, 0.8940886699507391), array([0.10585084, 0.25570152]))	False
APOLD1	ENHA_RBPJ;HDAC2	13.2358500045561	1.4196331698894499e-70	False	((1.1, 0.36305418719211824), array([0.10585084, 0.25570152]))	False
APOLD1	ENHA_STAT3;HDAC2	13.2844249276552	8.42808776327208e-74	False	((1.1666666666666667, 0.6773399014778327), array([0.10585084, 0.25570152]))	False
APOLD1	ENHA_PRDM1;HDAC2	18.751664512065	4.69189029392036e-39	False	((1.1, 0.33054187192118234), array([0.10585084, 0.25570152]))	False
APOLD1	ENHA_RREB1;HDAC2	41.4653013963198	2.26597569142092e-56	False	((1.1666666666666667, 0.4497536945812808), array([0.10585084, 0.25570152]))	False
APOLD1	ENHA_RBPJ;HDAC2	13.2358500045561	1.4196331698894499e-70	False	((1.1, 0.36305418719211824), array([0.10585084, 0.25570152]))	False
APOLD1	ENHA_STAT3;HDAC2	13.2844249276552	8.42808776327208e-74	False	((1.1666666666666667, 0.6773399014778327), array([0.10585084, 0.25570152]))	False
APOLD1	ENHA_PRDM1;HDAC2	18.751664512065	4.69189029392036e-39	False	((1.1, 0.33054187192118234), array([0.10585084, 0.25570152]))	False
APOLD1	ENHA_KLF5;HDAC2	36.3413803931355	2.01254033340133e-57	False	((1.1, -0.22216748768472905), array([0.10585084, 0.25570152]))	False
APOLD1	ENHA_KLF4;HDAC2	52.2133912022123	7.37629085931436e-47	False	((1.1666666666666667, -0.23300492610837442), array([0.10585084, 0.25570152]))	False
APOLD1	ENHA_RFX5;HDAC2	10.6606370961488	3.09962272417571e-59	False	((1.1666666666666667, 0.4172413793103449), array([0.10585084, 0.25570152]))	False
APOLD1	ENHA_TWIST1;HDAC2	6.13548562606533	7.29860710917401e-45	False	((1.1333333333333335, 0.8940886699507391), array([0.10585084, 0.25570152]))	False
APOLD1	ENHA_HIF1A;HDAC2	6.2575596531338	1.47356858870119e-38	False	((1.1, -0.5147783251231527), array([0.10585084, 0.25570152]))	False
APOLD1	ENHA_REST;HDAC2	19.0864745228165	1.01464154634937e-49	False	((1.1666666666666667, 0.384729064039409), array([0.10585084, 0.25570152]))	False
APOLD1	ENHA_YY1;HDAC2	8.66337997164236	5.27416370804051e-57	False	((1.1666666666666667, 0.9374384236453204), array([0.10585084, 0.25570152]))	False
APOLD1	ENHA_SP1;HDAC2	inf	3.12352823996644e-29	False	((1.1666666666666667, 0.5798029556650248), array([0.10585084, 0.25570152]))	False
APOLD1	ENHA_MYC;HDAC2	7.65154766463441	2.4035818875529797e-55	False	((1.1666666666666667, -0.005418719211822687), array([0.10585084, 0.25570152]))	False
APOLD1	ENHA_RFX5;HDAC2	10.6606370961488	3.09962272417571e-59	False	((1.1666666666666667, 0.4172413793103449), array([0.10585084, 0.25570152]))	False
APOLD1	ENHA_RREB1;HDAC2	41.4653013963198	2.26597569142092e-56	False	((1.1666666666666667, 0.4497536945812808), array([0.10585084, 0.25570152]))	False
APOLD1	ENHA_ZBTB7A;HDAC2	10.6902264886505	3.33497501882537e-63	False	((1.1, 0.9807881773399019), array([0.10585084, 0.25570152]))	False
APOLD1	ENHA_KLF5;HDAC2	36.3413803931355	2.01254033340133e-57	False	((1.1, -0.22216748768472905), array([0.10585084, 0.25570152]))	False
APOLD1	ENHA_REST;HDAC2	19.0864745228165	1.01464154634937e-49	False	((1.1666666666666667, 0.384729064039409), array([0.10585084, 0.25570152]))	False
APOLD1	ENHA_KLF4;HDAC2	52.2133912022123	7.37629085931436e-47	False	((1.1666666666666667, -0.23300492610837442), array([0.10585084, 0.25570152]))	False
APOLD1	ENHA_SP1;HDAC2	inf	3.12352823996644e-29	False	((1.1666666666666667, 0.5798029556650248), array([0.10585084, 0.25570152]))	False
APOLD1	ENHA_TP53;HDAC2	37.5807134005594	7.797057347458641e-95	False	((1.1666666666666667, 0.8724137931034484), array([0.10585084, 0.25570152]))	False
APOLD1	ENHA_PRDM1;HDAC2	18.751664512065	4.69189029392036e-39	False	((1.1, 0.33054187192118234), array([0.10585084, 0.25570152]))	False
APOLD1	ENHA_TP53;HDAC2	37.5807134005594	7.797057347458641e-95	False	((1.1666666666666667, 0.8724137931034484), array([0.10585084, 0.25570152]))	False
APOLD1	ENHA_RREB1;HDAC2	41.4653013963198	2.26597569142092e-56	False	((1.1666666666666667, 0.4497536945812808), array([0.10585084, 0.25570152]))	False
APOLD1	ENHA_KLF5;HDAC2	36.3413803931355	2.01254033340133e-57	False	((1.1, -0.22216748768472905), array([0.10585084, 0.25570152]))	False
APOLD1	ENHA_KLF4;HDAC2	52.2133912022123	7.37629085931436e-47	False	((1.1666666666666667, -0.23300492610837442), array([0.10585084, 0.25570152]))	False
APOLD1	ENHA_SP1;HDAC2	inf	3.12352823996644e-29	False	((1.1666666666666667, 0.5798029556650248), array([0.10585084, 0.25570152]))	False
APOLD1	ENHA_RREB1;HDAC2	41.4653013963198	2.26597569142092e-56	False	((1.1666666666666667, 0.4497536945812808), array([0.10585084, 0.25570152]))	False
APOLD1	ENHA_TP53;HDAC2	37.5807134005594	7.797057347458641e-95	False	((1.1666666666666667, 0.8724137931034484), array([0.10585084, 0.25570152]))	False
APOLD1	ENHA_RREB1;HDAC2	41.4653013963198	2.26597569142092e-56	False	((1.1666666666666667, 0.4497536945812808), array([0.10585084, 0.25570152]))	False
APOLD1	ENHA_RARA;HDAC2	10.0171935917473	2.8491089861419e-57	False	((1.1666666666666667, 0.3522167487684731), array([0.10585084, 0.25570152]))	False
APOLD1	ENHA_TP53;HDAC2	37.5807134005594	7.797057347458641e-95	False	((1.1666666666666667, 0.8724137931034484), array([0.10585084, 0.25570152]))	False
APOLD1	ENHA_RARA;HDAC2	10.0171935917473	2.8491089861419e-57	False	((1.1666666666666667, 0.3522167487684731), array([0.10585084, 0.25570152]))	False
APOLD1	ENHA_RBPJ;HDAC2	13.2358500045561	1.4196331698894499e-70	False	((1.1, 0.36305418719211824), array([0.10585084, 0.25570152]))	False
APOLD1	ENHA_YY1;HDAC2	8.66337997164236	5.27416370804051e-57	False	((1.1666666666666667, 0.9374384236453204), array([0.10585084, 0.25570152]))	False
APOLD1	ENHA_RREB1;HDAC2	41.4653013963198	2.26597569142092e-56	False	((1.1666666666666667, 0.4497536945812808), array([0.10585084, 0.25570152]))	False
APOLD1	ENHA_REST;HDAC2	19.0864745228165	1.01464154634937e-49	False	((1.1666666666666667, 0.384729064039409), array([0.10585084, 0.25570152]))	False
APOLD1	ENHA_MYC;HDAC2	7.65154766463441	2.4035818875529797e-55	False	((1.1666666666666667, -0.005418719211822687), array([0.10585084, 0.25570152]))	False
APOLD1	ENHA_RARA;HDAC2	10.0171935917473	2.8491089861419e-57	False	((1.1666666666666667, 0.3522167487684731), array([0.10585084, 0.25570152]))	False
APOLD1	ENHA_PRDM1;HDAC2	18.751664512065	4.69189029392036e-39	False	((1.1, 0.33054187192118234), array([0.10585084, 0.25570152]))	False
APOLD1	ENHA_FOXK1;HDAC2	6.1993129216619	1.0759914776000401e-44	False	((1.1333333333333335, -0.6665024630541873), array([0.10585084, 0.25570152]))	False
APOLD1	ENHA_KLF5;HDAC2	36.3413803931355	2.01254033340133e-57	False	((1.1, -0.22216748768472905), array([0.10585084, 0.25570152]))	False
APOLD1	ENHA_YY1;HDAC2	8.66337997164236	5.27416370804051e-57	False	((1.1666666666666667, 0.9374384236453204), array([0.10585084, 0.25570152]))	False
APOLD1	ENHA_RFX5;HDAC2	10.6606370961488	3.09962272417571e-59	False	((1.1666666666666667, 0.4172413793103449), array([0.10585084, 0.25570152]))	False
APOLD1	ENHA_RREB1;HDAC2	41.4653013963198	2.26597569142092e-56	False	((1.1666666666666667, 0.4497536945812808), array([0.10585084, 0.25570152]))	False
APOLD1	ENHA_HIF1A;HDAC2	6.2575596531338	1.47356858870119e-38	False	((1.1, -0.5147783251231527), array([0.10585084, 0.25570152]))	False
APOLD1	ENHA_KLF5;HDAC2	36.3413803931355	2.01254033340133e-57	False	((1.1, -0.22216748768472905), array([0.10585084, 0.25570152]))	False
APOLD1	ENHA_PPARD;HDAC2	7.94927398235065	2.87083838427147e-57	False	((1.1333333333333335, 0.3088669950738918), array([0.10585084, 0.25570152]))	True
APOLD1	ENHA_KLF4;HDAC2	52.2133912022123	7.37629085931436e-47	False	((1.1666666666666667, -0.23300492610837442), array([0.10585084, 0.25570152]))	False
APOLD1	ENHA_MYC;HDAC2	7.65154766463441	2.4035818875529797e-55	False	((1.1666666666666667, -0.005418719211822687), array([0.10585084, 0.25570152]))	False
APOLD1	ENHA_SP1;HDAC2	inf	3.12352823996644e-29	False	((1.1666666666666667, 0.5798029556650248), array([0.10585084, 0.25570152]))	False
APOLD1	ENHA_RFX5;HDAC2	10.6606370961488	3.09962272417571e-59	False	((1.1666666666666667, 0.4172413793103449), array([0.10585084, 0.25570152]))	False
APOLD1	ENHA_RBPJ;HDAC2	13.2358500045561	1.4196331698894499e-70	False	((1.1, 0.36305418719211824), array([0.10585084, 0.25570152]))	False
APOLD1	ENHA_PRDM1;HDAC2	18.751664512065	4.69189029392036e-39	False	((1.1, 0.33054187192118234), array([0.10585084, 0.25570152]))	False
APOLD1	ENHA_KLF4;HDAC2	52.2133912022123	7.37629085931436e-47	False	((1.1666666666666667, -0.23300492610837442), array([0.10585084, 0.25570152]))	False
APOLD1	ENHA_SP1;HDAC2	inf	3.12352823996644e-29	False	((1.1666666666666667, 0.5798029556650248), array([0.10585084, 0.25570152]))	False
APOLD1	ENHA_RFX5;HDAC2	10.6606370961488	3.09962272417571e-59	False	((1.1666666666666667, 0.4172413793103449), array([0.10585084, 0.25570152]))	False
APOLD1	ENHA_TP53;HDAC2	37.5807134005594	7.797057347458641e-95	False	((1.1666666666666667, 0.8724137931034484), array([0.10585084, 0.25570152]))	False
APOLD1	ENHA_RREB1;HDAC2	41.4653013963198	2.26597569142092e-56	False	((1.1666666666666667, 0.4497536945812808), array([0.10585084, 0.25570152]))	False
APOLD1	ENHA_TWIST1;HDAC2	6.13548562606533	7.29860710917401e-45	False	((1.1333333333333335, 0.8940886699507391), array([0.10585084, 0.25570152]))	False
APOLD1	ENHA_KLF5;HDAC2	36.3413803931355	2.01254033340133e-57	False	((1.1, -0.22216748768472905), array([0.10585084, 0.25570152]))	False
APOLD1	ENHA_KLF4;HDAC2	52.2133912022123	7.37629085931436e-47	False	((1.1666666666666667, -0.23300492610837442), array([0.10585084, 0.25570152]))	False
APOLD1	ENHA_SP1;HDAC2	inf	3.12352823996644e-29	False	((1.1666666666666667, 0.5798029556650248), array([0.10585084, 0.25570152]))	False
APOLD1	ENHA_PRDM1;HDAC2	18.751664512065	4.69189029392036e-39	False	((1.1, 0.33054187192118234), array([0.10585084, 0.25570152]))	False
APOLD1	ENHA_ZBTB7A;HDAC2	10.6902264886505	3.33497501882537e-63	False	((1.1, 0.9807881773399019), array([0.10585084, 0.25570152]))	False
APOLD1	ENHA_RBPJ;HDAC2	13.2358500045561	1.4196331698894499e-70	False	((1.1, 0.36305418719211824), array([0.10585084, 0.25570152]))	False
APOLD1	ENHA_RREB1;HDAC2	41.4653013963198	2.26597569142092e-56	False	((1.1666666666666667, 0.4497536945812808), array([0.10585084, 0.25570152]))	False
APOLD1	ENHA_KLF5;HDAC2	36.3413803931355	2.01254033340133e-57	False	((1.1, -0.22216748768472905), array([0.10585084, 0.25570152]))	False
APOLD1	ENHA_KLF4;HDAC2	52.2133912022123	7.37629085931436e-47	False	((1.1666666666666667, -0.23300492610837442), array([0.10585084, 0.25570152]))	False
APOLD1	ENHA_SP1;HDAC2	inf	3.12352823996644e-29	False	((1.1666666666666667, 0.5798029556650248), array([0.10585084, 0.25570152]))	False
APOLD1	ENHA_REST;HDAC2	19.0864745228165	1.01464154634937e-49	False	((1.1666666666666667, 0.384729064039409), array([0.10585084, 0.25570152]))	False
APOLD1	ENHA_ZBTB7A;HDAC2	10.6902264886505	3.33497501882537e-63	False	((1.1, 0.9807881773399019), array([0.10585084, 0.25570152]))	False
APOLD1	ENHA_RBPJ;HDAC2	13.2358500045561	1.4196331698894499e-70	False	((1.1, 0.36305418719211824), array([0.10585084, 0.25570152]))	False
APOLD1	ENHA_STAT3;HDAC2	13.2844249276552	8.42808776327208e-74	False	((1.1666666666666667, 0.6773399014778327), array([0.10585084, 0.25570152]))	False
APOLD1	ENHA_PRDM1;HDAC2	18.751664512065	4.69189029392036e-39	False	((1.1, 0.33054187192118234), array([0.10585084, 0.25570152]))	False
APOLD1	ENHA_FOXK1;HDAC2	6.1993129216619	1.0759914776000401e-44	False	((1.1333333333333335, -0.6665024630541873), array([0.10585084, 0.25570152]))	False
APOLD1	ENHA_FOXK2;HDAC2	6.4680148106146	1.9861313593231102e-47	False	((1.1666666666666667, -0.6556650246305419), array([0.10585084, 0.25570152]))	False
APOLD1	ENHA_SP1;HDAC2	inf	3.12352823996644e-29	False	((1.1666666666666667, 0.5798029556650248), array([0.10585084, 0.25570152]))	False
APOLD1	ENHA_STAT3;HDAC2	13.2844249276552	8.42808776327208e-74	False	((1.1666666666666667, 0.6773399014778327), array([0.10585084, 0.25570152]))	False
APOLD1	ENHA_RFX5;HDAC2	10.6606370961488	3.09962272417571e-59	False	((1.1666666666666667, 0.4172413793103449), array([0.10585084, 0.25570152]))	False
APOLD1	ENHA_PRDM1;HDAC2	18.751664512065	4.69189029392036e-39	False	((1.1, 0.33054187192118234), array([0.10585084, 0.25570152]))	False
APOLD1	ENHA_RFX5;HDAC2	10.6606370961488	3.09962272417571e-59	False	((1.1666666666666667, 0.4172413793103449), array([0.10585084, 0.25570152]))	False
APOLD1	ENHA_PRDM1;HDAC2	18.751664512065	4.69189029392036e-39	False	((1.1, 0.33054187192118234), array([0.10585084, 0.25570152]))	False
APOLD1	ENHA_RREB1;HDAC2	41.4653013963198	2.26597569142092e-56	False	((1.1666666666666667, 0.4497536945812808), array([0.10585084, 0.25570152]))	False
APOLD1	ENHA_KLF4;HDAC2	52.2133912022123	7.37629085931436e-47	False	((1.1666666666666667, -0.23300492610837442), array([0.10585084, 0.25570152]))	False
APOLD1	ENHA_RARA;HDAC2	10.0171935917473	2.8491089861419e-57	False	((1.1666666666666667, 0.3522167487684731), array([0.10585084, 0.25570152]))	False
APOLD1	HDAC2;PROM_ZBTB7A	2.64352249936913	4.42722864741109e-14	False	(array([0.10585084, 0.25570152]), (-1.1, 0.9086956521739129))	False
APOLD1	HDAC2;PROM_SP1	63.7009159126259	1.00597414486394e-22	False	(array([0.10585084, 0.25570152]), (-1.1333333333333335, 0.14347826086956506))	False
APOLD1	CREBBP;ENHA_TCF3	27.1394798893539	1.17358522420909e-49	False	(array([-0.05808715, -0.07147515]), (1.1333333333333335, 0.6990147783251233))	False
APOLD1	CREBBP;ENHA_SREBF1	8.98458646331469	2.7282925382728396e-56	False	(array([-0.05808715, -0.07147515]), (1.1333333333333335, 0.6339901477832512))	False
APOLD1	CREBBP;ENHA_CREB1	20.8980088918548	3.78358325314559e-75	False	(array([-0.05808715, -0.07147515]), (1.1, -0.9374384236453203))	False
APOLD1	CREBBP;ENHA_ATF2	9.93080974861235	2.58306711942093e-67	False	(array([-0.05808715, -0.07147515]), (1.1666666666666667, -1.0783251231527093))	False
APOLD1	CREBBP;ENHA_STAT1	21.0044204609003	3.0839224106088704e-54	False	(array([-0.05808715, -0.07147515]), (1.1333333333333335, 0.6665024630541874))	False
APOLD1	CREBBP;ENHA_FOS	8.27175476571965	2.07299867669892e-58	False	(array([-0.05808715, -0.07147515]), (1.1, -0.7098522167487685))	False
APOLD1	CREBBP;ENHA_RUNX1	6.09468980999379	9.76111495390023e-43	False	(array([-0.05808715, -0.07147515]), (1.1, 0.46059113300492616))	False
APOLD1	CREBBP;ENHA_IRF1	53.6856778128873	6.29113018474929e-35	False	(array([-0.05808715, -0.07147515]), (1.1333333333333335, -0.4064039408866995))	False
APOLD1	CREBBP;ENHA_KLF5	34.8786095060536	1.66949377572402e-55	False	(array([-0.05808715, -0.07147515]), (1.1, -0.22216748768472905))	False
APOLD1	CREBBP;ENHA_SRF	7.71887583423765	1.8043628386731902e-54	False	(array([-0.05808715, -0.07147515]), (1.1, 0.655665024630542))	False
APOLD1	CREBBP;ENHA_STAT3	12.4391383304075	5.964865593470689e-70	False	(array([-0.05808715, -0.07147515]), (1.1666666666666667, 0.6773399014778327))	False
APOLD1	CREBBP;ENHA_STAT1	21.0044204609003	3.0839224106088704e-54	False	(array([-0.05808715, -0.07147515]), (1.1333333333333335, 0.6665024630541874))	False
APOLD1	CREBBP;ENHA_FOXO3	6.35440508055712	1.28453243327582e-46	False	(array([-0.05808715, -0.07147515]), (1.1, -0.6448275862068966))	False
APOLD1	CREBBP;ENHA_SNAI1	13.8556537721976	5.42411845137593e-56	False	(array([-0.05808715, -0.07147515]), (1.1666666666666667, 0.5147783251231528))	False
APOLD1	CREBBP;ENHA_KLF5	34.8786095060536	1.66949377572402e-55	False	(array([-0.05808715, -0.07147515]), (1.1, -0.22216748768472905))	False
APOLD1	CREBBP;ENHA_EGR1	35.8892595029745	6.5017151654672e-50	False	(array([-0.05808715, -0.07147515]), (1.1, -0.8399014778325123))	False
APOLD1	CREBBP;ENHA_IRF1	53.6856778128873	6.29113018474929e-35	False	(array([-0.05808715, -0.07147515]), (1.1333333333333335, -0.4064039408866995))	False
APOLD1	CREBBP;ENHA_HOXB7	5.3105767140132	5.05588849692758e-27	False	(array([-0.05808715, -0.07147515]), (1.1666666666666667, -0.46059113300492616))	False
APOLD1	CREBBP;ENHA_IRF1	53.6856778128873	6.29113018474929e-35	False	(array([-0.05808715, -0.07147515]), (1.1333333333333335, -0.4064039408866995))	False
APOLD1	CREBBP;ENHA_ATF2	9.93080974861235	2.58306711942093e-67	False	(array([-0.05808715, -0.07147515]), (1.1666666666666667, -1.0783251231527093))	False
APOLD1	CREBBP;ENHA_STAT1	21.0044204609003	3.0839224106088704e-54	False	(array([-0.05808715, -0.07147515]), (1.1333333333333335, 0.6665024630541874))	False
APOLD1	CREBBP;ENHA_JUN	7.3134042782995	4.29119344542815e-53	False	(array([-0.05808715, -0.07147515]), (1.1666666666666667, -0.33054187192118223))	False
APOLD1	CREBBP;ENHA_KLF13	4.91956584743864	1.72148829957346e-32	False	(array([-0.05808715, -0.07147515]), (1.1333333333333335, -0.2763546798029557))	False
APOLD1	CREBBP;ENHA_GLI3	12.2018104543439	3.01623670088602e-57	False	(array([-0.05808715, -0.07147515]), (1.1333333333333335, -0.5689655172413793))	False
APOLD1	CREBBP;ENHA_TCF3	27.1394798893539	1.17358522420909e-49	False	(array([-0.05808715, -0.07147515]), (1.1333333333333335, 0.6990147783251233))	False
APOLD1	CREBBP;ENHA_SNAI1	13.8556537721976	5.42411845137593e-56	False	(array([-0.05808715, -0.07147515]), (1.1666666666666667, 0.5147783251231528))	False
APOLD1	CREBBP;ENHA_IRF1	53.6856778128873	6.29113018474929e-35	False	(array([-0.05808715, -0.07147515]), (1.1333333333333335, -0.4064039408866995))	False
APOLD1	CREBBP;ENHA_STAT1	21.0044204609003	3.0839224106088704e-54	False	(array([-0.05808715, -0.07147515]), (1.1333333333333335, 0.6665024630541874))	False
APOLD1	CREBBP;ENHA_NFATC4	6.50755715465572	1.0181015406333201e-47	False	(array([-0.05808715, -0.07147515]), (1.1333333333333335, 0.01625615763546806))	False
APOLD1	CREBBP;ENHA_REL	6.65280228270458	2.32448243055454e-48	False	(array([-0.05808715, -0.07147515]), (1.1333333333333335, 0.3738916256157636))	False
APOLD1	CREBBP;ENHA_IRF1	53.6856778128873	6.29113018474929e-35	False	(array([-0.05808715, -0.07147515]), (1.1333333333333335, -0.4064039408866995))	False
APOLD1	CREBBP;ENHA_TP53	35.0327709135116	2.82249292146474e-90	False	(array([-0.05808715, -0.07147515]), (1.1666666666666667, 0.8724137931034484))	False
APOLD1	CREBBP;ENHA_PPARG	6.68554942770888	5.89076128512382e-49	False	(array([-0.05808715, -0.07147515]), (1.1666666666666667, 0.31970443349753697))	False
APOLD1	CREBBP;ENHA_STAT3	12.4391383304075	5.964865593470689e-70	False	(array([-0.05808715, -0.07147515]), (1.1666666666666667, 0.6773399014778327))	False
APOLD1	CREBBP;ENHA_TP53	35.0327709135116	2.82249292146474e-90	False	(array([-0.05808715, -0.07147515]), (1.1666666666666667, 0.8724137931034484))	False
APOLD1	CREBBP;ENHA_SNAI1	13.8556537721976	5.42411845137593e-56	False	(array([-0.05808715, -0.07147515]), (1.1666666666666667, 0.5147783251231528))	False
APOLD1	CREBBP;ENHA_KLF5	34.8786095060536	1.66949377572402e-55	False	(array([-0.05808715, -0.07147515]), (1.1, -0.22216748768472905))	False
APOLD1	CREBBP;ENHA_EGR1	35.8892595029745	6.5017151654672e-50	False	(array([-0.05808715, -0.07147515]), (1.1, -0.8399014778325123))	False
APOLD1	CREBBP;ENHA_KLF4	48.0576001259829	1.11409041189344e-43	False	(array([-0.05808715, -0.07147515]), (1.1666666666666667, -0.23300492610837442))	False
APOLD1	CREBBP;ENHA_NFATC4	6.50755715465572	1.0181015406333201e-47	False	(array([-0.05808715, -0.07147515]), (1.1333333333333335, 0.01625615763546806))	False
APOLD1	CREBBP;ENHA_IRF1	53.6856778128873	6.29113018474929e-35	False	(array([-0.05808715, -0.07147515]), (1.1333333333333335, -0.4064039408866995))	False
APOLD1	CREBBP;ENHA_STAT1	21.0044204609003	3.0839224106088704e-54	False	(array([-0.05808715, -0.07147515]), (1.1333333333333335, 0.6665024630541874))	False
APOLD1	CREBBP;ENHA_SNAI1	13.8556537721976	5.42411845137593e-56	False	(array([-0.05808715, -0.07147515]), (1.1666666666666667, 0.5147783251231528))	False
APOLD1	CREBBP;ENHA_NR3C1	10.2945732655025	1.65515191112402e-64	False	(array([-0.05808715, -0.07147515]), (1.1666666666666667, 0.18965517241379315))	False
APOLD1	CREBBP;ENHA_SREBF2	10.2542673888246	3.71931080662785e-66	False	(array([-0.05808715, -0.07147515]), (1.1666666666666667, 0.6448275862068966))	False
APOLD1	CREBBP;ENHA_IRF1	53.6856778128873	6.29113018474929e-35	False	(array([-0.05808715, -0.07147515]), (1.1333333333333335, -0.4064039408866995))	False
APOLD1	CREBBP;ENHA_AR	9.59388699206088	3.39586799919215e-64	False	(array([-0.05808715, -0.07147515]), (1.1, -1.1))	False
APOLD1	CREBBP;ENHA_SREBF1	8.98458646331469	2.7282925382728396e-56	False	(array([-0.05808715, -0.07147515]), (1.1333333333333335, 0.6339901477832512))	False
APOLD1	CREBBP;ENHA_IRF7	6.06682945441382	1.72001962394258e-44	False	(array([-0.05808715, -0.07147515]), (1.1666666666666667, -0.36305418719211824))	False
APOLD1	CREBBP;ENHA_REL	6.65280228270458	2.32448243055454e-48	False	(array([-0.05808715, -0.07147515]), (1.1333333333333335, 0.3738916256157636))	False
APOLD1	CREBBP;ENHA_TCF3	27.1394798893539	1.17358522420909e-49	False	(array([-0.05808715, -0.07147515]), (1.1333333333333335, 0.6990147783251233))	False
APOLD1	CREBBP;ENHA_SREBF1	8.98458646331469	2.7282925382728396e-56	False	(array([-0.05808715, -0.07147515]), (1.1333333333333335, 0.6339901477832512))	False
APOLD1	CREBBP;ENHA_KLF5	34.8786095060536	1.66949377572402e-55	False	(array([-0.05808715, -0.07147515]), (1.1, -0.22216748768472905))	False
APOLD1	CREBBP;ENHA_KLF4	48.0576001259829	1.11409041189344e-43	False	(array([-0.05808715, -0.07147515]), (1.1666666666666667, -0.23300492610837442))	False
APOLD1	CREBBP;ENHA_VDR	8.52292934981912	7.788795659462061e-58	False	(array([-0.05808715, -0.07147515]), (1.1, 0.9157635467980296))	False
APOLD1	CREBBP;ENHA_IRF1	53.6856778128873	6.29113018474929e-35	False	(array([-0.05808715, -0.07147515]), (1.1333333333333335, -0.4064039408866995))	False
APOLD1	CREBBP;ENHA_ATF2	9.93080974861235	2.58306711942093e-67	False	(array([-0.05808715, -0.07147515]), (1.1666666666666667, -1.0783251231527093))	False
APOLD1	CREBBP;ENHA_JUN	7.3134042782995	4.29119344542815e-53	False	(array([-0.05808715, -0.07147515]), (1.1666666666666667, -0.33054187192118223))	False
APOLD1	CREBBP;ENHA_GLI3	12.2018104543439	3.01623670088602e-57	False	(array([-0.05808715, -0.07147515]), (1.1333333333333335, -0.5689655172413793))	False
APOLD1	CREBBP;ENHA_TCF3	27.1394798893539	1.17358522420909e-49	False	(array([-0.05808715, -0.07147515]), (1.1333333333333335, 0.6990147783251233))	False
APOLD1	CREBBP;ENHA_SNAI1	13.8556537721976	5.42411845137593e-56	False	(array([-0.05808715, -0.07147515]), (1.1666666666666667, 0.5147783251231528))	False
APOLD1	CREBBP;ENHA_KLF4	48.0576001259829	1.11409041189344e-43	False	(array([-0.05808715, -0.07147515]), (1.1666666666666667, -0.23300492610837442))	False
APOLD1	CREBBP;ENHA_VDR	8.52292934981912	7.788795659462061e-58	False	(array([-0.05808715, -0.07147515]), (1.1, 0.9157635467980296))	False
APOLD1	CREBBP;ENHA_IRF1	53.6856778128873	6.29113018474929e-35	False	(array([-0.05808715, -0.07147515]), (1.1333333333333335, -0.4064039408866995))	False
APOLD1	CREBBP;ENHA_FOS	8.27175476571965	2.07299867669892e-58	False	(array([-0.05808715, -0.07147515]), (1.1, -0.7098522167487685))	False
APOLD1	CREBBP;ENHA_ATF4	7.12830721974418	1.15128985287603e-51	False	(array([-0.05808715, -0.07147515]), (1.1333333333333335, -1.0566502463054188))	False
APOLD1	CREBBP;ENHA_SRF	7.71887583423765	1.8043628386731902e-54	False	(array([-0.05808715, -0.07147515]), (1.1, 0.655665024630542))	False
APOLD1	CREBBP;ENHA_IRF1	53.6856778128873	6.29113018474929e-35	False	(array([-0.05808715, -0.07147515]), (1.1333333333333335, -0.4064039408866995))	False
APOLD1	CREBBP;ENHA_HIF1A	6.05562198484329	1.82347579282188e-37	False	(array([-0.05808715, -0.07147515]), (1.1, -0.5147783251231527))	False
APOLD1	CREBBP;ENHA_IRF1	53.6856778128873	6.29113018474929e-35	False	(array([-0.05808715, -0.07147515]), (1.1333333333333335, -0.4064039408866995))	False
APOLD1	CREBBP;ENHA_MYC	7.46041951824398	3.6945326943001003e-54	False	(array([-0.05808715, -0.07147515]), (1.1666666666666667, -0.005418719211822687))	False
APOLD1	CREBBP;ENHA_KLF5	34.8786095060536	1.66949377572402e-55	False	(array([-0.05808715, -0.07147515]), (1.1, -0.22216748768472905))	False
APOLD1	CREBBP;ENHA_EGR1	35.8892595029745	6.5017151654672e-50	False	(array([-0.05808715, -0.07147515]), (1.1, -0.8399014778325123))	False
APOLD1	CREBBP;ENHA_KLF4	48.0576001259829	1.11409041189344e-43	False	(array([-0.05808715, -0.07147515]), (1.1666666666666667, -0.23300492610837442))	False
APOLD1	CREBBP;ENHA_IRF1	53.6856778128873	6.29113018474929e-35	False	(array([-0.05808715, -0.07147515]), (1.1333333333333335, -0.4064039408866995))	False
APOLD1	CREBBP;ENHA_ATF2	9.93080974861235	2.58306711942093e-67	False	(array([-0.05808715, -0.07147515]), (1.1666666666666667, -1.0783251231527093))	False
APOLD1	CREBBP;ENHA_AR	9.59388699206088	3.39586799919215e-64	False	(array([-0.05808715, -0.07147515]), (1.1, -1.1))	False
APOLD1	CREBBP;ENHA_IRF7	6.06682945441382	1.72001962394258e-44	False	(array([-0.05808715, -0.07147515]), (1.1666666666666667, -0.36305418719211824))	False
APOLD1	CREBBP;ENHA_IRF3	8.18432485487352	3.50366013779939e-56	False	(array([-0.05808715, -0.07147515]), (1.1, -0.3847290640394089))	False
APOLD1	CREBBP;ENHA_TCF3	27.1394798893539	1.17358522420909e-49	False	(array([-0.05808715, -0.07147515]), (1.1333333333333335, 0.6990147783251233))	False
APOLD1	CREBBP;ENHA_AR	9.59388699206088	3.39586799919215e-64	False	(array([-0.05808715, -0.07147515]), (1.1, -1.1))	False
APOLD1	CREBBP;ENHA_ATF4	7.12830721974418	1.15128985287603e-51	False	(array([-0.05808715, -0.07147515]), (1.1333333333333335, -1.0566502463054188))	False
APOLD1	CREBBP;ENHA_FOXO3	6.35440508055712	1.28453243327582e-46	False	(array([-0.05808715, -0.07147515]), (1.1, -0.6448275862068966))	False
APOLD1	CREBBP;ENHA_RUNX1	6.09468980999379	9.76111495390023e-43	False	(array([-0.05808715, -0.07147515]), (1.1, 0.46059113300492616))	False
APOLD1	CREBBP;ENHA_ATF4	7.12830721974418	1.15128985287603e-51	False	(array([-0.05808715, -0.07147515]), (1.1333333333333335, -1.0566502463054188))	False
APOLD1	CREBBP;ENHA_STAT3	12.4391383304075	5.964865593470689e-70	False	(array([-0.05808715, -0.07147515]), (1.1666666666666667, 0.6773399014778327))	False
APOLD1	CREBBP;ENHA_EGR1	35.8892595029745	6.5017151654672e-50	False	(array([-0.05808715, -0.07147515]), (1.1, -0.8399014778325123))	False
APOLD1	CREBBP;ENHA_IRF1	53.6856778128873	6.29113018474929e-35	False	(array([-0.05808715, -0.07147515]), (1.1333333333333335, -0.4064039408866995))	False
APOLD1	CREBBP;ENHA_NR3C1	10.2945732655025	1.65515191112402e-64	False	(array([-0.05808715, -0.07147515]), (1.1666666666666667, 0.18965517241379315))	False
APOLD1	CREBBP;ENHA_IRF1	53.6856778128873	6.29113018474929e-35	False	(array([-0.05808715, -0.07147515]), (1.1333333333333335, -0.4064039408866995))	False
APOLD1	CREBBP;ENHA_STAT3	12.4391383304075	5.964865593470689e-70	False	(array([-0.05808715, -0.07147515]), (1.1666666666666667, 0.6773399014778327))	False
APOLD1	CREBBP;ENHA_IRF1	53.6856778128873	6.29113018474929e-35	False	(array([-0.05808715, -0.07147515]), (1.1333333333333335, -0.4064039408866995))	False
APOLD1	CREBBP;ENHA_GLI3	12.2018104543439	3.01623670088602e-57	False	(array([-0.05808715, -0.07147515]), (1.1333333333333335, -0.5689655172413793))	False
APOLD1	CREBBP;ENHA_KLF5	34.8786095060536	1.66949377572402e-55	False	(array([-0.05808715, -0.07147515]), (1.1, -0.22216748768472905))	False
APOLD1	CREBBP;ENHA_KLF4	48.0576001259829	1.11409041189344e-43	False	(array([-0.05808715, -0.07147515]), (1.1666666666666667, -0.23300492610837442))	False
APOLD1	CREBBP;ENHA_SRF	7.71887583423765	1.8043628386731902e-54	False	(array([-0.05808715, -0.07147515]), (1.1, 0.655665024630542))	False
APOLD1	CREBBP;ENHA_VDR	8.52292934981912	7.788795659462061e-58	False	(array([-0.05808715, -0.07147515]), (1.1, 0.9157635467980296))	False
APOLD1	CREBBP;ENHA_NFE2L2	7.33563426152365	1.4944582593274701e-52	False	(array([-0.05808715, -0.07147515]), (1.1666666666666667, 0.027093596059113434))	False
APOLD1	CREBBP;ENHA_GLI3	12.2018104543439	3.01623670088602e-57	False	(array([-0.05808715, -0.07147515]), (1.1333333333333335, -0.5689655172413793))	False
APOLD1	CREBBP;ENHA_HIF1A	6.05562198484329	1.82347579282188e-37	False	(array([-0.05808715, -0.07147515]), (1.1, -0.5147783251231527))	False
APOLD1	CREBBP;ENHA_TCF3	27.1394798893539	1.17358522420909e-49	False	(array([-0.05808715, -0.07147515]), (1.1333333333333335, 0.6990147783251233))	False
APOLD1	CREBBP;ENHA_SNAI1	13.8556537721976	5.42411845137593e-56	False	(array([-0.05808715, -0.07147515]), (1.1666666666666667, 0.5147783251231528))	False
APOLD1	CREBBP;ENHA_IRF1	53.6856778128873	6.29113018474929e-35	False	(array([-0.05808715, -0.07147515]), (1.1333333333333335, -0.4064039408866995))	False
APOLD1	CREBBP;ENHA_MYC	7.46041951824398	3.6945326943001003e-54	False	(array([-0.05808715, -0.07147515]), (1.1666666666666667, -0.005418719211822687))	False
APOLD1	CREBBP;ENHA_GLI3	12.2018104543439	3.01623670088602e-57	False	(array([-0.05808715, -0.07147515]), (1.1333333333333335, -0.5689655172413793))	False
APOLD1	CREBBP;ENHA_IRF7	6.06682945441382	1.72001962394258e-44	False	(array([-0.05808715, -0.07147515]), (1.1666666666666667, -0.36305418719211824))	False
APOLD1	CREBBP;ENHA_KLF5	34.8786095060536	1.66949377572402e-55	False	(array([-0.05808715, -0.07147515]), (1.1, -0.22216748768472905))	False
APOLD1	CREBBP;ENHA_EGR1	35.8892595029745	6.5017151654672e-50	False	(array([-0.05808715, -0.07147515]), (1.1, -0.8399014778325123))	False
APOLD1	CREBBP;ENHA_IRF5	4.48535269831093	1.43146906578496e-24	False	(array([-0.05808715, -0.07147515]), (1.1333333333333335, -0.3738916256157635))	False
APOLD1	CREBBP;ENHA_KLF4	48.0576001259829	1.11409041189344e-43	False	(array([-0.05808715, -0.07147515]), (1.1666666666666667, -0.23300492610837442))	False
APOLD1	CREBBP;ENHA_RUNX1	6.09468980999379	9.76111495390023e-43	False	(array([-0.05808715, -0.07147515]), (1.1, 0.46059113300492616))	False
APOLD1	CREBBP;ENHA_IRF1	53.6856778128873	6.29113018474929e-35	False	(array([-0.05808715, -0.07147515]), (1.1333333333333335, -0.4064039408866995))	False
APOLD1	CREBBP;ENHA_TP53	35.0327709135116	2.82249292146474e-90	False	(array([-0.05808715, -0.07147515]), (1.1666666666666667, 0.8724137931034484))	False
APOLD1	CREBBP;ENHA_SREBF2	10.2542673888246	3.71931080662785e-66	False	(array([-0.05808715, -0.07147515]), (1.1666666666666667, 0.6448275862068966))	False
APOLD1	CREBBP;ENHA_SRF	7.71887583423765	1.8043628386731902e-54	False	(array([-0.05808715, -0.07147515]), (1.1, 0.655665024630542))	False
APOLD1	CREBBP;ENHA_IRF1	53.6856778128873	6.29113018474929e-35	False	(array([-0.05808715, -0.07147515]), (1.1333333333333335, -0.4064039408866995))	False
APOLD1	CREBBP;ENHA_ATF4	7.12830721974418	1.15128985287603e-51	False	(array([-0.05808715, -0.07147515]), (1.1333333333333335, -1.0566502463054188))	False
APOLD1	CREBBP;ENHA_STAT1	21.0044204609003	3.0839224106088704e-54	False	(array([-0.05808715, -0.07147515]), (1.1333333333333335, 0.6665024630541874))	False
APOLD1	CREBBP;ENHA_TP53	35.0327709135116	2.82249292146474e-90	False	(array([-0.05808715, -0.07147515]), (1.1666666666666667, 0.8724137931034484))	False
APOLD1	CREBBP;ENHA_KLF13	4.91956584743864	1.72148829957346e-32	False	(array([-0.05808715, -0.07147515]), (1.1333333333333335, -0.2763546798029557))	False
APOLD1	CREBBP;ENHA_MYB	5.06558405386452	5.822654411570591e-35	False	(array([-0.05808715, -0.07147515]), (1.1333333333333335, -0.01625615763546784))	False
APOLD1	CREBBP;ENHA_KLF5	34.8786095060536	1.66949377572402e-55	False	(array([-0.05808715, -0.07147515]), (1.1, -0.22216748768472905))	False
APOLD1	CREBBP;ENHA_KLF4	48.0576001259829	1.11409041189344e-43	False	(array([-0.05808715, -0.07147515]), (1.1666666666666667, -0.23300492610837442))	False
APOLD1	CREBBP;ENHA_SRF	7.71887583423765	1.8043628386731902e-54	False	(array([-0.05808715, -0.07147515]), (1.1, 0.655665024630542))	False
APOLD1	CREBBP;ENHA_TCF3	27.1394798893539	1.17358522420909e-49	False	(array([-0.05808715, -0.07147515]), (1.1333333333333335, 0.6990147783251233))	False
APOLD1	CREBBP;ENHA_TP53	35.0327709135116	2.82249292146474e-90	False	(array([-0.05808715, -0.07147515]), (1.1666666666666667, 0.8724137931034484))	False
APOLD1	CREBBP;ENHA_AR	9.59388699206088	3.39586799919215e-64	False	(array([-0.05808715, -0.07147515]), (1.1, -1.1))	False
APOLD1	CREBBP;ENHA_CUX1	6.30590021383054	3.38138015682574e-24	False	(array([-0.05808715, -0.07147515]), (1.1333333333333335, -0.894088669950739))	False
APOLD1	CREBBP;ENHA_TCF3	27.1394798893539	1.17358522420909e-49	False	(array([-0.05808715, -0.07147515]), (1.1333333333333335, 0.6990147783251233))	False
APOLD1	CREBBP;ENHA_EGR1	35.8892595029745	6.5017151654672e-50	False	(array([-0.05808715, -0.07147515]), (1.1, -0.8399014778325123))	False
APOLD1	CREBBP;ENHA_IRF1	53.6856778128873	6.29113018474929e-35	False	(array([-0.05808715, -0.07147515]), (1.1333333333333335, -0.4064039408866995))	False
APOLD1	CREBBP;ENHA_TP53	35.0327709135116	2.82249292146474e-90	False	(array([-0.05808715, -0.07147515]), (1.1666666666666667, 0.8724137931034484))	False
APOLD1	CREBBP;ENHA_TCF3	27.1394798893539	1.17358522420909e-49	False	(array([-0.05808715, -0.07147515]), (1.1333333333333335, 0.6990147783251233))	False
APOLD1	CREBBP;ENHA_VDR	8.52292934981912	7.788795659462061e-58	False	(array([-0.05808715, -0.07147515]), (1.1, 0.9157635467980296))	False
APOLD1	CREBBP;ENHA_IRF1	53.6856778128873	6.29113018474929e-35	False	(array([-0.05808715, -0.07147515]), (1.1333333333333335, -0.4064039408866995))	False
APOLD1	CREBBP;ENHA_STAT1	21.0044204609003	3.0839224106088704e-54	False	(array([-0.05808715, -0.07147515]), (1.1333333333333335, 0.6665024630541874))	False
APOLD1	CREBBP;ENHA_EGR1	35.8892595029745	6.5017151654672e-50	False	(array([-0.05808715, -0.07147515]), (1.1, -0.8399014778325123))	False
APOLD1	CREBBP;ENHA_IRF1	53.6856778128873	6.29113018474929e-35	False	(array([-0.05808715, -0.07147515]), (1.1333333333333335, -0.4064039408866995))	False
APOLD1	CREBBP;ENHA_SREBF2	10.2542673888246	3.71931080662785e-66	False	(array([-0.05808715, -0.07147515]), (1.1666666666666667, 0.6448275862068966))	False
APOLD1	CREBBP;ENHA_NFATC4	6.50755715465572	1.0181015406333201e-47	False	(array([-0.05808715, -0.07147515]), (1.1333333333333335, 0.01625615763546806))	False
APOLD1	CREBBP;ENHA_ATF4	7.12830721974418	1.15128985287603e-51	False	(array([-0.05808715, -0.07147515]), (1.1333333333333335, -1.0566502463054188))	False
APOLD1	CREBBP;ENHA_MYC	7.46041951824398	3.6945326943001003e-54	False	(array([-0.05808715, -0.07147515]), (1.1666666666666667, -0.005418719211822687))	False
APOLD1	CREBBP;ENHA_SREBF1	8.98458646331469	2.7282925382728396e-56	False	(array([-0.05808715, -0.07147515]), (1.1333333333333335, 0.6339901477832512))	False
APOLD1	CREBBP;ENHA_NFE2L2	7.33563426152365	1.4944582593274701e-52	False	(array([-0.05808715, -0.07147515]), (1.1666666666666667, 0.027093596059113434))	False
APOLD1	CREBBP;ENHA_NFATC4	6.50755715465572	1.0181015406333201e-47	False	(array([-0.05808715, -0.07147515]), (1.1333333333333335, 0.01625615763546806))	False
APOLD1	CREBBP;ENHA_STAT1	21.0044204609003	3.0839224106088704e-54	False	(array([-0.05808715, -0.07147515]), (1.1333333333333335, 0.6665024630541874))	False
APOLD1	CREBBP;ENHA_KLF5	34.8786095060536	1.66949377572402e-55	False	(array([-0.05808715, -0.07147515]), (1.1, -0.22216748768472905))	False
APOLD1	CREBBP;ENHA_EGR1	35.8892595029745	6.5017151654672e-50	False	(array([-0.05808715, -0.07147515]), (1.1, -0.8399014778325123))	False
APOLD1	CREBBP;ENHA_IRF1	53.6856778128873	6.29113018474929e-35	False	(array([-0.05808715, -0.07147515]), (1.1333333333333335, -0.4064039408866995))	False
APOLD1	CREBBP;ENHA_ATF3	6.34423462811278	5.29603784704826e-42	False	(array([-0.05808715, -0.07147515]), (1.1, -1.0674876847290642))	False
APOLD1	CREBBP;ENHA_CREB1	20.8980088918548	3.78358325314559e-75	False	(array([-0.05808715, -0.07147515]), (1.1, -0.9374384236453203))	False
APOLD1	CREBBP;ENHA_ATF2	9.93080974861235	2.58306711942093e-67	False	(array([-0.05808715, -0.07147515]), (1.1666666666666667, -1.0783251231527093))	False
APOLD1	CREBBP;ENHA_JUN	7.3134042782995	4.29119344542815e-53	False	(array([-0.05808715, -0.07147515]), (1.1666666666666667, -0.33054187192118223))	False
APOLD1	CREBBP;ENHA_HIF1A	6.05562198484329	1.82347579282188e-37	False	(array([-0.05808715, -0.07147515]), (1.1, -0.5147783251231527))	False
APOLD1	CREBBP;ENHA_KLF5	34.8786095060536	1.66949377572402e-55	False	(array([-0.05808715, -0.07147515]), (1.1, -0.22216748768472905))	False
APOLD1	CREBBP;ENHA_KLF4	48.0576001259829	1.11409041189344e-43	False	(array([-0.05808715, -0.07147515]), (1.1666666666666667, -0.23300492610837442))	False
APOLD1	CREBBP;ENHA_IRF1	53.6856778128873	6.29113018474929e-35	False	(array([-0.05808715, -0.07147515]), (1.1333333333333335, -0.4064039408866995))	False
APOLD1	CREBBP;ENHA_MYC	7.46041951824398	3.6945326943001003e-54	False	(array([-0.05808715, -0.07147515]), (1.1666666666666667, -0.005418719211822687))	False
APOLD1	CREBBP;ENHA_NR3C1	10.2945732655025	1.65515191112402e-64	False	(array([-0.05808715, -0.07147515]), (1.1666666666666667, 0.18965517241379315))	False
APOLD1	CREBBP;ENHA_AR	9.59388699206088	3.39586799919215e-64	False	(array([-0.05808715, -0.07147515]), (1.1, -1.1))	False
APOLD1	CREBBP;ENHA_GLI3	12.2018104543439	3.01623670088602e-57	False	(array([-0.05808715, -0.07147515]), (1.1333333333333335, -0.5689655172413793))	False
APOLD1	CREBBP;ENHA_TCF3	27.1394798893539	1.17358522420909e-49	False	(array([-0.05808715, -0.07147515]), (1.1333333333333335, 0.6990147783251233))	False
APOLD1	CREBBP;ENHA_SNAI1	13.8556537721976	5.42411845137593e-56	False	(array([-0.05808715, -0.07147515]), (1.1666666666666667, 0.5147783251231528))	False
APOLD1	CREBBP;ENHA_IRF1	53.6856778128873	6.29113018474929e-35	False	(array([-0.05808715, -0.07147515]), (1.1333333333333335, -0.4064039408866995))	False
APOLD1	CREBBP;ENHA_CREB1	20.8980088918548	3.78358325314559e-75	False	(array([-0.05808715, -0.07147515]), (1.1, -0.9374384236453203))	False
APOLD1	CREBBP;ENHA_STAT1	21.0044204609003	3.0839224106088704e-54	False	(array([-0.05808715, -0.07147515]), (1.1333333333333335, 0.6665024630541874))	False
APOLD1	CREBBP;ENHA_IRF3	8.18432485487352	3.50366013779939e-56	False	(array([-0.05808715, -0.07147515]), (1.1, -0.3847290640394089))	False
APOLD1	CREBBP;ENHA_TCF3	27.1394798893539	1.17358522420909e-49	False	(array([-0.05808715, -0.07147515]), (1.1333333333333335, 0.6990147783251233))	False
APOLD1	CREBBP;ENHA_SREBF1	8.98458646331469	2.7282925382728396e-56	False	(array([-0.05808715, -0.07147515]), (1.1333333333333335, 0.6339901477832512))	False
APOLD1	CREBBP;ENHA_STAT1	21.0044204609003	3.0839224106088704e-54	False	(array([-0.05808715, -0.07147515]), (1.1333333333333335, 0.6665024630541874))	False
APOLD1	CREBBP;ENHA_MYB	5.06558405386452	5.822654411570591e-35	False	(array([-0.05808715, -0.07147515]), (1.1333333333333335, -0.01625615763546784))	False
APOLD1	CREBBP;ENHA_SNAI1	13.8556537721976	5.42411845137593e-56	False	(array([-0.05808715, -0.07147515]), (1.1666666666666667, 0.5147783251231528))	False
APOLD1	CREBBP;ENHA_FOS	8.27175476571965	2.07299867669892e-58	False	(array([-0.05808715, -0.07147515]), (1.1, -0.7098522167487685))	False
APOLD1	CREBBP;ENHA_EGR1	35.8892595029745	6.5017151654672e-50	False	(array([-0.05808715, -0.07147515]), (1.1, -0.8399014778325123))	False
APOLD1	CREBBP;ENHA_KLF4	48.0576001259829	1.11409041189344e-43	False	(array([-0.05808715, -0.07147515]), (1.1666666666666667, -0.23300492610837442))	False
APOLD1	CREBBP;ENHA_SRF	7.71887583423765	1.8043628386731902e-54	False	(array([-0.05808715, -0.07147515]), (1.1, 0.655665024630542))	False
APOLD1	CREBBP;ENHA_IRF1	53.6856778128873	6.29113018474929e-35	False	(array([-0.05808715, -0.07147515]), (1.1333333333333335, -0.4064039408866995))	False
APOLD1	CREBBP;ENHA_TCF3	27.1394798893539	1.17358522420909e-49	False	(array([-0.05808715, -0.07147515]), (1.1333333333333335, 0.6990147783251233))	False
APOLD1	CREBBP;ENHA_TP53	35.0327709135116	2.82249292146474e-90	False	(array([-0.05808715, -0.07147515]), (1.1666666666666667, 0.8724137931034484))	False
APOLD1	CREBBP;ENHA_TFDP1	4.92742354843304	2.0509923844677303e-31	False	(array([-0.05808715, -0.07147515]), (1.1666666666666667, 0.8073891625615766))	False
APOLD1	CREBBP;ENHA_NR3C1	10.2945732655025	1.65515191112402e-64	False	(array([-0.05808715, -0.07147515]), (1.1666666666666667, 0.18965517241379315))	False
APOLD1	CREBBP;ENHA_KLF5	34.8786095060536	1.66949377572402e-55	False	(array([-0.05808715, -0.07147515]), (1.1, -0.22216748768472905))	False
APOLD1	CREBBP;ENHA_EGR1	35.8892595029745	6.5017151654672e-50	False	(array([-0.05808715, -0.07147515]), (1.1, -0.8399014778325123))	False
APOLD1	CREBBP;ENHA_KLF4	48.0576001259829	1.11409041189344e-43	False	(array([-0.05808715, -0.07147515]), (1.1666666666666667, -0.23300492610837442))	False
APOLD1	CREBBP;ENHA_AR	9.59388699206088	3.39586799919215e-64	False	(array([-0.05808715, -0.07147515]), (1.1, -1.1))	False
APOLD1	CREBBP;ENHA_EGR1	35.8892595029745	6.5017151654672e-50	False	(array([-0.05808715, -0.07147515]), (1.1, -0.8399014778325123))	False
APOLD1	CREBBP;ENHA_PPARG	6.68554942770888	5.89076128512382e-49	False	(array([-0.05808715, -0.07147515]), (1.1666666666666667, 0.31970443349753697))	False
APOLD1	CREBBP;ENHA_KLF13	4.91956584743864	1.72148829957346e-32	False	(array([-0.05808715, -0.07147515]), (1.1333333333333335, -0.2763546798029557))	False
APOLD1	CREBBP;ENHA_GLI3	12.2018104543439	3.01623670088602e-57	False	(array([-0.05808715, -0.07147515]), (1.1333333333333335, -0.5689655172413793))	False
APOLD1	CREBBP;ENHA_KLF5	34.8786095060536	1.66949377572402e-55	False	(array([-0.05808715, -0.07147515]), (1.1, -0.22216748768472905))	False
APOLD1	CREBBP;ENHA_EGR1	35.8892595029745	6.5017151654672e-50	False	(array([-0.05808715, -0.07147515]), (1.1, -0.8399014778325123))	False
APOLD1	CREBBP;ENHA_KLF4	48.0576001259829	1.11409041189344e-43	False	(array([-0.05808715, -0.07147515]), (1.1666666666666667, -0.23300492610837442))	False
APOLD1	CREBBP;ENHA_IRF1	53.6856778128873	6.29113018474929e-35	False	(array([-0.05808715, -0.07147515]), (1.1333333333333335, -0.4064039408866995))	False
APOLD1	CREBBP;ENHA_GLI3	12.2018104543439	3.01623670088602e-57	False	(array([-0.05808715, -0.07147515]), (1.1333333333333335, -0.5689655172413793))	False
APOLD1	CREBBP;ENHA_TCF3	27.1394798893539	1.17358522420909e-49	False	(array([-0.05808715, -0.07147515]), (1.1333333333333335, 0.6990147783251233))	False
APOLD1	CREBBP;ENHA_SREBF2	10.2542673888246	3.71931080662785e-66	False	(array([-0.05808715, -0.07147515]), (1.1666666666666667, 0.6448275862068966))	False
APOLD1	CREBBP;ENHA_IRF1	53.6856778128873	6.29113018474929e-35	False	(array([-0.05808715, -0.07147515]), (1.1333333333333335, -0.4064039408866995))	False
APOLD1	CREBBP;ENHA_IRF3	8.18432485487352	3.50366013779939e-56	False	(array([-0.05808715, -0.07147515]), (1.1, -0.3847290640394089))	False
APOLD1	CREBBP;ENHA_NFATC4	6.50755715465572	1.0181015406333201e-47	False	(array([-0.05808715, -0.07147515]), (1.1333333333333335, 0.01625615763546806))	False
APOLD1	CREBBP;ENHA_STAT3	12.4391383304075	5.964865593470689e-70	False	(array([-0.05808715, -0.07147515]), (1.1666666666666667, 0.6773399014778327))	False
APOLD1	CREBBP;ENHA_FOXO3	6.35440508055712	1.28453243327582e-46	False	(array([-0.05808715, -0.07147515]), (1.1, -0.6448275862068966))	False
APOLD1	CREBBP;ENHA_NR3C1	10.2945732655025	1.65515191112402e-64	False	(array([-0.05808715, -0.07147515]), (1.1666666666666667, 0.18965517241379315))	False
APOLD1	CREBBP;ENHA_IRF1	53.6856778128873	6.29113018474929e-35	False	(array([-0.05808715, -0.07147515]), (1.1333333333333335, -0.4064039408866995))	False
APOLD1	CREBBP;ENHA_AR	9.59388699206088	3.39586799919215e-64	False	(array([-0.05808715, -0.07147515]), (1.1, -1.1))	False
APOLD1	CREBBP;ENHA_STAT3	12.4391383304075	5.964865593470689e-70	False	(array([-0.05808715, -0.07147515]), (1.1666666666666667, 0.6773399014778327))	False
APOLD1	CREBBP;ENHA_STAT1	21.0044204609003	3.0839224106088704e-54	False	(array([-0.05808715, -0.07147515]), (1.1333333333333335, 0.6665024630541874))	False
APOLD1	CREBBP;ENHA_IRF3	8.18432485487352	3.50366013779939e-56	False	(array([-0.05808715, -0.07147515]), (1.1, -0.3847290640394089))	False
APOLD1	CREBBP;ENHA_SRF	7.71887583423765	1.8043628386731902e-54	False	(array([-0.05808715, -0.07147515]), (1.1, 0.655665024630542))	False
APOLD1	CREBBP;ENHA_STAT1	21.0044204609003	3.0839224106088704e-54	False	(array([-0.05808715, -0.07147515]), (1.1333333333333335, 0.6665024630541874))	False
APOLD1	CREBBP;ENHA_HOXB7	5.3105767140132	5.05588849692758e-27	False	(array([-0.05808715, -0.07147515]), (1.1666666666666667, -0.46059113300492616))	False
APOLD1	CREBBP;ENHA_KLF4	48.0576001259829	1.11409041189344e-43	False	(array([-0.05808715, -0.07147515]), (1.1666666666666667, -0.23300492610837442))	False
APOLD1	CREBBP;PROM_IRF1	0.758332047120752	0.179359946287566	False	(array([-0.05808715, -0.07147515]), (-1.1, -0.8130434782608696))	False
APOLD1	CREBBP;PROM_EGR1	23.298303884014	4.93380468915525e-28	False	(array([-0.05808715, -0.07147515]), (-1.1, -1.1))	False
APOLD1	ENHA_STAT1;RXRA	25.380303429956	6.99794516829631e-64	False	((1.1333333333333335, 0.6665024630541874), array([-0.5450296 , -0.30187952]))	False
APOLD1	ENHA_SP1;RXRA	111.474183791608	1.03418588346645e-37	False	((1.1666666666666667, 0.5798029556650248), array([-0.5450296 , -0.30187952]))	False
APOLD1	ENHA_NR4A1;RXRA	7.45819988146225	5.02900603578707e-53	False	((1.1333333333333335, 0.2113300492610839), array([-0.5450296 , -0.30187952]))	False
APOLD1	ENHA_KLF5;RXRA	42.2692773054585	7.04794749376367e-65	False	((1.1, -0.22216748768472905), array([-0.5450296 , -0.30187952]))	False
APOLD1	ENHA_SRF;RXRA	8.75660818257321	5.4563356089793e-61	False	((1.1, 0.655665024630542), array([-0.5450296 , -0.30187952]))	False
APOLD1	ENHA_STAT1;RXRA	25.380303429956	6.99794516829631e-64	False	((1.1333333333333335, 0.6665024630541874), array([-0.5450296 , -0.30187952]))	False
APOLD1	ENHA_SP1;RXRA	111.474183791608	1.03418588346645e-37	False	((1.1666666666666667, 0.5798029556650248), array([-0.5450296 , -0.30187952]))	False
APOLD1	ENHA_KLF5;RXRA	42.2692773054585	7.04794749376367e-65	False	((1.1, -0.22216748768472905), array([-0.5450296 , -0.30187952]))	False
APOLD1	ENHA_SP1;RXRA	111.474183791608	1.03418588346645e-37	False	((1.1666666666666667, 0.5798029556650248), array([-0.5450296 , -0.30187952]))	False
APOLD1	ENHA_STAT1;RXRA	25.380303429956	6.99794516829631e-64	False	((1.1333333333333335, 0.6665024630541874), array([-0.5450296 , -0.30187952]))	False
APOLD1	ENHA_STAT1;RXRA	25.380303429956	6.99794516829631e-64	False	((1.1333333333333335, 0.6665024630541874), array([-0.5450296 , -0.30187952]))	False
APOLD1	ENHA_SP1;RXRA	111.474183791608	1.03418588346645e-37	False	((1.1666666666666667, 0.5798029556650248), array([-0.5450296 , -0.30187952]))	False
APOLD1	ENHA_BHLHE40;RXRA	5.27924379711221	5.426372917716409e-34	False	((1.1, -1.0024630541871922), array([-0.5450296 , -0.30187952]))	False
APOLD1	ENHA_SP1;RXRA	111.474183791608	1.03418588346645e-37	False	((1.1666666666666667, 0.5798029556650248), array([-0.5450296 , -0.30187952]))	False
APOLD1	ENHA_NR4A2;RXRA	9.75482062879466	1.0151176303178901e-67	False	((1.1666666666666667, 0.22216748768472905), array([-0.5450296 , -0.30187952]))	False
APOLD1	ENHA_KLF5;RXRA	42.2692773054585	7.04794749376367e-65	False	((1.1, -0.22216748768472905), array([-0.5450296 , -0.30187952]))	False
APOLD1	ENHA_STAT1;RXRA	25.380303429956	6.99794516829631e-64	False	((1.1333333333333335, 0.6665024630541874), array([-0.5450296 , -0.30187952]))	False
APOLD1	ENHA_SP1;RXRA	111.474183791608	1.03418588346645e-37	False	((1.1666666666666667, 0.5798029556650248), array([-0.5450296 , -0.30187952]))	False
APOLD1	ENHA_NR4A1;RXRA	7.45819988146225	5.02900603578707e-53	False	((1.1333333333333335, 0.2113300492610839), array([-0.5450296 , -0.30187952]))	False
APOLD1	ENHA_BHLHE40;RXRA	5.27924379711221	5.426372917716409e-34	False	((1.1, -1.0024630541871922), array([-0.5450296 , -0.30187952]))	False
APOLD1	ENHA_KLF5;RXRA	42.2692773054585	7.04794749376367e-65	False	((1.1, -0.22216748768472905), array([-0.5450296 , -0.30187952]))	False
APOLD1	ENHA_SP1;RXRA	111.474183791608	1.03418588346645e-37	False	((1.1666666666666667, 0.5798029556650248), array([-0.5450296 , -0.30187952]))	False
APOLD1	ENHA_SP1;RXRA	111.474183791608	1.03418588346645e-37	False	((1.1666666666666667, 0.5798029556650248), array([-0.5450296 , -0.30187952]))	False
APOLD1	ENHA_SRF;RXRA	8.75660818257321	5.4563356089793e-61	False	((1.1, 0.655665024630542), array([-0.5450296 , -0.30187952]))	False
APOLD1	ENHA_BHLHE40;RXRA	5.27924379711221	5.426372917716409e-34	False	((1.1, -1.0024630541871922), array([-0.5450296 , -0.30187952]))	False
APOLD1	ENHA_KLF5;RXRA	42.2692773054585	7.04794749376367e-65	False	((1.1, -0.22216748768472905), array([-0.5450296 , -0.30187952]))	False
APOLD1	ENHA_SP1;RXRA	111.474183791608	1.03418588346645e-37	False	((1.1666666666666667, 0.5798029556650248), array([-0.5450296 , -0.30187952]))	False
APOLD1	ENHA_KLF5;RXRA	42.2692773054585	7.04794749376367e-65	False	((1.1, -0.22216748768472905), array([-0.5450296 , -0.30187952]))	False
APOLD1	ENHA_SRF;RXRA	8.75660818257321	5.4563356089793e-61	False	((1.1, 0.655665024630542), array([-0.5450296 , -0.30187952]))	False
APOLD1	ENHA_BHLHE40;RXRA	5.27924379711221	5.426372917716409e-34	False	((1.1, -1.0024630541871922), array([-0.5450296 , -0.30187952]))	False
APOLD1	ENHA_SP1;RXRA	111.474183791608	1.03418588346645e-37	False	((1.1666666666666667, 0.5798029556650248), array([-0.5450296 , -0.30187952]))	False
APOLD1	ENHA_KLF5;RXRA	42.2692773054585	7.04794749376367e-65	False	((1.1, -0.22216748768472905), array([-0.5450296 , -0.30187952]))	False
APOLD1	ENHA_SP1;RXRA	111.474183791608	1.03418588346645e-37	False	((1.1666666666666667, 0.5798029556650248), array([-0.5450296 , -0.30187952]))	False
APOLD1	ENHA_SRF;RXRA	8.75660818257321	5.4563356089793e-61	False	((1.1, 0.655665024630542), array([-0.5450296 , -0.30187952]))	False
APOLD1	ENHA_STAT1;RXRA	25.380303429956	6.99794516829631e-64	False	((1.1333333333333335, 0.6665024630541874), array([-0.5450296 , -0.30187952]))	False
APOLD1	ENHA_KLF5;RXRA	42.2692773054585	7.04794749376367e-65	False	((1.1, -0.22216748768472905), array([-0.5450296 , -0.30187952]))	False
APOLD1	ENHA_SRF;RXRA	8.75660818257321	5.4563356089793e-61	False	((1.1, 0.655665024630542), array([-0.5450296 , -0.30187952]))	False
APOLD1	ENHA_SP1;RXRA	111.474183791608	1.03418588346645e-37	False	((1.1666666666666667, 0.5798029556650248), array([-0.5450296 , -0.30187952]))	False
APOLD1	ENHA_NR4A1;RXRA	7.45819988146225	5.02900603578707e-53	False	((1.1333333333333335, 0.2113300492610839), array([-0.5450296 , -0.30187952]))	False
APOLD1	ENHA_NR4A1;RXRA	7.45819988146225	5.02900603578707e-53	False	((1.1333333333333335, 0.2113300492610839), array([-0.5450296 , -0.30187952]))	False
APOLD1	ENHA_STAT1;RXRA	25.380303429956	6.99794516829631e-64	False	((1.1333333333333335, 0.6665024630541874), array([-0.5450296 , -0.30187952]))	False
APOLD1	ENHA_CLOCK;RXRA	7.32496837918584	7.5242230904703e-46	False	((1.1666666666666667, -0.9482758620689655), array([-0.5450296 , -0.30187952]))	False
APOLD1	ENHA_STAT1;RXRA	25.380303429956	6.99794516829631e-64	False	((1.1333333333333335, 0.6665024630541874), array([-0.5450296 , -0.30187952]))	False
APOLD1	ENHA_NR4A1;RXRA	7.45819988146225	5.02900603578707e-53	False	((1.1333333333333335, 0.2113300492610839), array([-0.5450296 , -0.30187952]))	False
APOLD1	ENHA_NR4A2;RXRA	9.75482062879466	1.0151176303178901e-67	False	((1.1666666666666667, 0.22216748768472905), array([-0.5450296 , -0.30187952]))	False
APOLD1	ENHA_KLF5;RXRA	42.2692773054585	7.04794749376367e-65	False	((1.1, -0.22216748768472905), array([-0.5450296 , -0.30187952]))	False
APOLD1	ENHA_NR4A1;RXRA	7.45819988146225	5.02900603578707e-53	False	((1.1333333333333335, 0.2113300492610839), array([-0.5450296 , -0.30187952]))	False
APOLD1	ENHA_THRB;RXRA	8.12069460655519	2.4358611480522803e-58	False	((1.1333333333333335, 0.8615763546798032), array([-0.5450296 , -0.30187952]))	False
APOLD1	ENHA_BHLHE40;RXRA	5.27924379711221	5.426372917716409e-34	False	((1.1, -1.0024630541871922), array([-0.5450296 , -0.30187952]))	False
APOLD1	ENHA_KLF5;RXRA	42.2692773054585	7.04794749376367e-65	False	((1.1, -0.22216748768472905), array([-0.5450296 , -0.30187952]))	False
APOLD1	ENHA_PPARD;RXRA	8.78249134801048	2.95981459926784e-62	False	((1.1333333333333335, 0.3088669950738918), array([-0.5450296 , -0.30187952]))	True
APOLD1	ENHA_NR4A1;RXRA	7.45819988146225	5.02900603578707e-53	False	((1.1333333333333335, 0.2113300492610839), array([-0.5450296 , -0.30187952]))	False
APOLD1	ENHA_SP1;RXRA	111.474183791608	1.03418588346645e-37	False	((1.1666666666666667, 0.5798029556650248), array([-0.5450296 , -0.30187952]))	False
APOLD1	ENHA_NR4A1;RXRA	7.45819988146225	5.02900603578707e-53	False	((1.1333333333333335, 0.2113300492610839), array([-0.5450296 , -0.30187952]))	False
APOLD1	ENHA_STAT1;RXRA	25.380303429956	6.99794516829631e-64	False	((1.1333333333333335, 0.6665024630541874), array([-0.5450296 , -0.30187952]))	False
APOLD1	ENHA_STAT1;RXRA	25.380303429956	6.99794516829631e-64	False	((1.1333333333333335, 0.6665024630541874), array([-0.5450296 , -0.30187952]))	False
APOLD1	ENHA_SRF;RXRA	8.75660818257321	5.4563356089793e-61	False	((1.1, 0.655665024630542), array([-0.5450296 , -0.30187952]))	False
APOLD1	ENHA_SP1;RXRA	111.474183791608	1.03418588346645e-37	False	((1.1666666666666667, 0.5798029556650248), array([-0.5450296 , -0.30187952]))	False
APOLD1	ENHA_CLOCK;RXRA	7.32496837918584	7.5242230904703e-46	False	((1.1666666666666667, -0.9482758620689655), array([-0.5450296 , -0.30187952]))	False
APOLD1	ENHA_THRB;RXRA	8.12069460655519	2.4358611480522803e-58	False	((1.1333333333333335, 0.8615763546798032), array([-0.5450296 , -0.30187952]))	False
APOLD1	ENHA_KLF5;RXRA	42.2692773054585	7.04794749376367e-65	False	((1.1, -0.22216748768472905), array([-0.5450296 , -0.30187952]))	False
APOLD1	ENHA_SP1;RXRA	111.474183791608	1.03418588346645e-37	False	((1.1666666666666667, 0.5798029556650248), array([-0.5450296 , -0.30187952]))	False
APOLD1	ENHA_KLF5;RXRA	42.2692773054585	7.04794749376367e-65	False	((1.1, -0.22216748768472905), array([-0.5450296 , -0.30187952]))	False
APOLD1	ENHA_SP1;RXRA	111.474183791608	1.03418588346645e-37	False	((1.1666666666666667, 0.5798029556650248), array([-0.5450296 , -0.30187952]))	False
APOLD1	ENHA_NR4A2;RXRA	9.75482062879466	1.0151176303178901e-67	False	((1.1666666666666667, 0.22216748768472905), array([-0.5450296 , -0.30187952]))	False
APOLD1	ENHA_SP1;RXRA	111.474183791608	1.03418588346645e-37	False	((1.1666666666666667, 0.5798029556650248), array([-0.5450296 , -0.30187952]))	False
APOLD1	ENHA_NR4A1;RXRA	7.45819988146225	5.02900603578707e-53	False	((1.1333333333333335, 0.2113300492610839), array([-0.5450296 , -0.30187952]))	False
APOLD1	ENHA_STAT1;RXRA	25.380303429956	6.99794516829631e-64	False	((1.1333333333333335, 0.6665024630541874), array([-0.5450296 , -0.30187952]))	False
APOLD1	ENHA_NR4A1;RXRA	7.45819988146225	5.02900603578707e-53	False	((1.1333333333333335, 0.2113300492610839), array([-0.5450296 , -0.30187952]))	False
APOLD1	ENHA_SRF;RXRA	8.75660818257321	5.4563356089793e-61	False	((1.1, 0.655665024630542), array([-0.5450296 , -0.30187952]))	False
APOLD1	ENHA_STAT1;RXRA	25.380303429956	6.99794516829631e-64	False	((1.1333333333333335, 0.6665024630541874), array([-0.5450296 , -0.30187952]))	False
APOLD1	ENHA_NR4A2;RXRA	9.75482062879466	1.0151176303178901e-67	False	((1.1666666666666667, 0.22216748768472905), array([-0.5450296 , -0.30187952]))	False
APOLD1	ENHA_NR4A1;RXRA	7.45819988146225	5.02900603578707e-53	False	((1.1333333333333335, 0.2113300492610839), array([-0.5450296 , -0.30187952]))	False
APOLD1	PROM_SP1;RXRA	81.1305456198641	1.3949670719668e-28	False	((-1.1333333333333335, 0.14347826086956506), array([-0.5450296 , -0.30187952]))	False
APOLD1	ENHA_SP1;NCOR2	90.8978155344943	1.75014195274808e-31	False	((1.1666666666666667, 0.5798029556650248), array([-0.0682877 ,  0.39569159]))	False
APOLD1	ENHA_FOS;NCOR2	8.78726956531237	1.4260228484933001e-61	False	((1.1, -0.7098522167487685), array([-0.0682877 ,  0.39569159]))	False
APOLD1	ENHA_RARA;NCOR2	6.4192813280375	3.56832572691131e-46	False	((1.1666666666666667, 0.3522167487684731), array([-0.0682877 ,  0.39569159]))	False
APOLD1	ENHA_BCL6;NCOR2	8.15718980794871	2.4005122780464796e-55	False	((1.1666666666666667, -1.0133004926108375), array([-0.0682877 ,  0.39569159]))	False
APOLD1	ENHA_NR4A1;NCOR2	6.94566256614012	1.6500464364594199e-49	False	((1.1333333333333335, 0.2113300492610839), array([-0.0682877 ,  0.39569159]))	False
APOLD1	ENHA_KLF5;NCOR2	38.3904520738387	5.61399821484548e-60	False	((1.1, -0.22216748768472905), array([-0.0682877 ,  0.39569159]))	False
APOLD1	ENHA_SRF;NCOR2	8.08674293409616	7.46759463410868e-57	False	((1.1, 0.655665024630542), array([-0.0682877 ,  0.39569159]))	False
APOLD1	ENHA_SP1;NCOR2	90.8978155344943	1.75014195274808e-31	False	((1.1666666666666667, 0.5798029556650248), array([-0.0682877 ,  0.39569159]))	False
APOLD1	ENHA_FOXP1;NCOR2	27.5130982177083	2.58170257585212e-39	False	((1.1333333333333335, -0.6339901477832512), array([-0.0682877 ,  0.39569159]))	False
APOLD1	ENHA_KLF5;NCOR2	38.3904520738387	5.61399821484548e-60	False	((1.1, -0.22216748768472905), array([-0.0682877 ,  0.39569159]))	False
APOLD1	ENHA_FOXK2;NCOR2	6.56176581236172	4.37231615177448e-48	False	((1.1666666666666667, -0.6556650246305419), array([-0.0682877 ,  0.39569159]))	False
APOLD1	ENHA_SP1;NCOR2	90.8978155344943	1.75014195274808e-31	False	((1.1666666666666667, 0.5798029556650248), array([-0.0682877 ,  0.39569159]))	False
APOLD1	ENHA_FOXP1;NCOR2	27.5130982177083	2.58170257585212e-39	False	((1.1333333333333335, -0.6339901477832512), array([-0.0682877 ,  0.39569159]))	False
APOLD1	ENHA_RARA;NCOR2	6.4192813280375	3.56832572691131e-46	False	((1.1666666666666667, 0.3522167487684731), array([-0.0682877 ,  0.39569159]))	False
APOLD1	ENHA_POU2F1;NCOR2	5.34591755015142	1.26523260265146e-38	False	((1.1666666666666667, 0.28719211822660107), array([-0.0682877 ,  0.39569159]))	False
APOLD1	ENHA_JUN;NCOR2	8.35665470965181	1.87418648807521e-59	False	((1.1666666666666667, -0.33054187192118223), array([-0.0682877 ,  0.39569159]))	False
APOLD1	ENHA_FOXP1;NCOR2	27.5130982177083	2.58170257585212e-39	False	((1.1333333333333335, -0.6339901477832512), array([-0.0682877 ,  0.39569159]))	False
APOLD1	ENHA_SP1;NCOR2	90.8978155344943	1.75014195274808e-31	False	((1.1666666666666667, 0.5798029556650248), array([-0.0682877 ,  0.39569159]))	False
APOLD1	ENHA_FOXP1;NCOR2	27.5130982177083	2.58170257585212e-39	False	((1.1333333333333335, -0.6339901477832512), array([-0.0682877 ,  0.39569159]))	False
APOLD1	ENHA_FOXP1;NCOR2	27.5130982177083	2.58170257585212e-39	False	((1.1333333333333335, -0.6339901477832512), array([-0.0682877 ,  0.39569159]))	False
APOLD1	ENHA_POU2F1;NCOR2	5.34591755015142	1.26523260265146e-38	False	((1.1666666666666667, 0.28719211822660107), array([-0.0682877 ,  0.39569159]))	False
APOLD1	ENHA_FOXK2;NCOR2	6.56176581236172	4.37231615177448e-48	False	((1.1666666666666667, -0.6556650246305419), array([-0.0682877 ,  0.39569159]))	False
APOLD1	ENHA_SP1;NCOR2	90.8978155344943	1.75014195274808e-31	False	((1.1666666666666667, 0.5798029556650248), array([-0.0682877 ,  0.39569159]))	False
APOLD1	ENHA_TP53;NCOR2	38.0662700705668	2.23733145183524e-99	False	((1.1666666666666667, 0.8724137931034484), array([-0.0682877 ,  0.39569159]))	False
APOLD1	ENHA_FOXP1;NCOR2	27.5130982177083	2.58170257585212e-39	False	((1.1333333333333335, -0.6339901477832512), array([-0.0682877 ,  0.39569159]))	False
APOLD1	ENHA_PPARG;NCOR2	5.69899018551343	7.4883429904094e-40	False	((1.1666666666666667, 0.31970443349753697), array([-0.0682877 ,  0.39569159]))	False
APOLD1	ENHA_TP53;NCOR2	38.0662700705668	2.23733145183524e-99	False	((1.1666666666666667, 0.8724137931034484), array([-0.0682877 ,  0.39569159]))	False
APOLD1	ENHA_KLF5;NCOR2	38.3904520738387	5.61399821484548e-60	False	((1.1, -0.22216748768472905), array([-0.0682877 ,  0.39569159]))	False
APOLD1	ENHA_FOXP1;NCOR2	27.5130982177083	2.58170257585212e-39	False	((1.1333333333333335, -0.6339901477832512), array([-0.0682877 ,  0.39569159]))	False
APOLD1	ENHA_SP1;NCOR2	90.8978155344943	1.75014195274808e-31	False	((1.1666666666666667, 0.5798029556650248), array([-0.0682877 ,  0.39569159]))	False
APOLD1	ENHA_RARA;NCOR2	6.4192813280375	3.56832572691131e-46	False	((1.1666666666666667, 0.3522167487684731), array([-0.0682877 ,  0.39569159]))	False
APOLD1	ENHA_FOXP1;NCOR2	27.5130982177083	2.58170257585212e-39	False	((1.1333333333333335, -0.6339901477832512), array([-0.0682877 ,  0.39569159]))	False
APOLD1	ENHA_NR3C1;NCOR2	10.8697234721388	5.67085609212825e-68	False	((1.1666666666666667, 0.18965517241379315), array([-0.0682877 ,  0.39569159]))	False
APOLD1	ENHA_AR;NCOR2	11.1893767567076	7.93611544869032e-73	False	((1.1, -1.1), array([-0.0682877 ,  0.39569159]))	False
APOLD1	ENHA_FOXK2;NCOR2	6.56176581236172	4.37231615177448e-48	False	((1.1666666666666667, -0.6556650246305419), array([-0.0682877 ,  0.39569159]))	False
APOLD1	ENHA_NR4A1;NCOR2	6.94566256614012	1.6500464364594199e-49	False	((1.1333333333333335, 0.2113300492610839), array([-0.0682877 ,  0.39569159]))	False
APOLD1	ENHA_FOXP1;NCOR2	27.5130982177083	2.58170257585212e-39	False	((1.1333333333333335, -0.6339901477832512), array([-0.0682877 ,  0.39569159]))	False
APOLD1	ENHA_POU2F1;NCOR2	5.34591755015142	1.26523260265146e-38	False	((1.1666666666666667, 0.28719211822660107), array([-0.0682877 ,  0.39569159]))	False
APOLD1	ENHA_RARA;NCOR2	6.4192813280375	3.56832572691131e-46	False	((1.1666666666666667, 0.3522167487684731), array([-0.0682877 ,  0.39569159]))	False
APOLD1	ENHA_KLF5;NCOR2	38.3904520738387	5.61399821484548e-60	False	((1.1, -0.22216748768472905), array([-0.0682877 ,  0.39569159]))	False
APOLD1	ENHA_RBPJ;NCOR2	13.6890447793891	1.52181838062886e-72	False	((1.1, 0.36305418719211824), array([-0.0682877 ,  0.39569159]))	False
APOLD1	ENHA_VDR;NCOR2	9.0468487981362	5.23921732918937e-61	False	((1.1, 0.9157635467980296), array([-0.0682877 ,  0.39569159]))	False
APOLD1	ENHA_SP1;NCOR2	90.8978155344943	1.75014195274808e-31	False	((1.1666666666666667, 0.5798029556650248), array([-0.0682877 ,  0.39569159]))	False
APOLD1	ENHA_JUN;NCOR2	8.35665470965181	1.87418648807521e-59	False	((1.1666666666666667, -0.33054187192118223), array([-0.0682877 ,  0.39569159]))	False
APOLD1	ENHA_VDR;NCOR2	9.0468487981362	5.23921732918937e-61	False	((1.1, 0.9157635467980296), array([-0.0682877 ,  0.39569159]))	False
APOLD1	ENHA_SP1;NCOR2	90.8978155344943	1.75014195274808e-31	False	((1.1666666666666667, 0.5798029556650248), array([-0.0682877 ,  0.39569159]))	False
APOLD1	ENHA_FOS;NCOR2	8.78726956531237	1.4260228484933001e-61	False	((1.1, -0.7098522167487685), array([-0.0682877 ,  0.39569159]))	False
APOLD1	ENHA_FOXP1;NCOR2	27.5130982177083	2.58170257585212e-39	False	((1.1333333333333335, -0.6339901477832512), array([-0.0682877 ,  0.39569159]))	False
APOLD1	ENHA_SRF;NCOR2	8.08674293409616	7.46759463410868e-57	False	((1.1, 0.655665024630542), array([-0.0682877 ,  0.39569159]))	False
APOLD1	ENHA_CEBPB;NCOR2	10.5747840223117	1.6645616142785398e-56	False	((1.1, -0.9699507389162563), array([-0.0682877 ,  0.39569159]))	False
APOLD1	ENHA_KLF5;NCOR2	38.3904520738387	5.61399821484548e-60	False	((1.1, -0.22216748768472905), array([-0.0682877 ,  0.39569159]))	False
APOLD1	ENHA_AR;NCOR2	11.1893767567076	7.93611544869032e-73	False	((1.1, -1.1), array([-0.0682877 ,  0.39569159]))	False
APOLD1	ENHA_SP1;NCOR2	90.8978155344943	1.75014195274808e-31	False	((1.1666666666666667, 0.5798029556650248), array([-0.0682877 ,  0.39569159]))	False
APOLD1	ENHA_FOXP1;NCOR2	27.5130982177083	2.58170257585212e-39	False	((1.1333333333333335, -0.6339901477832512), array([-0.0682877 ,  0.39569159]))	False
APOLD1	ENHA_AR;NCOR2	11.1893767567076	7.93611544869032e-73	False	((1.1, -1.1), array([-0.0682877 ,  0.39569159]))	False
APOLD1	ENHA_RBPJ;NCOR2	13.6890447793891	1.52181838062886e-72	False	((1.1, 0.36305418719211824), array([-0.0682877 ,  0.39569159]))	False
APOLD1	ENHA_FOXP1;NCOR2	27.5130982177083	2.58170257585212e-39	False	((1.1333333333333335, -0.6339901477832512), array([-0.0682877 ,  0.39569159]))	False
APOLD1	ENHA_NR3C1;NCOR2	10.8697234721388	5.67085609212825e-68	False	((1.1666666666666667, 0.18965517241379315), array([-0.0682877 ,  0.39569159]))	False
APOLD1	ENHA_RBPJ;NCOR2	13.6890447793891	1.52181838062886e-72	False	((1.1, 0.36305418719211824), array([-0.0682877 ,  0.39569159]))	False
APOLD1	ENHA_KLF5;NCOR2	38.3904520738387	5.61399821484548e-60	False	((1.1, -0.22216748768472905), array([-0.0682877 ,  0.39569159]))	False
APOLD1	ENHA_SRF;NCOR2	8.08674293409616	7.46759463410868e-57	False	((1.1, 0.655665024630542), array([-0.0682877 ,  0.39569159]))	False
APOLD1	ENHA_VDR;NCOR2	9.0468487981362	5.23921732918937e-61	False	((1.1, 0.9157635467980296), array([-0.0682877 ,  0.39569159]))	False
APOLD1	ENHA_NFE2L2;NCOR2	7.89713428197539	2.94777600527629e-56	False	((1.1666666666666667, 0.027093596059113434), array([-0.0682877 ,  0.39569159]))	False
APOLD1	ENHA_CEBPB;NCOR2	10.5747840223117	1.6645616142785398e-56	False	((1.1, -0.9699507389162563), array([-0.0682877 ,  0.39569159]))	False
APOLD1	ENHA_SP1;NCOR2	90.8978155344943	1.75014195274808e-31	False	((1.1666666666666667, 0.5798029556650248), array([-0.0682877 ,  0.39569159]))	False
APOLD1	ENHA_KLF5;NCOR2	38.3904520738387	5.61399821484548e-60	False	((1.1, -0.22216748768472905), array([-0.0682877 ,  0.39569159]))	False
APOLD1	ENHA_IRF5;NCOR2	4.79983126106329	2.42744687238309e-26	False	((1.1333333333333335, -0.3738916256157635), array([-0.0682877 ,  0.39569159]))	False
APOLD1	ENHA_SP1;NCOR2	90.8978155344943	1.75014195274808e-31	False	((1.1666666666666667, 0.5798029556650248), array([-0.0682877 ,  0.39569159]))	False
APOLD1	ENHA_TP53;NCOR2	38.0662700705668	2.23733145183524e-99	False	((1.1666666666666667, 0.8724137931034484), array([-0.0682877 ,  0.39569159]))	False
APOLD1	ENHA_FOXP1;NCOR2	27.5130982177083	2.58170257585212e-39	False	((1.1333333333333335, -0.6339901477832512), array([-0.0682877 ,  0.39569159]))	False
APOLD1	ENHA_SRF;NCOR2	8.08674293409616	7.46759463410868e-57	False	((1.1, 0.655665024630542), array([-0.0682877 ,  0.39569159]))	False
APOLD1	ENHA_CEBPB;NCOR2	10.5747840223117	1.6645616142785398e-56	False	((1.1, -0.9699507389162563), array([-0.0682877 ,  0.39569159]))	False
APOLD1	ENHA_TP53;NCOR2	38.0662700705668	2.23733145183524e-99	False	((1.1666666666666667, 0.8724137931034484), array([-0.0682877 ,  0.39569159]))	False
APOLD1	ENHA_KLF5;NCOR2	38.3904520738387	5.61399821484548e-60	False	((1.1, -0.22216748768472905), array([-0.0682877 ,  0.39569159]))	False
APOLD1	ENHA_SRF;NCOR2	8.08674293409616	7.46759463410868e-57	False	((1.1, 0.655665024630542), array([-0.0682877 ,  0.39569159]))	False
APOLD1	ENHA_SP1;NCOR2	90.8978155344943	1.75014195274808e-31	False	((1.1666666666666667, 0.5798029556650248), array([-0.0682877 ,  0.39569159]))	False
APOLD1	ENHA_BCL6;NCOR2	8.15718980794871	2.4005122780464796e-55	False	((1.1666666666666667, -1.0133004926108375), array([-0.0682877 ,  0.39569159]))	False
APOLD1	ENHA_NR4A1;NCOR2	6.94566256614012	1.6500464364594199e-49	False	((1.1333333333333335, 0.2113300492610839), array([-0.0682877 ,  0.39569159]))	False
APOLD1	ENHA_TP53;NCOR2	38.0662700705668	2.23733145183524e-99	False	((1.1666666666666667, 0.8724137931034484), array([-0.0682877 ,  0.39569159]))	False
APOLD1	ENHA_AR;NCOR2	11.1893767567076	7.93611544869032e-73	False	((1.1, -1.1), array([-0.0682877 ,  0.39569159]))	False
APOLD1	ENHA_RARA;NCOR2	6.4192813280375	3.56832572691131e-46	False	((1.1666666666666667, 0.3522167487684731), array([-0.0682877 ,  0.39569159]))	False
APOLD1	ENHA_NR4A1;NCOR2	6.94566256614012	1.6500464364594199e-49	False	((1.1333333333333335, 0.2113300492610839), array([-0.0682877 ,  0.39569159]))	False
APOLD1	ENHA_TP53;NCOR2	38.0662700705668	2.23733145183524e-99	False	((1.1666666666666667, 0.8724137931034484), array([-0.0682877 ,  0.39569159]))	False
APOLD1	ENHA_VDR;NCOR2	9.0468487981362	5.23921732918937e-61	False	((1.1, 0.9157635467980296), array([-0.0682877 ,  0.39569159]))	False
APOLD1	ENHA_RARA;NCOR2	6.4192813280375	3.56832572691131e-46	False	((1.1666666666666667, 0.3522167487684731), array([-0.0682877 ,  0.39569159]))	False
APOLD1	ENHA_FOXP1;NCOR2	27.5130982177083	2.58170257585212e-39	False	((1.1333333333333335, -0.6339901477832512), array([-0.0682877 ,  0.39569159]))	False
APOLD1	ENHA_RBPJ;NCOR2	13.6890447793891	1.52181838062886e-72	False	((1.1, 0.36305418719211824), array([-0.0682877 ,  0.39569159]))	False
APOLD1	ENHA_FOXP1;NCOR2	27.5130982177083	2.58170257585212e-39	False	((1.1333333333333335, -0.6339901477832512), array([-0.0682877 ,  0.39569159]))	False
APOLD1	ENHA_FOXP1;NCOR2	27.5130982177083	2.58170257585212e-39	False	((1.1333333333333335, -0.6339901477832512), array([-0.0682877 ,  0.39569159]))	False
APOLD1	ENHA_RARA;NCOR2	6.4192813280375	3.56832572691131e-46	False	((1.1666666666666667, 0.3522167487684731), array([-0.0682877 ,  0.39569159]))	False
APOLD1	ENHA_NFE2L2;NCOR2	7.89713428197539	2.94777600527629e-56	False	((1.1666666666666667, 0.027093596059113434), array([-0.0682877 ,  0.39569159]))	False
APOLD1	ENHA_NR4A1;NCOR2	6.94566256614012	1.6500464364594199e-49	False	((1.1333333333333335, 0.2113300492610839), array([-0.0682877 ,  0.39569159]))	False
APOLD1	ENHA_KLF5;NCOR2	38.3904520738387	5.61399821484548e-60	False	((1.1, -0.22216748768472905), array([-0.0682877 ,  0.39569159]))	False
APOLD1	ENHA_JUN;NCOR2	8.35665470965181	1.87418648807521e-59	False	((1.1666666666666667, -0.33054187192118223), array([-0.0682877 ,  0.39569159]))	False
APOLD1	ENHA_NR4A1;NCOR2	6.94566256614012	1.6500464364594199e-49	False	((1.1333333333333335, 0.2113300492610839), array([-0.0682877 ,  0.39569159]))	False
APOLD1	ENHA_THRB;NCOR2	7.6051884973582	4.11773809564007e-55	False	((1.1333333333333335, 0.8615763546798032), array([-0.0682877 ,  0.39569159]))	False
APOLD1	ENHA_KLF5;NCOR2	38.3904520738387	5.61399821484548e-60	False	((1.1, -0.22216748768472905), array([-0.0682877 ,  0.39569159]))	False
APOLD1	ENHA_PPARD;NCOR2	8.17188043444876	1.19347816086057e-58	False	((1.1333333333333335, 0.3088669950738918), array([-0.0682877 ,  0.39569159]))	False
APOLD1	ENHA_CEBPB;NCOR2	10.5747840223117	1.6645616142785398e-56	False	((1.1, -0.9699507389162563), array([-0.0682877 ,  0.39569159]))	False
APOLD1	ENHA_NR4A1;NCOR2	6.94566256614012	1.6500464364594199e-49	False	((1.1333333333333335, 0.2113300492610839), array([-0.0682877 ,  0.39569159]))	False
APOLD1	ENHA_NR3C1;NCOR2	10.8697234721388	5.67085609212825e-68	False	((1.1666666666666667, 0.18965517241379315), array([-0.0682877 ,  0.39569159]))	False
APOLD1	ENHA_CEBPB;NCOR2	10.5747840223117	1.6645616142785398e-56	False	((1.1, -0.9699507389162563), array([-0.0682877 ,  0.39569159]))	False
APOLD1	ENHA_AR;NCOR2	11.1893767567076	7.93611544869032e-73	False	((1.1, -1.1), array([-0.0682877 ,  0.39569159]))	False
APOLD1	ENHA_SP1;NCOR2	90.8978155344943	1.75014195274808e-31	False	((1.1666666666666667, 0.5798029556650248), array([-0.0682877 ,  0.39569159]))	False
APOLD1	ENHA_NR4A1;NCOR2	6.94566256614012	1.6500464364594199e-49	False	((1.1333333333333335, 0.2113300492610839), array([-0.0682877 ,  0.39569159]))	False
APOLD1	ENHA_FOXP1;NCOR2	27.5130982177083	2.58170257585212e-39	False	((1.1333333333333335, -0.6339901477832512), array([-0.0682877 ,  0.39569159]))	False
APOLD1	ENHA_RBPJ;NCOR2	13.6890447793891	1.52181838062886e-72	False	((1.1, 0.36305418719211824), array([-0.0682877 ,  0.39569159]))	False
APOLD1	ENHA_FOS;NCOR2	8.78726956531237	1.4260228484933001e-61	False	((1.1, -0.7098522167487685), array([-0.0682877 ,  0.39569159]))	False
APOLD1	ENHA_FOXP1;NCOR2	27.5130982177083	2.58170257585212e-39	False	((1.1333333333333335, -0.6339901477832512), array([-0.0682877 ,  0.39569159]))	False
APOLD1	ENHA_SRF;NCOR2	8.08674293409616	7.46759463410868e-57	False	((1.1, 0.655665024630542), array([-0.0682877 ,  0.39569159]))	False
APOLD1	ENHA_SP1;NCOR2	90.8978155344943	1.75014195274808e-31	False	((1.1666666666666667, 0.5798029556650248), array([-0.0682877 ,  0.39569159]))	False
APOLD1	ENHA_TP53;NCOR2	38.0662700705668	2.23733145183524e-99	False	((1.1666666666666667, 0.8724137931034484), array([-0.0682877 ,  0.39569159]))	False
APOLD1	ENHA_THRB;NCOR2	7.6051884973582	4.11773809564007e-55	False	((1.1333333333333335, 0.8615763546798032), array([-0.0682877 ,  0.39569159]))	False
APOLD1	ENHA_NR3C1;NCOR2	10.8697234721388	5.67085609212825e-68	False	((1.1666666666666667, 0.18965517241379315), array([-0.0682877 ,  0.39569159]))	False
APOLD1	ENHA_KLF5;NCOR2	38.3904520738387	5.61399821484548e-60	False	((1.1, -0.22216748768472905), array([-0.0682877 ,  0.39569159]))	False
APOLD1	ENHA_AR;NCOR2	11.1893767567076	7.93611544869032e-73	False	((1.1, -1.1), array([-0.0682877 ,  0.39569159]))	False
APOLD1	ENHA_SP1;NCOR2	90.8978155344943	1.75014195274808e-31	False	((1.1666666666666667, 0.5798029556650248), array([-0.0682877 ,  0.39569159]))	False
APOLD1	ENHA_PPARG;NCOR2	5.69899018551343	7.4883429904094e-40	False	((1.1666666666666667, 0.31970443349753697), array([-0.0682877 ,  0.39569159]))	False
APOLD1	ENHA_RBPJ;NCOR2	13.6890447793891	1.52181838062886e-72	False	((1.1, 0.36305418719211824), array([-0.0682877 ,  0.39569159]))	False
APOLD1	ENHA_KLF5;NCOR2	38.3904520738387	5.61399821484548e-60	False	((1.1, -0.22216748768472905), array([-0.0682877 ,  0.39569159]))	False
APOLD1	ENHA_CEBPB;NCOR2	10.5747840223117	1.6645616142785398e-56	False	((1.1, -0.9699507389162563), array([-0.0682877 ,  0.39569159]))	False
APOLD1	ENHA_SP1;NCOR2	90.8978155344943	1.75014195274808e-31	False	((1.1666666666666667, 0.5798029556650248), array([-0.0682877 ,  0.39569159]))	False
APOLD1	ENHA_FOXP1;NCOR2	27.5130982177083	2.58170257585212e-39	False	((1.1333333333333335, -0.6339901477832512), array([-0.0682877 ,  0.39569159]))	False
APOLD1	ENHA_RBPJ;NCOR2	13.6890447793891	1.52181838062886e-72	False	((1.1, 0.36305418719211824), array([-0.0682877 ,  0.39569159]))	False
APOLD1	ENHA_FOXP1;NCOR2	27.5130982177083	2.58170257585212e-39	False	((1.1333333333333335, -0.6339901477832512), array([-0.0682877 ,  0.39569159]))	False
APOLD1	ENHA_NR3C1;NCOR2	10.8697234721388	5.67085609212825e-68	False	((1.1666666666666667, 0.18965517241379315), array([-0.0682877 ,  0.39569159]))	False
APOLD1	ENHA_AR;NCOR2	11.1893767567076	7.93611544869032e-73	False	((1.1, -1.1), array([-0.0682877 ,  0.39569159]))	False
APOLD1	ENHA_FOXK2;NCOR2	6.56176581236172	4.37231615177448e-48	False	((1.1666666666666667, -0.6556650246305419), array([-0.0682877 ,  0.39569159]))	False
APOLD1	ENHA_SP1;NCOR2	90.8978155344943	1.75014195274808e-31	False	((1.1666666666666667, 0.5798029556650248), array([-0.0682877 ,  0.39569159]))	False
APOLD1	ENHA_NR4A1;NCOR2	6.94566256614012	1.6500464364594199e-49	False	((1.1333333333333335, 0.2113300492610839), array([-0.0682877 ,  0.39569159]))	False
APOLD1	ENHA_NR4A1;NCOR2	6.94566256614012	1.6500464364594199e-49	False	((1.1333333333333335, 0.2113300492610839), array([-0.0682877 ,  0.39569159]))	False
APOLD1	ENHA_FOXP1;NCOR2	27.5130982177083	2.58170257585212e-39	False	((1.1333333333333335, -0.6339901477832512), array([-0.0682877 ,  0.39569159]))	False
APOLD1	ENHA_SRF;NCOR2	8.08674293409616	7.46759463410868e-57	False	((1.1, 0.655665024630542), array([-0.0682877 ,  0.39569159]))	False
APOLD1	ENHA_NR4A1;NCOR2	6.94566256614012	1.6500464364594199e-49	False	((1.1333333333333335, 0.2113300492610839), array([-0.0682877 ,  0.39569159]))	False
APOLD1	ENHA_RARA;NCOR2	6.4192813280375	3.56832572691131e-46	False	((1.1666666666666667, 0.3522167487684731), array([-0.0682877 ,  0.39569159]))	False
APOLD1	NCOR2;PROM_FOXP1	0.947633339267339	0.916794531362381	False	(array([-0.0682877 ,  0.39569159]), (-1.1333333333333335, -1.0043478260869567))	False
APOLD1	NCOR2;PROM_SP1	62.1734199267874	2.86924177128122e-22	False	(array([-0.0682877 ,  0.39569159]), (-1.1333333333333335, 0.14347826086956506))	False
APOLD1	ENHA_RARA;PROM_KLF5	10.3073858341671	1.7453291233729698e-70	False	((1.1666666666666667, 0.3522167487684731), (-1.1, -0.5260869565217392))	False
APOLD1	ENHA_RARA;PROM_KLF5	10.3073858341671	1.7453291233729698e-70	False	((1.1666666666666667, 0.3522167487684731), (-1.1, -0.5260869565217392))	False
APOLD1	ENHA_ESR2;PROM_KLF5	12.8777624860285	2.2135692613580698e-82	False	((1.1, -0.7748768472906404), (-1.1, -0.5260869565217392))	False
APOLD1	ENHA_ESR2;PROM_KLF5	12.8777624860285	2.2135692613580698e-82	False	((1.1, -0.7748768472906404), (-1.1, -0.5260869565217392))	False
APOLD1	ENHA_PPARG;PROM_KLF5	8.66667435694938	1.13512531535839e-54	False	((1.1666666666666667, 0.31970443349753697), (-1.1, -0.5260869565217392))	False
APOLD1	ENHA_RARA;PROM_KLF5	10.3073858341671	1.7453291233729698e-70	False	((1.1666666666666667, 0.3522167487684731), (-1.1, -0.5260869565217392))	False
APOLD1	ENHA_RARA;PROM_KLF5	10.3073858341671	1.7453291233729698e-70	False	((1.1666666666666667, 0.3522167487684731), (-1.1, -0.5260869565217392))	False
APOLD1	ENHA_CEBPB;PROM_KLF5	12.3237029876082	7.78362872604922e-79	False	((1.1, -0.9699507389162563), (-1.1, -0.5260869565217392))	False
APOLD1	ENHA_CEBPB;PROM_KLF5	12.3237029876082	7.78362872604922e-79	False	((1.1, -0.9699507389162563), (-1.1, -0.5260869565217392))	False
APOLD1	ENHA_CEBPB;PROM_KLF5	12.3237029876082	7.78362872604922e-79	False	((1.1, -0.9699507389162563), (-1.1, -0.5260869565217392))	False
APOLD1	ENHA_RARA;PROM_KLF5	10.3073858341671	1.7453291233729698e-70	False	((1.1666666666666667, 0.3522167487684731), (-1.1, -0.5260869565217392))	False
APOLD1	ENHA_RARA;PROM_KLF5	10.3073858341671	1.7453291233729698e-70	False	((1.1666666666666667, 0.3522167487684731), (-1.1, -0.5260869565217392))	False
APOLD1	ENHA_RARA;PROM_KLF5	10.3073858341671	1.7453291233729698e-70	False	((1.1666666666666667, 0.3522167487684731), (-1.1, -0.5260869565217392))	False
APOLD1	CEBPG;PROM_KLF5	15.2798964542895	1.3217492243458199e-83	False	(array([0.40488892, 0.74982624]), (-1.1, -0.5260869565217392))	False
APOLD1	PROM_KLF5;SMURF2	11.6966637777822	5.41718475439209e-74	False	((-1.1, -0.5260869565217392), array([-0.46447907,  0.6920232 ]))	False
APOLD1	ENHA_CEBPA;PROM_KLF5	11.9236574756904	7.545118950665219e-78	False	((1.1666666666666667, -0.9807881773399015), (-1.1, -0.5260869565217392))	False
APOLD1	ENHA_CEBPB;PROM_KLF5	12.3237029876082	7.78362872604922e-79	False	((1.1, -0.9699507389162563), (-1.1, -0.5260869565217392))	False
APOLD1	ESR2;PROM_KLF5	6.551918637294	1.06332971105735e-40	False	(array([-0.77590549, -0.3850741 ]), (-1.1, -0.5260869565217392))	False
APOLD1	ENHA_ESR2;PROM_KLF5	12.8777624860285	2.2135692613580698e-82	False	((1.1, -0.7748768472906404), (-1.1, -0.5260869565217392))	False
APOLD1	ENHA_PPARG;PROM_KLF5	8.66667435694938	1.13512531535839e-54	False	((1.1666666666666667, 0.31970443349753697), (-1.1, -0.5260869565217392))	False
APOLD1	PROM_KLF5;ZBTB17	20.9864985796302	3.06610511584888e-73	False	((-1.1, -0.5260869565217392), array([-0.54329681,  0.45312691]))	False
APOLD1	PROM_KLF5;WWP1	18.7978537251063	7.3404443235836e-71	False	((-1.1, -0.5260869565217392), array([-0.71596637, -0.54161026]))	False
APOLD1	ACTR5;PROM_KLF5	16.8967602004338	6.23686085864814e-61	False	(array([ 0.71400928, -0.40572176]), (-1.1, -0.5260869565217392))	False
APOLD1	CEBPA;PROM_KLF5	19.3489264798681	1.23422444344148e-72	False	(array([-0.61007799,  0.75438991]), (-1.1, -0.5260869565217392))	False
APOLD1	ENHA_ESR2;PROM_KLF5	12.8777624860285	2.2135692613580698e-82	False	((1.1, -0.7748768472906404), (-1.1, -0.5260869565217392))	False
APOLD1	PROM_KLF5;SET	18.4439458798459	7.2691513681184e-66	False	((-1.1, -0.5260869565217392), array([0.99109413, 0.03719778]))	False
APOLD1	BAP1;PROM_KLF5	13.4251054758211	1.9995632394390303e-74	False	(array([ 0.0514821 , -0.95572708]), (-1.1, -0.5260869565217392))	False
APOLD1	NCOR1;PROM_KLF5	10.4757031783301	8.88152937390281e-39	False	(array([-0.58269156,  0.29500801]), (-1.1, -0.5260869565217392))	False
APOLD1	FBXW7;PROM_KLF5	12.1650601692348	5.35634445609222e-45	False	(array([-0.47675503,  0.00573311]), (-1.1, -0.5260869565217392))	False
APOLD1	PROM_KLF5;RARA	10.4008476054628	4.1288746754564996e-41	False	((-1.1, -0.5260869565217392), array([ 0.19863334, -0.20690742]))	False
APOLD1	CEBPB;PROM_KLF5	11.5145033295636	4.87550931760672e-44	False	(array([-0.30044646, -0.19024049]), (-1.1, -0.5260869565217392))	False
APOLD1	ENHA_ESR2;PROM_KLF5	12.8777624860285	2.2135692613580698e-82	False	((1.1, -0.7748768472906404), (-1.1, -0.5260869565217392))	False
APOLD1	ENHA_RARA;PROM_KLF5	10.3073858341671	1.7453291233729698e-70	False	((1.1666666666666667, 0.3522167487684731), (-1.1, -0.5260869565217392))	False
APOLD1	PROM_KLF5;SMAD3	9.00060446798957	2.42125075355907e-35	False	((-1.1, -0.5260869565217392), array([ 0.35464861, -0.19923062]))	False
APOLD1	GSK3B;PROM_KLF5	10.6789541263502	1.58396322332867e-39	False	(array([-0.85516147,  0.5594915 ]), (-1.1, -0.5260869565217392))	False
APOLD1	PARP1;PROM_KLF5	10.0995851338877	2.41041472844774e-37	False	(array([-0.33459415,  0.27077362]), (-1.1, -0.5260869565217392))	False
APOLD1	PROM_KLF5;UBA52	12.8360252107174	1.6567342959357202e-47	False	((-1.1, -0.5260869565217392), array([-0.02576811, -0.50067157]))	False
APOLD1	PROM_KLF5;SMAD2	9.91580305829571	2.08773233065383e-36	False	((-1.1, -0.5260869565217392), array([0.68224569, 0.5104954 ]))	False
APOLD1	HDAC1;PROM_KLF5	9.52701271737399	4.81837509373363e-35	False	(array([-0.16566298, -0.07291912]), (-1.1, -0.5260869565217392))	False
APOLD1	PROM_KLF5;SMAD4	9.87534035608897	2.17490755294179e-36	False	((-1.1, -0.5260869565217392), array([-0.05732368, -0.18671244]))	False
APOLD1	PPARG;PROM_KLF5	10.0831294743197	6.372599498787629e-40	False	(array([0.305161  , 0.17474763]), (-1.1, -0.5260869565217392))	False
APOLD1	HDAC2;PROM_KLF5	9.69492970395438	1.0505985747567e-35	False	(array([0.10585084, 0.25570152]), (-1.1, -0.5260869565217392))	False
APOLD1	CREBBP;PROM_KLF5	9.50741316009404	5.24660479852083e-35	False	(array([-0.05808715, -0.07147515]), (-1.1, -0.5260869565217392))	False
APOLD1	PROM_KLF5;RXRA	10.7221722119669	1.44792757656725e-39	False	((-1.1, -0.5260869565217392), array([-0.5450296 , -0.30187952]))	False
APOLD1	NCOR2;PROM_KLF5	9.79482186567747	4.657785099547079e-36	False	(array([-0.0682877 ,  0.39569159]), (-1.1, -0.5260869565217392))	False
APOLD1	ENHA_YY1;HDAC3	8.9171643167882	1.5670145549198101e-58	False	((1.1666666666666667, 0.9374384236453204), array([ 0.38389328, -0.07472234]))	False
APOLD1	ENHA_NFKB1;HDAC3	155.135077948464	5.91709530879905e-50	False	((1.1333333333333335, 0.08128078817733986), array([ 0.38389328, -0.07472234]))	False
APOLD1	ENHA_MEF2D;HDAC3	10.4376935766252	3.90572578899671e-46	False	((1.1666666666666667, -0.1029556650246305), array([ 0.38389328, -0.07472234]))	False
APOLD1	ENHA_STAT1;HDAC3	22.9878466905705	9.70518671455244e-59	False	((1.1333333333333335, 0.6665024630541874), array([ 0.38389328, -0.07472234]))	False
APOLD1	ENHA_NFKB1;HDAC3	155.135077948464	5.91709530879905e-50	False	((1.1333333333333335, 0.08128078817733986), array([ 0.38389328, -0.07472234]))	False
APOLD1	ENHA_MEF2D;HDAC3	10.4376935766252	3.90572578899671e-46	False	((1.1666666666666667, -0.1029556650246305), array([ 0.38389328, -0.07472234]))	False
APOLD1	ENHA_BCL6;HDAC3	8.52371398920629	2.94093829684769e-57	False	((1.1666666666666667, -1.0133004926108375), array([ 0.38389328, -0.07472234]))	False
APOLD1	ENHA_RUNX2;HDAC3	13.6659311944032	1.80181607257822e-63	False	((1.1333333333333335, 0.47142857142857153), array([ 0.38389328, -0.07472234]))	False
APOLD1	ENHA_ZNF148;HDAC3	25.0578035135323	2.03520620287796e-59	False	((1.1, 1.0458128078817737), array([ 0.38389328, -0.07472234]))	False
APOLD1	ENHA_STAT1;HDAC3	22.9878466905705	9.70518671455244e-59	False	((1.1333333333333335, 0.6665024630541874), array([ 0.38389328, -0.07472234]))	False
APOLD1	ENHA_ZNF148;HDAC3	25.0578035135323	2.03520620287796e-59	False	((1.1, 1.0458128078817737), array([ 0.38389328, -0.07472234]))	False
APOLD1	ENHA_RREB1;HDAC3	45.0135870789774	2.87701649153224e-60	False	((1.1666666666666667, 0.4497536945812808), array([ 0.38389328, -0.07472234]))	False
APOLD1	ENHA_ZNF148;HDAC3	25.0578035135323	2.03520620287796e-59	False	((1.1, 1.0458128078817737), array([ 0.38389328, -0.07472234]))	False
APOLD1	ENHA_STAT1;HDAC3	22.9878466905705	9.70518671455244e-59	False	((1.1333333333333335, 0.6665024630541874), array([ 0.38389328, -0.07472234]))	False
APOLD1	ENHA_NFKB1;HDAC3	155.135077948464	5.91709530879905e-50	False	((1.1333333333333335, 0.08128078817733986), array([ 0.38389328, -0.07472234]))	False
APOLD1	ENHA_STAT1;HDAC3	22.9878466905705	9.70518671455244e-59	False	((1.1333333333333335, 0.6665024630541874), array([ 0.38389328, -0.07472234]))	False
APOLD1	ENHA_RREB1;HDAC3	45.0135870789774	2.87701649153224e-60	False	((1.1666666666666667, 0.4497536945812808), array([ 0.38389328, -0.07472234]))	False
APOLD1	ENHA_ZNF148;HDAC3	25.0578035135323	2.03520620287796e-59	False	((1.1, 1.0458128078817737), array([ 0.38389328, -0.07472234]))	False
APOLD1	ENHA_NFKB1;HDAC3	155.135077948464	5.91709530879905e-50	False	((1.1333333333333335, 0.08128078817733986), array([ 0.38389328, -0.07472234]))	False
APOLD1	ENHA_MEF2D;HDAC3	10.4376935766252	3.90572578899671e-46	False	((1.1666666666666667, -0.1029556650246305), array([ 0.38389328, -0.07472234]))	False
APOLD1	ENHA_GATA2;HDAC3	6.66585018865817	1.66276506167994e-48	False	((1.1333333333333335, -0.6014778325123153), array([ 0.38389328, -0.07472234]))	False
APOLD1	ENHA_RUNX2;HDAC3	13.6659311944032	1.80181607257822e-63	False	((1.1333333333333335, 0.47142857142857153), array([ 0.38389328, -0.07472234]))	False
APOLD1	ENHA_RREB1;HDAC3	45.0135870789774	2.87701649153224e-60	False	((1.1666666666666667, 0.4497536945812808), array([ 0.38389328, -0.07472234]))	False
APOLD1	ENHA_NFKB1;HDAC3	155.135077948464	5.91709530879905e-50	False	((1.1333333333333335, 0.08128078817733986), array([ 0.38389328, -0.07472234]))	False
APOLD1	ENHA_MEF2D;HDAC3	10.4376935766252	3.90572578899671e-46	False	((1.1666666666666667, -0.1029556650246305), array([ 0.38389328, -0.07472234]))	False
APOLD1	ENHA_STAT1;HDAC3	22.9878466905705	9.70518671455244e-59	False	((1.1333333333333335, 0.6665024630541874), array([ 0.38389328, -0.07472234]))	False
APOLD1	ENHA_AR;HDAC3	10.4761289815253	4.39440336193933e-69	False	((1.1, -1.1), array([ 0.38389328, -0.07472234]))	False
APOLD1	ENHA_MEF2D;HDAC3	10.4376935766252	3.90572578899671e-46	False	((1.1666666666666667, -0.1029556650246305), array([ 0.38389328, -0.07472234]))	False
APOLD1	ENHA_NFKB1;HDAC3	155.135077948464	5.91709530879905e-50	False	((1.1333333333333335, 0.08128078817733986), array([ 0.38389328, -0.07472234]))	False
APOLD1	ENHA_RUNX2;HDAC3	13.6659311944032	1.80181607257822e-63	False	((1.1333333333333335, 0.47142857142857153), array([ 0.38389328, -0.07472234]))	False
APOLD1	ENHA_RUNX2;HDAC3	13.6659311944032	1.80181607257822e-63	False	((1.1333333333333335, 0.47142857142857153), array([ 0.38389328, -0.07472234]))	False
APOLD1	ENHA_HIF1A;HDAC3	6.47247605849207	1.09529918962928e-39	False	((1.1, -0.5147783251231527), array([ 0.38389328, -0.07472234]))	False
APOLD1	ENHA_MYC;HDAC3	7.92087694852258	4.5354587281866797e-57	False	((1.1666666666666667, -0.005418719211822687), array([ 0.38389328, -0.07472234]))	False
APOLD1	ENHA_RREB1;HDAC3	45.0135870789774	2.87701649153224e-60	False	((1.1666666666666667, 0.4497536945812808), array([ 0.38389328, -0.07472234]))	False
APOLD1	ENHA_ZNF148;HDAC3	25.0578035135323	2.03520620287796e-59	False	((1.1, 1.0458128078817737), array([ 0.38389328, -0.07472234]))	False
APOLD1	ENHA_AR;HDAC3	10.4761289815253	4.39440336193933e-69	False	((1.1, -1.1), array([ 0.38389328, -0.07472234]))	False
APOLD1	ENHA_RUNX2;HDAC3	13.6659311944032	1.80181607257822e-63	False	((1.1333333333333335, 0.47142857142857153), array([ 0.38389328, -0.07472234]))	False
APOLD1	ENHA_NR2C2;HDAC3	10.6647252437185	3.82401422895503e-64	False	((1.1666666666666667, 0.15714285714285725), array([ 0.38389328, -0.07472234]))	False
APOLD1	ENHA_AR;HDAC3	10.4761289815253	4.39440336193933e-69	False	((1.1, -1.1), array([ 0.38389328, -0.07472234]))	False
APOLD1	ENHA_NR2C2;HDAC3	10.6647252437185	3.82401422895503e-64	False	((1.1666666666666667, 0.15714285714285725), array([ 0.38389328, -0.07472234]))	False
APOLD1	ENHA_RUNX2;HDAC3	13.6659311944032	1.80181607257822e-63	False	((1.1333333333333335, 0.47142857142857153), array([ 0.38389328, -0.07472234]))	False
APOLD1	ENHA_RREB1;HDAC3	45.0135870789774	2.87701649153224e-60	False	((1.1666666666666667, 0.4497536945812808), array([ 0.38389328, -0.07472234]))	False
APOLD1	ENHA_NR2C1;HDAC3	6.73747256089037	2.9918131918045197e-49	False	((1.1333333333333335, 0.14630541871921188), array([ 0.38389328, -0.07472234]))	False
APOLD1	ENHA_NFKB1;HDAC3	155.135077948464	5.91709530879905e-50	False	((1.1333333333333335, 0.08128078817733986), array([ 0.38389328, -0.07472234]))	False
APOLD1	ENHA_MEF2D;HDAC3	10.4376935766252	3.90572578899671e-46	False	((1.1666666666666667, -0.1029556650246305), array([ 0.38389328, -0.07472234]))	False
APOLD1	ENHA_GATA2;HDAC3	6.66585018865817	1.66276506167994e-48	False	((1.1333333333333335, -0.6014778325123153), array([ 0.38389328, -0.07472234]))	False
APOLD1	ENHA_HIF1A;HDAC3	6.47247605849207	1.09529918962928e-39	False	((1.1, -0.5147783251231527), array([ 0.38389328, -0.07472234]))	False
APOLD1	ENHA_YY1;HDAC3	8.9171643167882	1.5670145549198101e-58	False	((1.1666666666666667, 0.9374384236453204), array([ 0.38389328, -0.07472234]))	False
APOLD1	ENHA_NFKB1;HDAC3	155.135077948464	5.91709530879905e-50	False	((1.1333333333333335, 0.08128078817733986), array([ 0.38389328, -0.07472234]))	False
APOLD1	ENHA_MYC;HDAC3	7.92087694852258	4.5354587281866797e-57	False	((1.1666666666666667, -0.005418719211822687), array([ 0.38389328, -0.07472234]))	False
APOLD1	ENHA_RREB1;HDAC3	45.0135870789774	2.87701649153224e-60	False	((1.1666666666666667, 0.4497536945812808), array([ 0.38389328, -0.07472234]))	False
APOLD1	ENHA_ZNF148;HDAC3	25.0578035135323	2.03520620287796e-59	False	((1.1, 1.0458128078817737), array([ 0.38389328, -0.07472234]))	False
APOLD1	ENHA_GATA2;HDAC3	6.66585018865817	1.66276506167994e-48	False	((1.1333333333333335, -0.6014778325123153), array([ 0.38389328, -0.07472234]))	False
APOLD1	ENHA_NFKB1;HDAC3	155.135077948464	5.91709530879905e-50	False	((1.1333333333333335, 0.08128078817733986), array([ 0.38389328, -0.07472234]))	False
APOLD1	ENHA_STAT1;HDAC3	22.9878466905705	9.70518671455244e-59	False	((1.1333333333333335, 0.6665024630541874), array([ 0.38389328, -0.07472234]))	False
APOLD1	ENHA_RREB1;HDAC3	45.0135870789774	2.87701649153224e-60	False	((1.1666666666666667, 0.4497536945812808), array([ 0.38389328, -0.07472234]))	False
APOLD1	ENHA_RREB1;HDAC3	45.0135870789774	2.87701649153224e-60	False	((1.1666666666666667, 0.4497536945812808), array([ 0.38389328, -0.07472234]))	False
APOLD1	ENHA_BCL6;HDAC3	8.52371398920629	2.94093829684769e-57	False	((1.1666666666666667, -1.0133004926108375), array([ 0.38389328, -0.07472234]))	False
APOLD1	ENHA_MEF2D;HDAC3	10.4376935766252	3.90572578899671e-46	False	((1.1666666666666667, -0.1029556650246305), array([ 0.38389328, -0.07472234]))	False
APOLD1	ENHA_AR;HDAC3	10.4761289815253	4.39440336193933e-69	False	((1.1, -1.1), array([ 0.38389328, -0.07472234]))	False
APOLD1	ENHA_RREB1;HDAC3	45.0135870789774	2.87701649153224e-60	False	((1.1666666666666667, 0.4497536945812808), array([ 0.38389328, -0.07472234]))	False
APOLD1	ENHA_NFKB1;HDAC3	155.135077948464	5.91709530879905e-50	False	((1.1333333333333335, 0.08128078817733986), array([ 0.38389328, -0.07472234]))	False
APOLD1	ENHA_MEF2D;HDAC3	10.4376935766252	3.90572578899671e-46	False	((1.1666666666666667, -0.1029556650246305), array([ 0.38389328, -0.07472234]))	False
APOLD1	ENHA_GATA2;HDAC3	6.66585018865817	1.66276506167994e-48	False	((1.1333333333333335, -0.6014778325123153), array([ 0.38389328, -0.07472234]))	False
APOLD1	ENHA_ZNF148;HDAC3	25.0578035135323	2.03520620287796e-59	False	((1.1, 1.0458128078817737), array([ 0.38389328, -0.07472234]))	False
APOLD1	ENHA_MEF2D;HDAC3	10.4376935766252	3.90572578899671e-46	False	((1.1666666666666667, -0.1029556650246305), array([ 0.38389328, -0.07472234]))	False
APOLD1	ENHA_STAT1;HDAC3	22.9878466905705	9.70518671455244e-59	False	((1.1333333333333335, 0.6665024630541874), array([ 0.38389328, -0.07472234]))	False
APOLD1	ENHA_ZNF148;HDAC3	25.0578035135323	2.03520620287796e-59	False	((1.1, 1.0458128078817737), array([ 0.38389328, -0.07472234]))	False
APOLD1	ENHA_NFKB1;HDAC3	155.135077948464	5.91709530879905e-50	False	((1.1333333333333335, 0.08128078817733986), array([ 0.38389328, -0.07472234]))	False
APOLD1	ENHA_MEF2D;HDAC3	10.4376935766252	3.90572578899671e-46	False	((1.1666666666666667, -0.1029556650246305), array([ 0.38389328, -0.07472234]))	False
APOLD1	ENHA_YY1;HDAC3	8.9171643167882	1.5670145549198101e-58	False	((1.1666666666666667, 0.9374384236453204), array([ 0.38389328, -0.07472234]))	False
APOLD1	ENHA_MEF2D;HDAC3	10.4376935766252	3.90572578899671e-46	False	((1.1666666666666667, -0.1029556650246305), array([ 0.38389328, -0.07472234]))	False
APOLD1	ENHA_RREB1;HDAC3	45.0135870789774	2.87701649153224e-60	False	((1.1666666666666667, 0.4497536945812808), array([ 0.38389328, -0.07472234]))	False
APOLD1	ENHA_NFKB1;HDAC3	155.135077948464	5.91709530879905e-50	False	((1.1333333333333335, 0.08128078817733986), array([ 0.38389328, -0.07472234]))	False
APOLD1	ENHA_MEF2D;HDAC3	10.4376935766252	3.90572578899671e-46	False	((1.1666666666666667, -0.1029556650246305), array([ 0.38389328, -0.07472234]))	False
APOLD1	ENHA_MYC;HDAC3	7.92087694852258	4.5354587281866797e-57	False	((1.1666666666666667, -0.005418719211822687), array([ 0.38389328, -0.07472234]))	False
APOLD1	ENHA_MEF2D;HDAC3	10.4376935766252	3.90572578899671e-46	False	((1.1666666666666667, -0.1029556650246305), array([ 0.38389328, -0.07472234]))	False
APOLD1	ENHA_STAT1;HDAC3	22.9878466905705	9.70518671455244e-59	False	((1.1333333333333335, 0.6665024630541874), array([ 0.38389328, -0.07472234]))	False
APOLD1	ENHA_YY1;HDAC3	8.9171643167882	1.5670145549198101e-58	False	((1.1666666666666667, 0.9374384236453204), array([ 0.38389328, -0.07472234]))	False
APOLD1	ENHA_RREB1;HDAC3	45.0135870789774	2.87701649153224e-60	False	((1.1666666666666667, 0.4497536945812808), array([ 0.38389328, -0.07472234]))	False
APOLD1	ENHA_GATA2;HDAC3	6.66585018865817	1.66276506167994e-48	False	((1.1333333333333335, -0.6014778325123153), array([ 0.38389328, -0.07472234]))	False
APOLD1	ENHA_NR2C2;HDAC3	10.6647252437185	3.82401422895503e-64	False	((1.1666666666666667, 0.15714285714285725), array([ 0.38389328, -0.07472234]))	False
APOLD1	ENHA_THRB;HDAC3	7.76775562869528	3.83568563578646e-56	False	((1.1333333333333335, 0.8615763546798032), array([ 0.38389328, -0.07472234]))	False
APOLD1	ENHA_HIF1A;HDAC3	6.47247605849207	1.09529918962928e-39	False	((1.1, -0.5147783251231527), array([ 0.38389328, -0.07472234]))	False
APOLD1	ENHA_PPARD;HDAC3	8.27577099629601	2.83179590144235e-59	False	((1.1333333333333335, 0.3088669950738918), array([ 0.38389328, -0.07472234]))	False
APOLD1	ENHA_MEF2D;HDAC3	10.4376935766252	3.90572578899671e-46	False	((1.1666666666666667, -0.1029556650246305), array([ 0.38389328, -0.07472234]))	False
APOLD1	ENHA_RUNX2;HDAC3	13.6659311944032	1.80181607257822e-63	False	((1.1333333333333335, 0.47142857142857153), array([ 0.38389328, -0.07472234]))	False
APOLD1	ENHA_MYC;HDAC3	7.92087694852258	4.5354587281866797e-57	False	((1.1666666666666667, -0.005418719211822687), array([ 0.38389328, -0.07472234]))	False
APOLD1	ENHA_CEBPD;HDAC3	6.70471630821228	7.24485913269833e-49	False	((1.1333333333333335, -0.9591133004926109), array([ 0.38389328, -0.07472234]))	False
APOLD1	ENHA_AR;HDAC3	10.4761289815253	4.39440336193933e-69	False	((1.1, -1.1), array([ 0.38389328, -0.07472234]))	False
APOLD1	ENHA_STAT1;HDAC3	22.9878466905705	9.70518671455244e-59	False	((1.1333333333333335, 0.6665024630541874), array([ 0.38389328, -0.07472234]))	False
APOLD1	ENHA_NR2C1;HDAC3	6.73747256089037	2.9918131918045197e-49	False	((1.1333333333333335, 0.14630541871921188), array([ 0.38389328, -0.07472234]))	False
APOLD1	ENHA_STAT1;HDAC3	22.9878466905705	9.70518671455244e-59	False	((1.1333333333333335, 0.6665024630541874), array([ 0.38389328, -0.07472234]))	False
APOLD1	ENHA_RREB1;HDAC3	45.0135870789774	2.87701649153224e-60	False	((1.1666666666666667, 0.4497536945812808), array([ 0.38389328, -0.07472234]))	False
APOLD1	ENHA_NR2C2;HDAC3	10.6647252437185	3.82401422895503e-64	False	((1.1666666666666667, 0.15714285714285725), array([ 0.38389328, -0.07472234]))	False
APOLD1	ENHA_THRB;HDAC3	7.76775562869528	3.83568563578646e-56	False	((1.1333333333333335, 0.8615763546798032), array([ 0.38389328, -0.07472234]))	False
APOLD1	ENHA_ZNF148;HDAC3	25.0578035135323	2.03520620287796e-59	False	((1.1, 1.0458128078817737), array([ 0.38389328, -0.07472234]))	False
APOLD1	ENHA_AR;HDAC3	10.4761289815253	4.39440336193933e-69	False	((1.1, -1.1), array([ 0.38389328, -0.07472234]))	False
APOLD1	ENHA_NFKB1;HDAC3	155.135077948464	5.91709530879905e-50	False	((1.1333333333333335, 0.08128078817733986), array([ 0.38389328, -0.07472234]))	False
APOLD1	ENHA_CREB3;HDAC3	5.25494172473206	2.40405245039885e-21	False	((1.1333333333333335, -0.926600985221675), array([ 0.38389328, -0.07472234]))	False
APOLD1	ENHA_RREB1;HDAC3	45.0135870789774	2.87701649153224e-60	False	((1.1666666666666667, 0.4497536945812808), array([ 0.38389328, -0.07472234]))	False
APOLD1	ENHA_CEBPD;HDAC3	6.70471630821228	7.24485913269833e-49	False	((1.1333333333333335, -0.9591133004926109), array([ 0.38389328, -0.07472234]))	False
APOLD1	ENHA_ZNF148;HDAC3	25.0578035135323	2.03520620287796e-59	False	((1.1, 1.0458128078817737), array([ 0.38389328, -0.07472234]))	False
APOLD1	ENHA_NFKB1;HDAC3	155.135077948464	5.91709530879905e-50	False	((1.1333333333333335, 0.08128078817733986), array([ 0.38389328, -0.07472234]))	False
APOLD1	ENHA_GATA2;HDAC3	6.66585018865817	1.66276506167994e-48	False	((1.1333333333333335, -0.6014778325123153), array([ 0.38389328, -0.07472234]))	False
APOLD1	ENHA_NFKB1;HDAC3	155.135077948464	5.91709530879905e-50	False	((1.1333333333333335, 0.08128078817733986), array([ 0.38389328, -0.07472234]))	False
APOLD1	ENHA_MEF2D;HDAC3	10.4376935766252	3.90572578899671e-46	False	((1.1666666666666667, -0.1029556650246305), array([ 0.38389328, -0.07472234]))	False
APOLD1	ENHA_AR;HDAC3	10.4761289815253	4.39440336193933e-69	False	((1.1, -1.1), array([ 0.38389328, -0.07472234]))	False
APOLD1	ENHA_GATA2;HDAC3	6.66585018865817	1.66276506167994e-48	False	((1.1333333333333335, -0.6014778325123153), array([ 0.38389328, -0.07472234]))	False
APOLD1	ENHA_STAT1;HDAC3	22.9878466905705	9.70518671455244e-59	False	((1.1333333333333335, 0.6665024630541874), array([ 0.38389328, -0.07472234]))	False
APOLD1	ENHA_GATA2;HDAC3	6.66585018865817	1.66276506167994e-48	False	((1.1333333333333335, -0.6014778325123153), array([ 0.38389328, -0.07472234]))	False
APOLD1	ENHA_STAT1;HDAC3	22.9878466905705	9.70518671455244e-59	False	((1.1333333333333335, 0.6665024630541874), array([ 0.38389328, -0.07472234]))	False
APOLD1	ENHA_RUNX2;HDAC3	13.6659311944032	1.80181607257822e-63	False	((1.1333333333333335, 0.47142857142857153), array([ 0.38389328, -0.07472234]))	False
APOLD1	ENHA_RREB1;HDAC3	45.0135870789774	2.87701649153224e-60	False	((1.1666666666666667, 0.4497536945812808), array([ 0.38389328, -0.07472234]))	False
APOLD1	HDAC3;PROM_NR2C2	1.77759613598688	3.55796569176934e-05	False	(array([ 0.38389328, -0.07472234]), (-1.1666666666666667, -0.047826086956521685))	False
APOLD1	ENHA_YY1;FOXJ2	9.11459249611895	5.09410558899988e-60	False	((1.1666666666666667, 0.9374384236453204), array([0.80829192, 0.22933349]))	False
APOLD1	ENHA_POU2F2;FOXJ2	6.13621323129544	1.7502488163367502e-44	False	((1.1, 0.29802955665024644), array([0.80829192, 0.22933349]))	False
APOLD1	ENHA_ZNF148;FOXJ2	25.506365536456	4.47683100807939e-64	False	((1.1, 1.0458128078817737), array([0.80829192, 0.22933349]))	False
APOLD1	ENHA_ZNF148;FOXJ2	25.506365536456	4.47683100807939e-64	False	((1.1, 1.0458128078817737), array([0.80829192, 0.22933349]))	False
APOLD1	ENHA_GABPA;FOXJ2	22.1685839668917	8.053835185172309e-69	False	((1.1666666666666667, -0.6231527093596059), array([0.80829192, 0.22933349]))	False
APOLD1	ENHA_ZNF148;FOXJ2	25.506365536456	4.47683100807939e-64	False	((1.1, 1.0458128078817737), array([0.80829192, 0.22933349]))	False
APOLD1	ENHA_NFYC;FOXJ2	6.35832256975342	4.39373831428856e-42	False	((1.1666666666666667, 0.12463054187192135), array([0.80829192, 0.22933349]))	False
APOLD1	ENHA_GABPA;FOXJ2	22.1685839668917	8.053835185172309e-69	False	((1.1666666666666667, -0.6231527093596059), array([0.80829192, 0.22933349]))	False
APOLD1	ENHA_USF2;FOXJ2	10.8311539767473	1.76678950734253e-64	False	((1.1666666666666667, 0.9049261083743843), array([0.80829192, 0.22933349]))	False
APOLD1	ENHA_USF2;FOXJ2	10.8311539767473	1.76678950734253e-64	False	((1.1666666666666667, 0.9049261083743843), array([0.80829192, 0.22933349]))	False
APOLD1	ENHA_HIC2;FOXJ2	9.61194590150762	5.82610295555706e-58	False	((1.1666666666666667, -0.5256157635467981), array([0.80829192, 0.22933349]))	False
APOLD1	ENHA_ZNF148;FOXJ2	25.506365536456	4.47683100807939e-64	False	((1.1, 1.0458128078817737), array([0.80829192, 0.22933349]))	False
APOLD1	ENHA_POU2F2;FOXJ2	6.13621323129544	1.7502488163367502e-44	False	((1.1, 0.29802955665024644), array([0.80829192, 0.22933349]))	False
APOLD1	ENHA_GABPA;FOXJ2	22.1685839668917	8.053835185172309e-69	False	((1.1666666666666667, -0.6231527093596059), array([0.80829192, 0.22933349]))	False
APOLD1	ENHA_NR3C1;FOXJ2	11.4295247998663	7.58527772635117e-71	False	((1.1666666666666667, 0.18965517241379315), array([0.80829192, 0.22933349]))	False
APOLD1	ENHA_HIC2;FOXJ2	9.61194590150762	5.82610295555706e-58	False	((1.1666666666666667, -0.5256157635467981), array([0.80829192, 0.22933349]))	False
APOLD1	ENHA_HIC2;FOXJ2	9.61194590150762	5.82610295555706e-58	False	((1.1666666666666667, -0.5256157635467981), array([0.80829192, 0.22933349]))	False
APOLD1	ENHA_USF2;FOXJ2	10.8311539767473	1.76678950734253e-64	False	((1.1666666666666667, 0.9049261083743843), array([0.80829192, 0.22933349]))	False
APOLD1	ENHA_POU2F2;FOXJ2	6.13621323129544	1.7502488163367502e-44	False	((1.1, 0.29802955665024644), array([0.80829192, 0.22933349]))	False
APOLD1	ENHA_RFX3;FOXJ2	8.36246731975799	7.53828297541665e-59	False	((1.1333333333333335, 0.4064039408866995), array([0.80829192, 0.22933349]))	False
APOLD1	ENHA_ZNF148;FOXJ2	25.506365536456	4.47683100807939e-64	False	((1.1, 1.0458128078817737), array([0.80829192, 0.22933349]))	False
APOLD1	ENHA_USF2;FOXJ2	10.8311539767473	1.76678950734253e-64	False	((1.1666666666666667, 0.9049261083743843), array([0.80829192, 0.22933349]))	False
APOLD1	ENHA_GABPA;FOXJ2	22.1685839668917	8.053835185172309e-69	False	((1.1666666666666667, -0.6231527093596059), array([0.80829192, 0.22933349]))	False
APOLD1	ENHA_POU2F2;FOXJ2	6.13621323129544	1.7502488163367502e-44	False	((1.1, 0.29802955665024644), array([0.80829192, 0.22933349]))	False
APOLD1	ENHA_NR3C1;FOXJ2	11.4295247998663	7.58527772635117e-71	False	((1.1666666666666667, 0.18965517241379315), array([0.80829192, 0.22933349]))	False
APOLD1	ENHA_GABPA;FOXJ2	22.1685839668917	8.053835185172309e-69	False	((1.1666666666666667, -0.6231527093596059), array([0.80829192, 0.22933349]))	False
APOLD1	ENHA_YY1;FOXJ2	9.11459249611895	5.09410558899988e-60	False	((1.1666666666666667, 0.9374384236453204), array([0.80829192, 0.22933349]))	False
APOLD1	ENHA_RFX3;FOXJ2	8.36246731975799	7.53828297541665e-59	False	((1.1333333333333335, 0.4064039408866995), array([0.80829192, 0.22933349]))	False
APOLD1	ENHA_RFX1;FOXJ2	8.35665470965181	1.87418648807521e-59	False	((1.1, 0.39556650246305436), array([0.80829192, 0.22933349]))	False
APOLD1	ENHA_ZNF148;FOXJ2	25.506365536456	4.47683100807939e-64	False	((1.1, 1.0458128078817737), array([0.80829192, 0.22933349]))	False
APOLD1	ENHA_HIC2;FOXJ2	9.61194590150762	5.82610295555706e-58	False	((1.1666666666666667, -0.5256157635467981), array([0.80829192, 0.22933349]))	False
APOLD1	ENHA_POU2F2;FOXJ2	6.13621323129544	1.7502488163367502e-44	False	((1.1, 0.29802955665024644), array([0.80829192, 0.22933349]))	False
APOLD1	ENHA_CUX1;FOXJ2	7.32415545298184	5.0278039658259396e-27	False	((1.1333333333333335, -0.894088669950739), array([0.80829192, 0.22933349]))	False
APOLD1	ENHA_ZNF148;FOXJ2	25.506365536456	4.47683100807939e-64	False	((1.1, 1.0458128078817737), array([0.80829192, 0.22933349]))	False
APOLD1	ENHA_ZNF148;FOXJ2	25.506365536456	4.47683100807939e-64	False	((1.1, 1.0458128078817737), array([0.80829192, 0.22933349]))	False
APOLD1	ENHA_POU2F2;FOXJ2	6.13621323129544	1.7502488163367502e-44	False	((1.1, 0.29802955665024644), array([0.80829192, 0.22933349]))	False
APOLD1	ENHA_YY1;FOXJ2	9.11459249611895	5.09410558899988e-60	False	((1.1666666666666667, 0.9374384236453204), array([0.80829192, 0.22933349]))	False
APOLD1	ENHA_HIC2;FOXJ2	9.61194590150762	5.82610295555706e-58	False	((1.1666666666666667, -0.5256157635467981), array([0.80829192, 0.22933349]))	False
APOLD1	ENHA_YY1;FOXJ2	9.11459249611895	5.09410558899988e-60	False	((1.1666666666666667, 0.9374384236453204), array([0.80829192, 0.22933349]))	False
APOLD1	ENHA_HIC2;FOXJ2	9.61194590150762	5.82610295555706e-58	False	((1.1666666666666667, -0.5256157635467981), array([0.80829192, 0.22933349]))	False
APOLD1	ENHA_RFX3;FOXJ2	8.36246731975799	7.53828297541665e-59	False	((1.1333333333333335, 0.4064039408866995), array([0.80829192, 0.22933349]))	False
APOLD1	ENHA_RFX1;FOXJ2	8.35665470965181	1.87418648807521e-59	False	((1.1, 0.39556650246305436), array([0.80829192, 0.22933349]))	False
APOLD1	ENHA_NR3C1;FOXJ2	11.4295247998663	7.58527772635117e-71	False	((1.1666666666666667, 0.18965517241379315), array([0.80829192, 0.22933349]))	False
APOLD1	ENHA_HIC2;FOXJ2	9.61194590150762	5.82610295555706e-58	False	((1.1666666666666667, -0.5256157635467981), array([0.80829192, 0.22933349]))	False
APOLD1	ENHA_USF2;FOXJ2	10.8311539767473	1.76678950734253e-64	False	((1.1666666666666667, 0.9049261083743843), array([0.80829192, 0.22933349]))	False
APOLD1	ENHA_NFYC;FOXJ2	6.35832256975342	4.39373831428856e-42	False	((1.1666666666666667, 0.12463054187192135), array([0.80829192, 0.22933349]))	False
APOLD1	ENHA_ZNF148;FOXJ2	25.506365536456	4.47683100807939e-64	False	((1.1, 1.0458128078817737), array([0.80829192, 0.22933349]))	False
APOLD1	ENHA_NR3C1;FOXJ2	11.4295247998663	7.58527772635117e-71	False	((1.1666666666666667, 0.18965517241379315), array([0.80829192, 0.22933349]))	False
APOLD1	ENHA_ZNF148;FOXJ2	25.506365536456	4.47683100807939e-64	False	((1.1, 1.0458128078817737), array([0.80829192, 0.22933349]))	False
APOLD1	ENHA_NFYC;FOXJ2	6.35832256975342	4.39373831428856e-42	False	((1.1666666666666667, 0.12463054187192135), array([0.80829192, 0.22933349]))	False
APOLD1	ENHA_POU2F2;FOXJ2	6.13621323129544	1.7502488163367502e-44	False	((1.1, 0.29802955665024644), array([0.80829192, 0.22933349]))	False
APOLD1	ENHA_NR3C1;FOXJ2	11.4295247998663	7.58527772635117e-71	False	((1.1666666666666667, 0.18965517241379315), array([0.80829192, 0.22933349]))	False
APOLD1	ENHA_GABPA;FOXJ2	22.1685839668917	8.053835185172309e-69	False	((1.1666666666666667, -0.6231527093596059), array([0.80829192, 0.22933349]))	False
APOLD1	ENHA_POU2F2;FOXJ2	6.13621323129544	1.7502488163367502e-44	False	((1.1, 0.29802955665024644), array([0.80829192, 0.22933349]))	False
APOLD1	ENHA_RFX3;FOXJ2	8.36246731975799	7.53828297541665e-59	False	((1.1333333333333335, 0.4064039408866995), array([0.80829192, 0.22933349]))	False
APOLD1	ENHA_RFX1;FOXJ2	8.35665470965181	1.87418648807521e-59	False	((1.1, 0.39556650246305436), array([0.80829192, 0.22933349]))	False
APOLD1	ENHA_POU2F2;FOXJ2	6.13621323129544	1.7502488163367502e-44	False	((1.1, 0.29802955665024644), array([0.80829192, 0.22933349]))	False
APOLD1	FOXJ2;PROM_NRF1	3.34267768365317	2.1255705417153601e-19	False	(array([0.80829192, 0.22933349]), (-1.1, 0.047826086956521685))	False
APOLD1	ENHA_TP53;PROM_ZNF148	14.043304442996	3.47336630293162e-85	False	((1.1666666666666667, 0.8724137931034484), (-1.1333333333333335, 1.0043478260869567))	False
APOLD1	ENHA_TP53;PROM_ZNF148	14.043304442996	3.47336630293162e-85	False	((1.1666666666666667, 0.8724137931034484), (-1.1333333333333335, 1.0043478260869567))	False
APOLD1	ENHA_TP53;PROM_ZNF148	14.043304442996	3.47336630293162e-85	False	((1.1666666666666667, 0.8724137931034484), (-1.1333333333333335, 1.0043478260869567))	False
APOLD1	ENHA_TP53;PROM_ZNF148	14.043304442996	3.47336630293162e-85	False	((1.1666666666666667, 0.8724137931034484), (-1.1333333333333335, 1.0043478260869567))	False
APOLD1	ENHA_TP53;PROM_ZNF148	14.043304442996	3.47336630293162e-85	False	((1.1666666666666667, 0.8724137931034484), (-1.1333333333333335, 1.0043478260869567))	False
APOLD1	ACTR5;PROM_ZNF148	37.111682734152	2.04643346595886e-58	False	(array([ 0.71400928, -0.40572176]), (-1.1333333333333335, 1.0043478260869567))	False
APOLD1	GLRX3;PROM_ZNF148	29.8550766164182	2.3879490272577e-59	False	(array([-0.0927229 ,  0.90702099]), (-1.1333333333333335, 1.0043478260869567))	False
APOLD1	CEP70;PROM_ZNF148	9.16255161613115	1.50334911208867e-63	False	(array([ 0.91479786, -0.44684724]), (-1.1333333333333335, 1.0043478260869567))	False
APOLD1	PROM_ZNF148;SIAH1	39.5525258678638	1.62229514851931e-61	False	((-1.1333333333333335, 1.0043478260869567), array([0.78906913, 0.6523588 ]))	False
APOLD1	HDAC3;PROM_ZNF148	17.2475655316632	6.60536157136146e-29	False	(array([ 0.38389328, -0.07472234]), (-1.1333333333333335, 1.0043478260869567))	False
APOLD1	FOXJ2;PROM_ZNF148	22.4411810632569	2.68146728771781e-37	False	(array([0.80829192, 0.22933349]), (-1.1333333333333335, 1.0043478260869567))	False
APOLD1	ENHA_SP1;TBP	116.19946123702	3.3503724344210103e-39	False	((1.1666666666666667, 0.5798029556650248), array([-0.16997873,  0.22473724]))	False
APOLD1	ENHA_FOS;TBP	8.89628221976784	3.1792966536568398e-62	False	((1.1, -0.7098522167487685), array([-0.16997873,  0.22473724]))	False
APOLD1	ENHA_POU2F2;TBP	5.73615780559208	2.01904891527107e-41	False	((1.1, 0.29802955665024644), array([-0.16997873,  0.22473724]))	False
APOLD1	ENHA_REST;TBP	20.3260723384352	9.42535410861334e-53	False	((1.1666666666666667, 0.384729064039409), array([-0.16997873,  0.22473724]))	False
APOLD1	ENHA_SP1;TBP	116.19946123702	3.3503724344210103e-39	False	((1.1666666666666667, 0.5798029556650248), array([-0.16997873,  0.22473724]))	False
APOLD1	ENHA_FOXK2;TBP	6.77565254783799	1.4599015253416198e-49	False	((1.1666666666666667, -0.6556650246305419), array([-0.16997873,  0.22473724]))	False
APOLD1	ENHA_SP1;TBP	116.19946123702	3.3503724344210103e-39	False	((1.1666666666666667, 0.5798029556650248), array([-0.16997873,  0.22473724]))	False
APOLD1	ENHA_NFYB;TBP	9.88713223315677	2.4619937239615702e-65	False	((1.1333333333333335, 0.11379310344827598), array([-0.16997873,  0.22473724]))	False
APOLD1	ENHA_POU2F1;TBP	4.35118233525884	4.4374909721646695e-28	False	((1.1666666666666667, 0.28719211822660107), array([-0.16997873,  0.22473724]))	False
APOLD1	ENHA_JUN;TBP	6.96303849934175	3.5460195239896e-47	False	((1.1666666666666667, -0.33054187192118223), array([-0.16997873,  0.22473724]))	False
APOLD1	ENHA_NFYB;TBP	9.88713223315677	2.4619937239615702e-65	False	((1.1333333333333335, 0.11379310344827598), array([-0.16997873,  0.22473724]))	False
APOLD1	ENHA_SP1;TBP	116.19946123702	3.3503724344210103e-39	False	((1.1666666666666667, 0.5798029556650248), array([-0.16997873,  0.22473724]))	False
APOLD1	ENHA_MSX1;TBP	6.41563738671665	3.62213007129604e-29	False	((1.1333333333333335, -0.04876847290640396), array([-0.16997873,  0.22473724]))	False
APOLD1	ENHA_POU2F2;TBP	5.73615780559208	2.01904891527107e-41	False	((1.1, 0.29802955665024644), array([-0.16997873,  0.22473724]))	False
APOLD1	ENHA_POU2F1;TBP	4.35118233525884	4.4374909721646695e-28	False	((1.1666666666666667, 0.28719211822660107), array([-0.16997873,  0.22473724]))	False
APOLD1	ENHA_FOXK2;TBP	6.77565254783799	1.4599015253416198e-49	False	((1.1666666666666667, -0.6556650246305419), array([-0.16997873,  0.22473724]))	False
APOLD1	ENHA_SP1;TBP	116.19946123702	3.3503724344210103e-39	False	((1.1666666666666667, 0.5798029556650248), array([-0.16997873,  0.22473724]))	False
APOLD1	ENHA_SP1;TBP	116.19946123702	3.3503724344210103e-39	False	((1.1666666666666667, 0.5798029556650248), array([-0.16997873,  0.22473724]))	False
APOLD1	ENHA_FOXK2;TBP	6.77565254783799	1.4599015253416198e-49	False	((1.1666666666666667, -0.6556650246305419), array([-0.16997873,  0.22473724]))	False
APOLD1	ENHA_POU2F1;TBP	4.35118233525884	4.4374909721646695e-28	False	((1.1666666666666667, 0.28719211822660107), array([-0.16997873,  0.22473724]))	False
APOLD1	ENHA_REST;TBP	20.3260723384352	9.42535410861334e-53	False	((1.1666666666666667, 0.384729064039409), array([-0.16997873,  0.22473724]))	False
APOLD1	ENHA_RBPJ;TBP	13.8761840964194	2.4058736751317902e-73	False	((1.1, 0.36305418719211824), array([-0.16997873,  0.22473724]))	False
APOLD1	ENHA_SP1;TBP	116.19946123702	3.3503724344210103e-39	False	((1.1666666666666667, 0.5798029556650248), array([-0.16997873,  0.22473724]))	False
APOLD1	ENHA_JUN;TBP	6.96303849934175	3.5460195239896e-47	False	((1.1666666666666667, -0.33054187192118223), array([-0.16997873,  0.22473724]))	False
APOLD1	ENHA_REST;TBP	20.3260723384352	9.42535410861334e-53	False	((1.1666666666666667, 0.384729064039409), array([-0.16997873,  0.22473724]))	False
APOLD1	ENHA_SP1;TBP	116.19946123702	3.3503724344210103e-39	False	((1.1666666666666667, 0.5798029556650248), array([-0.16997873,  0.22473724]))	False
APOLD1	ENHA_FOS;TBP	8.89628221976784	3.1792966536568398e-62	False	((1.1, -0.7098522167487685), array([-0.16997873,  0.22473724]))	False
APOLD1	ENHA_POU2F2;TBP	5.73615780559208	2.01904891527107e-41	False	((1.1, 0.29802955665024644), array([-0.16997873,  0.22473724]))	False
APOLD1	ENHA_MAX;TBP	13.3735603324876	1.12227044436849e-66	False	((1.1333333333333335, -0.14630541871921177), array([-0.16997873,  0.22473724]))	False
APOLD1	ENHA_NFYB;TBP	9.88713223315677	2.4619937239615702e-65	False	((1.1333333333333335, 0.11379310344827598), array([-0.16997873,  0.22473724]))	False
APOLD1	ENHA_MAX;TBP	13.3735603324876	1.12227044436849e-66	False	((1.1333333333333335, -0.14630541871921177), array([-0.16997873,  0.22473724]))	False
APOLD1	ENHA_SP1;TBP	116.19946123702	3.3503724344210103e-39	False	((1.1666666666666667, 0.5798029556650248), array([-0.16997873,  0.22473724]))	False
APOLD1	ENHA_MAX;TBP	13.3735603324876	1.12227044436849e-66	False	((1.1333333333333335, -0.14630541871921177), array([-0.16997873,  0.22473724]))	False
APOLD1	ENHA_POU2F2;TBP	5.73615780559208	2.01904891527107e-41	False	((1.1, 0.29802955665024644), array([-0.16997873,  0.22473724]))	False
APOLD1	ENHA_RBPJ;TBP	13.8761840964194	2.4058736751317902e-73	False	((1.1, 0.36305418719211824), array([-0.16997873,  0.22473724]))	False
APOLD1	ENHA_RBPJ;TBP	13.8761840964194	2.4058736751317902e-73	False	((1.1, 0.36305418719211824), array([-0.16997873,  0.22473724]))	False
APOLD1	ENHA_NFYB;TBP	9.88713223315677	2.4619937239615702e-65	False	((1.1333333333333335, 0.11379310344827598), array([-0.16997873,  0.22473724]))	False
APOLD1	ENHA_MAX;TBP	13.3735603324876	1.12227044436849e-66	False	((1.1333333333333335, -0.14630541871921177), array([-0.16997873,  0.22473724]))	False
APOLD1	ENHA_REST;TBP	20.3260723384352	9.42535410861334e-53	False	((1.1666666666666667, 0.384729064039409), array([-0.16997873,  0.22473724]))	False
APOLD1	ENHA_SP1;TBP	116.19946123702	3.3503724344210103e-39	False	((1.1666666666666667, 0.5798029556650248), array([-0.16997873,  0.22473724]))	False
APOLD1	ENHA_MAX;TBP	13.3735603324876	1.12227044436849e-66	False	((1.1333333333333335, -0.14630541871921177), array([-0.16997873,  0.22473724]))	False
APOLD1	ENHA_REST;TBP	20.3260723384352	9.42535410861334e-53	False	((1.1666666666666667, 0.384729064039409), array([-0.16997873,  0.22473724]))	False
APOLD1	ENHA_SP1;TBP	116.19946123702	3.3503724344210103e-39	False	((1.1666666666666667, 0.5798029556650248), array([-0.16997873,  0.22473724]))	False
APOLD1	ENHA_POU2F2;TBP	5.73615780559208	2.01904891527107e-41	False	((1.1, 0.29802955665024644), array([-0.16997873,  0.22473724]))	False
APOLD1	ENHA_SP1;TBP	116.19946123702	3.3503724344210103e-39	False	((1.1666666666666667, 0.5798029556650248), array([-0.16997873,  0.22473724]))	False
APOLD1	ENHA_MSX1;TBP	6.41563738671665	3.62213007129604e-29	False	((1.1333333333333335, -0.04876847290640396), array([-0.16997873,  0.22473724]))	False
APOLD1	ENHA_MAX;TBP	13.3735603324876	1.12227044436849e-66	False	((1.1333333333333335, -0.14630541871921177), array([-0.16997873,  0.22473724]))	False
APOLD1	ENHA_POU2F2;TBP	5.73615780559208	2.01904891527107e-41	False	((1.1, 0.29802955665024644), array([-0.16997873,  0.22473724]))	False
APOLD1	ENHA_RBPJ;TBP	13.8761840964194	2.4058736751317902e-73	False	((1.1, 0.36305418719211824), array([-0.16997873,  0.22473724]))	False
APOLD1	ENHA_REST;TBP	20.3260723384352	9.42535410861334e-53	False	((1.1666666666666667, 0.384729064039409), array([-0.16997873,  0.22473724]))	False
APOLD1	ENHA_MAX;TBP	13.3735603324876	1.12227044436849e-66	False	((1.1333333333333335, -0.14630541871921177), array([-0.16997873,  0.22473724]))	False
APOLD1	ENHA_JUN;TBP	6.96303849934175	3.5460195239896e-47	False	((1.1666666666666667, -0.33054187192118223), array([-0.16997873,  0.22473724]))	False
APOLD1	ENHA_NFYB;TBP	9.88713223315677	2.4619937239615702e-65	False	((1.1333333333333335, 0.11379310344827598), array([-0.16997873,  0.22473724]))	False
APOLD1	ENHA_MAX;TBP	13.3735603324876	1.12227044436849e-66	False	((1.1333333333333335, -0.14630541871921177), array([-0.16997873,  0.22473724]))	False
APOLD1	ENHA_SP1;TBP	116.19946123702	3.3503724344210103e-39	False	((1.1666666666666667, 0.5798029556650248), array([-0.16997873,  0.22473724]))	False
APOLD1	ENHA_RBPJ;TBP	13.8761840964194	2.4058736751317902e-73	False	((1.1, 0.36305418719211824), array([-0.16997873,  0.22473724]))	False
APOLD1	ENHA_NFYB;TBP	9.88713223315677	2.4619937239615702e-65	False	((1.1333333333333335, 0.11379310344827598), array([-0.16997873,  0.22473724]))	False
APOLD1	ENHA_FOS;TBP	8.89628221976784	3.1792966536568398e-62	False	((1.1, -0.7098522167487685), array([-0.16997873,  0.22473724]))	False
APOLD1	ENHA_SP1;TBP	116.19946123702	3.3503724344210103e-39	False	((1.1666666666666667, 0.5798029556650248), array([-0.16997873,  0.22473724]))	False
APOLD1	ENHA_MAX;TBP	13.3735603324876	1.12227044436849e-66	False	((1.1333333333333335, -0.14630541871921177), array([-0.16997873,  0.22473724]))	False
APOLD1	ENHA_SP1;TBP	116.19946123702	3.3503724344210103e-39	False	((1.1666666666666667, 0.5798029556650248), array([-0.16997873,  0.22473724]))	False
APOLD1	ENHA_RBPJ;TBP	13.8761840964194	2.4058736751317902e-73	False	((1.1, 0.36305418719211824), array([-0.16997873,  0.22473724]))	False
APOLD1	ENHA_SP1;TBP	116.19946123702	3.3503724344210103e-39	False	((1.1666666666666667, 0.5798029556650248), array([-0.16997873,  0.22473724]))	False
APOLD1	ENHA_MAX;TBP	13.3735603324876	1.12227044436849e-66	False	((1.1333333333333335, -0.14630541871921177), array([-0.16997873,  0.22473724]))	False
APOLD1	ENHA_REST;TBP	20.3260723384352	9.42535410861334e-53	False	((1.1666666666666667, 0.384729064039409), array([-0.16997873,  0.22473724]))	False
APOLD1	ENHA_NFYB;TBP	9.88713223315677	2.4619937239615702e-65	False	((1.1333333333333335, 0.11379310344827598), array([-0.16997873,  0.22473724]))	False
APOLD1	ENHA_POU2F2;TBP	5.73615780559208	2.01904891527107e-41	False	((1.1, 0.29802955665024644), array([-0.16997873,  0.22473724]))	False
APOLD1	ENHA_RBPJ;TBP	13.8761840964194	2.4058736751317902e-73	False	((1.1, 0.36305418719211824), array([-0.16997873,  0.22473724]))	False
APOLD1	ENHA_FOXK2;TBP	6.77565254783799	1.4599015253416198e-49	False	((1.1666666666666667, -0.6556650246305419), array([-0.16997873,  0.22473724]))	False
APOLD1	ENHA_SP1;TBP	116.19946123702	3.3503724344210103e-39	False	((1.1666666666666667, 0.5798029556650248), array([-0.16997873,  0.22473724]))	False
APOLD1	ENHA_POU2F2;TBP	5.73615780559208	2.01904891527107e-41	False	((1.1, 0.29802955665024644), array([-0.16997873,  0.22473724]))	False
APOLD1	ENHA_POU2F2;TBP	5.73615780559208	2.01904891527107e-41	False	((1.1, 0.29802955665024644), array([-0.16997873,  0.22473724]))	False
APOLD1	PROM_SP1;TBP	83.4082437500089	4.1994326202738597e-29	False	((-1.1333333333333335, 0.14347826086956506), array([-0.16997873,  0.22473724]))	False
APOLD1	ENHA_PPARG;PROM_KLF4	7.4909488732523	1.3276713387869802e-47	False	((1.1666666666666667, 0.31970443349753697), (-1.1666666666666667, -0.6217391304347827))	False
APOLD1	ENHA_SP1;PROM_KLF4	15.5403179741382	4.78237062548469e-68	False	((1.1666666666666667, 0.5798029556650248), (-1.1666666666666667, -0.6217391304347827))	False
APOLD1	ENHA_SP1;PROM_KLF4	15.5403179741382	4.78237062548469e-68	False	((1.1666666666666667, 0.5798029556650248), (-1.1666666666666667, -0.6217391304347827))	False
APOLD1	ENHA_SP1;PROM_KLF4	15.5403179741382	4.78237062548469e-68	False	((1.1666666666666667, 0.5798029556650248), (-1.1666666666666667, -0.6217391304347827))	False
APOLD1	ENHA_SP1;PROM_KLF4	15.5403179741382	4.78237062548469e-68	False	((1.1666666666666667, 0.5798029556650248), (-1.1666666666666667, -0.6217391304347827))	False
APOLD1	ENHA_SP1;PROM_KLF4	15.5403179741382	4.78237062548469e-68	False	((1.1666666666666667, 0.5798029556650248), (-1.1666666666666667, -0.6217391304347827))	False
APOLD1	ENHA_SP1;PROM_KLF4	15.5403179741382	4.78237062548469e-68	False	((1.1666666666666667, 0.5798029556650248), (-1.1666666666666667, -0.6217391304347827))	False
APOLD1	HUWE1;PROM_KLF4	17.1831383101174	1.023967573764e-65	False	(array([0.13038065, 0.89683721]), (-1.1666666666666667, -0.6217391304347827))	False
APOLD1	ENHA_SP1;PROM_KLF4	15.5403179741382	4.78237062548469e-68	False	((1.1666666666666667, 0.5798029556650248), (-1.1666666666666667, -0.6217391304347827))	False
APOLD1	ENHA_PPARG;PROM_KLF4	7.4909488732523	1.3276713387869802e-47	False	((1.1666666666666667, 0.31970443349753697), (-1.1666666666666667, -0.6217391304347827))	False
APOLD1	ENHA_SP1;PROM_KLF4	15.5403179741382	4.78237062548469e-68	False	((1.1666666666666667, 0.5798029556650248), (-1.1666666666666667, -0.6217391304347827))	False
APOLD1	CTBP1;PROM_KLF4	7.73945978993983	9.72487003829251e-30	False	(array([-0.66781985, -0.27980151]), (-1.1666666666666667, -0.6217391304347827))	False
APOLD1	AURKA;PROM_KLF4	8.40300320242827	9.39705685730193e-33	False	(array([-0.46994874,  0.8319294 ]), (-1.1666666666666667, -0.6217391304347827))	False
APOLD1	KAT5;PROM_KLF4	7.51421873176496	7.68771770500725e-29	False	(array([ 0.0659003 , -0.17472338]), (-1.1666666666666667, -0.6217391304347827))	False
APOLD1	PROM_KLF4;VHL	15.536141277887	2.4718141370631e-60	False	((-1.1666666666666667, -0.6217391304347827), array([0.06154469, 0.54458548]))	False
APOLD1	PPARG;PROM_KLF4	8.23417339386521	3.71278296165947e-33	False	(array([0.305161  , 0.17474763]), (-1.1666666666666667, -0.6217391304347827))	False
APOLD1	HDAC2;PROM_KLF4	7.21638436353158	1.89022906870573e-27	False	(array([0.10585084, 0.25570152]), (-1.1666666666666667, -0.6217391304347827))	False
APOLD1	CREBBP;PROM_KLF4	6.96479293805897	2.42050428885692e-26	False	(array([-0.05808715, -0.07147515]), (-1.1666666666666667, -0.6217391304347827))	False
APOLD1	ENHA_TWIST1;TP53	5.04325838441982	2.7161892961281797e-36	False	((1.1333333333333335, 0.8940886699507391), array([0.00967214, 0.11116519]))	False
APOLD1	ENHA_YY1;TP53	5.91371094529603	4.18433610408518e-43	False	((1.1666666666666667, 0.9374384236453204), array([0.00967214, 0.11116519]))	False
APOLD1	ENHA_CREB1;TP53	10.2185147177393	8.760552868690219e-62	False	((1.1, -0.9374384236453203), array([0.00967214, 0.11116519]))	False
APOLD1	ENHA_STAT1;TP53	6.15145428737812	6.518406640154849e-36	False	((1.1333333333333335, 0.6665024630541874), array([0.00967214, 0.11116519]))	False
APOLD1	ENHA_SP1;TP53	3.9593077825087	1.1396597328904901e-14	False	((1.1666666666666667, 0.5798029556650248), array([0.00967214, 0.11116519]))	False
APOLD1	ENHA_NR4A1;TP53	4.69305100478382	1.10764799728129e-33	False	((1.1333333333333335, 0.2113300492610839), array([0.00967214, 0.11116519]))	False
APOLD1	ENHA_ZNF148;TP53	7.16996188726679	1.27746173236609e-39	False	((1.1, 1.0458128078817737), array([0.00967214, 0.11116519]))	False
APOLD1	ENHA_ZNF24;TP53	5.96128748318468	9.13030826373064e-44	False	((1.1333333333333335, 1.056650246305419), array([0.00967214, 0.11116519]))	False
APOLD1	ENHA_TCF4;TP53	6.04067546704011	4.520323466809061e-31	False	((1.1666666666666667, 0.7098522167487686), array([0.00967214, 0.11116519]))	False
APOLD1	ENHA_STAT1;TP53	6.15145428737812	6.518406640154849e-36	False	((1.1333333333333335, 0.6665024630541874), array([0.00967214, 0.11116519]))	False
APOLD1	ENHA_SP1;TP53	3.9593077825087	1.1396597328904901e-14	False	((1.1666666666666667, 0.5798029556650248), array([0.00967214, 0.11116519]))	False
APOLD1	ENHA_ZNF148;TP53	7.16996188726679	1.27746173236609e-39	False	((1.1, 1.0458128078817737), array([0.00967214, 0.11116519]))	False
APOLD1	ENHA_FOXK1;TP53	4.69727199542278	6.2095604928553105e-31	False	((1.1333333333333335, -0.6665024630541873), array([0.00967214, 0.11116519]))	False
APOLD1	ENHA_FOXO3;TP53	5.19679521670998	4.15233344809218e-37	False	((1.1, -0.6448275862068966), array([0.00967214, 0.11116519]))	False
APOLD1	ENHA_SNAI1;TP53	6.34228323063403	1.17666118896526e-40	False	((1.1666666666666667, 0.5147783251231528), array([0.00967214, 0.11116519]))	False
APOLD1	ENHA_EGR1;TP53	6.11286315013987	1.29423069012109e-32	False	((1.1, -0.8399014778325123), array([0.00967214, 0.11116519]))	False
APOLD1	ENHA_FOXK2;TP53	5.22991630633645	4.90164326544138e-37	False	((1.1666666666666667, -0.6556650246305419), array([0.00967214, 0.11116519]))	False
APOLD1	ENHA_SP1;TP53	3.9593077825087	1.1396597328904901e-14	False	((1.1666666666666667, 0.5798029556650248), array([0.00967214, 0.11116519]))	False
APOLD1	ENHA_ZNF148;TP53	7.16996188726679	1.27746173236609e-39	False	((1.1, 1.0458128078817737), array([0.00967214, 0.11116519]))	False
APOLD1	ENHA_NFYA;TP53	7.10910609423149	7.52852218074433e-52	False	((1.1, 0.1029556650246306), array([0.00967214, 0.11116519]))	False
APOLD1	ENHA_NFYB;TP53	6.11660899485303	6.51721998821121e-45	False	((1.1333333333333335, 0.11379310344827598), array([0.00967214, 0.11116519]))	False
APOLD1	ENHA_STAT1;TP53	6.15145428737812	6.518406640154849e-36	False	((1.1333333333333335, 0.6665024630541874), array([0.00967214, 0.11116519]))	False
APOLD1	ENHA_SNAI1;TP53	6.34228323063403	1.17666118896526e-40	False	((1.1666666666666667, 0.5147783251231528), array([0.00967214, 0.11116519]))	False
APOLD1	ENHA_BACH1;TP53	4.85453706819309	7.92024848963651e-35	False	((1.1, -1.034975369458128), array([0.00967214, 0.11116519]))	False
APOLD1	ENHA_NFYB;TP53	6.11660899485303	6.51721998821121e-45	False	((1.1333333333333335, 0.11379310344827598), array([0.00967214, 0.11116519]))	False
APOLD1	ENHA_TCF4;TP53	6.04067546704011	4.520323466809061e-31	False	((1.1666666666666667, 0.7098522167487686), array([0.00967214, 0.11116519]))	False
APOLD1	ENHA_TFAP2A;TP53	5.88344915283422	9.02336008127167e-27	False	((1.1333333333333335, 0.7640394088669953), array([0.00967214, 0.11116519]))	False
APOLD1	ENHA_STAT1;TP53	6.15145428737812	6.518406640154849e-36	False	((1.1333333333333335, 0.6665024630541874), array([0.00967214, 0.11116519]))	False
APOLD1	ENHA_ZBTB7A;TP53	5.41189120395936	3.46373784199294e-39	False	((1.1, 0.9807881773399019), array([0.00967214, 0.11116519]))	False
APOLD1	ENHA_SP1;TP53	3.9593077825087	1.1396597328904901e-14	False	((1.1666666666666667, 0.5798029556650248), array([0.00967214, 0.11116519]))	False
APOLD1	ENHA_TWIST1;TP53	5.04325838441982	2.7161892961281797e-36	False	((1.1333333333333335, 0.8940886699507391), array([0.00967214, 0.11116519]))	False
APOLD1	ENHA_FOXK1;TP53	4.69727199542278	6.2095604928553105e-31	False	((1.1333333333333335, -0.6665024630541873), array([0.00967214, 0.11116519]))	False
APOLD1	ENHA_BHLHE40;TP53	3.82191802744136	2.95210628437503e-20	False	((1.1, -1.0024630541871922), array([0.00967214, 0.11116519]))	False
APOLD1	ENHA_BACH1;TP53	4.85453706819309	7.92024848963651e-35	False	((1.1, -1.034975369458128), array([0.00967214, 0.11116519]))	False
APOLD1	ENHA_TFAP2C;TP53	6.21163549434043	4.3691844560574603e-38	False	((1.1666666666666667, 0.7748768472906404), array([0.00967214, 0.11116519]))	False
APOLD1	ENHA_ZNF24;TP53	5.96128748318468	9.13030826373064e-44	False	((1.1333333333333335, 1.056650246305419), array([0.00967214, 0.11116519]))	False
APOLD1	ENHA_SNAI1;TP53	6.34228323063403	1.17666118896526e-40	False	((1.1666666666666667, 0.5147783251231528), array([0.00967214, 0.11116519]))	False
APOLD1	ENHA_EGR1;TP53	6.11286315013987	1.29423069012109e-32	False	((1.1, -0.8399014778325123), array([0.00967214, 0.11116519]))	False
APOLD1	ENHA_STAT1;TP53	6.15145428737812	6.518406640154849e-36	False	((1.1333333333333335, 0.6665024630541874), array([0.00967214, 0.11116519]))	False
APOLD1	ENHA_SP1;TP53	3.9593077825087	1.1396597328904901e-14	False	((1.1666666666666667, 0.5798029556650248), array([0.00967214, 0.11116519]))	False
APOLD1	ENHA_FOXK1;TP53	4.69727199542278	6.2095604928553105e-31	False	((1.1333333333333335, -0.6665024630541873), array([0.00967214, 0.11116519]))	False
APOLD1	ENHA_SNAI1;TP53	6.34228323063403	1.17666118896526e-40	False	((1.1666666666666667, 0.5147783251231528), array([0.00967214, 0.11116519]))	False
APOLD1	ENHA_NR3C1;TP53	6.20612533974955	1.98389764177907e-45	False	((1.1666666666666667, 0.18965517241379315), array([0.00967214, 0.11116519]))	False
APOLD1	ENHA_SREBF2;TP53	6.63146473306413	1.47298636942525e-48	False	((1.1666666666666667, 0.6448275862068966), array([0.00967214, 0.11116519]))	False
APOLD1	ENHA_FOXK2;TP53	5.22991630633645	4.90164326544138e-37	False	((1.1666666666666667, -0.6556650246305419), array([0.00967214, 0.11116519]))	False
APOLD1	ENHA_NR4A1;TP53	4.69305100478382	1.10764799728129e-33	False	((1.1333333333333335, 0.2113300492610839), array([0.00967214, 0.11116519]))	False
APOLD1	ENHA_TWIST1;TP53	5.04325838441982	2.7161892961281797e-36	False	((1.1333333333333335, 0.8940886699507391), array([0.00967214, 0.11116519]))	False
APOLD1	ENHA_BHLHE40;TP53	3.82191802744136	2.95210628437503e-20	False	((1.1, -1.0024630541871922), array([0.00967214, 0.11116519]))	False
APOLD1	ENHA_RBPJ;TP53	7.09051837735177	1.61543298901306e-50	False	((1.1, 0.36305418719211824), array([0.00967214, 0.11116519]))	False
APOLD1	ENHA_VDR;TP53	6.2101598243313	1.43578394944614e-45	False	((1.1, 0.9157635467980296), array([0.00967214, 0.11116519]))	False
APOLD1	ENHA_TCF4;TP53	6.04067546704011	4.520323466809061e-31	False	((1.1666666666666667, 0.7098522167487686), array([0.00967214, 0.11116519]))	False
APOLD1	ENHA_TFAP2A;TP53	5.88344915283422	9.02336008127167e-27	False	((1.1333333333333335, 0.7640394088669953), array([0.00967214, 0.11116519]))	False
APOLD1	ENHA_SP1;TP53	3.9593077825087	1.1396597328904901e-14	False	((1.1666666666666667, 0.5798029556650248), array([0.00967214, 0.11116519]))	False
APOLD1	ENHA_SNAI1;TP53	6.34228323063403	1.17666118896526e-40	False	((1.1666666666666667, 0.5147783251231528), array([0.00967214, 0.11116519]))	False
APOLD1	ENHA_VDR;TP53	6.2101598243313	1.43578394944614e-45	False	((1.1, 0.9157635467980296), array([0.00967214, 0.11116519]))	False
APOLD1	ENHA_TCF4;TP53	6.04067546704011	4.520323466809061e-31	False	((1.1666666666666667, 0.7098522167487686), array([0.00967214, 0.11116519]))	False
APOLD1	ENHA_TFAP2A;TP53	5.88344915283422	9.02336008127167e-27	False	((1.1333333333333335, 0.7640394088669953), array([0.00967214, 0.11116519]))	False
APOLD1	ENHA_SP1;TP53	3.9593077825087	1.1396597328904901e-14	False	((1.1666666666666667, 0.5798029556650248), array([0.00967214, 0.11116519]))	False
APOLD1	ENHA_ZBTB7A;TP53	5.41189120395936	3.46373784199294e-39	False	((1.1, 0.9807881773399019), array([0.00967214, 0.11116519]))	False
APOLD1	ENHA_HIF1A;TP53	4.92847657488787	8.03009052770734e-26	False	((1.1, -0.5147783251231527), array([0.00967214, 0.11116519]))	False
APOLD1	ENHA_BHLHE40;TP53	3.82191802744136	2.95210628437503e-20	False	((1.1, -1.0024630541871922), array([0.00967214, 0.11116519]))	False
APOLD1	ENHA_NFYB;TP53	6.11660899485303	6.51721998821121e-45	False	((1.1333333333333335, 0.11379310344827598), array([0.00967214, 0.11116519]))	False
APOLD1	ENHA_TFAP2A;TP53	5.88344915283422	9.02336008127167e-27	False	((1.1333333333333335, 0.7640394088669953), array([0.00967214, 0.11116519]))	False
APOLD1	ENHA_CEBPB;TP53	5.44302394916293	1.3885511947995e-37	False	((1.1, -0.9699507389162563), array([0.00967214, 0.11116519]))	False
APOLD1	ENHA_MYC;TP53	5.04331301588514	1.08124903719201e-34	False	((1.1666666666666667, -0.005418719211822687), array([0.00967214, 0.11116519]))	False
APOLD1	ENHA_ZNF148;TP53	7.16996188726679	1.27746173236609e-39	False	((1.1, 1.0458128078817737), array([0.00967214, 0.11116519]))	False
APOLD1	ENHA_EGR1;TP53	6.11286315013987	1.29423069012109e-32	False	((1.1, -0.8399014778325123), array([0.00967214, 0.11116519]))	False
APOLD1	ENHA_SP1;TP53	3.9593077825087	1.1396597328904901e-14	False	((1.1666666666666667, 0.5798029556650248), array([0.00967214, 0.11116519]))	False
APOLD1	ENHA_TCF4;TP53	6.04067546704011	4.520323466809061e-31	False	((1.1666666666666667, 0.7098522167487686), array([0.00967214, 0.11116519]))	False
APOLD1	ENHA_TWIST1;TP53	5.04325838441982	2.7161892961281797e-36	False	((1.1333333333333335, 0.8940886699507391), array([0.00967214, 0.11116519]))	False
APOLD1	ENHA_FOXO3;TP53	5.19679521670998	4.15233344809218e-37	False	((1.1, -0.6448275862068966), array([0.00967214, 0.11116519]))	False
APOLD1	ENHA_RBPJ;TP53	7.09051837735177	1.61543298901306e-50	False	((1.1, 0.36305418719211824), array([0.00967214, 0.11116519]))	False
APOLD1	ENHA_TFAP2C;TP53	6.21163549434043	4.3691844560574603e-38	False	((1.1666666666666667, 0.7748768472906404), array([0.00967214, 0.11116519]))	False
APOLD1	ENHA_EGR1;TP53	6.11286315013987	1.29423069012109e-32	False	((1.1, -0.8399014778325123), array([0.00967214, 0.11116519]))	False
APOLD1	ENHA_ZNF24;TP53	5.96128748318468	9.13030826373064e-44	False	((1.1333333333333335, 1.056650246305419), array([0.00967214, 0.11116519]))	False
APOLD1	ENHA_TFAP2A;TP53	5.88344915283422	9.02336008127167e-27	False	((1.1333333333333335, 0.7640394088669953), array([0.00967214, 0.11116519]))	False
APOLD1	ENHA_NR3C1;TP53	6.20612533974955	1.98389764177907e-45	False	((1.1666666666666667, 0.18965517241379315), array([0.00967214, 0.11116519]))	False
APOLD1	ENHA_RBPJ;TP53	7.09051837735177	1.61543298901306e-50	False	((1.1, 0.36305418719211824), array([0.00967214, 0.11116519]))	False
APOLD1	ENHA_SOX4;TP53	6.33869750662255	7.66352369682062e-45	False	((1.1, 0.5581280788177341), array([0.00967214, 0.11116519]))	False
APOLD1	ENHA_TFAP2A;TP53	5.88344915283422	9.02336008127167e-27	False	((1.1333333333333335, 0.7640394088669953), array([0.00967214, 0.11116519]))	False
APOLD1	ENHA_NFYB;TP53	6.11660899485303	6.51721998821121e-45	False	((1.1333333333333335, 0.11379310344827598), array([0.00967214, 0.11116519]))	False
APOLD1	ENHA_VDR;TP53	6.2101598243313	1.43578394944614e-45	False	((1.1, 0.9157635467980296), array([0.00967214, 0.11116519]))	False
APOLD1	ENHA_TWIST1;TP53	5.04325838441982	2.7161892961281797e-36	False	((1.1333333333333335, 0.8940886699507391), array([0.00967214, 0.11116519]))	False
APOLD1	ENHA_HIF1A;TP53	4.92847657488787	8.03009052770734e-26	False	((1.1, -0.5147783251231527), array([0.00967214, 0.11116519]))	False
APOLD1	ENHA_BHLHE40;TP53	3.82191802744136	2.95210628437503e-20	False	((1.1, -1.0024630541871922), array([0.00967214, 0.11116519]))	False
APOLD1	ENHA_SNAI1;TP53	6.34228323063403	1.17666118896526e-40	False	((1.1666666666666667, 0.5147783251231528), array([0.00967214, 0.11116519]))	False
APOLD1	ENHA_YY1;TP53	5.91371094529603	4.18433610408518e-43	False	((1.1666666666666667, 0.9374384236453204), array([0.00967214, 0.11116519]))	False
APOLD1	ENHA_TFAP2A;TP53	5.88344915283422	9.02336008127167e-27	False	((1.1333333333333335, 0.7640394088669953), array([0.00967214, 0.11116519]))	False
APOLD1	ENHA_CEBPB;TP53	5.44302394916293	1.3885511947995e-37	False	((1.1, -0.9699507389162563), array([0.00967214, 0.11116519]))	False
APOLD1	ENHA_SP1;TP53	3.9593077825087	1.1396597328904901e-14	False	((1.1666666666666667, 0.5798029556650248), array([0.00967214, 0.11116519]))	False
APOLD1	ENHA_MYC;TP53	5.04331301588514	1.08124903719201e-34	False	((1.1666666666666667, -0.005418719211822687), array([0.00967214, 0.11116519]))	False
APOLD1	ENHA_SOX4;TP53	6.33869750662255	7.66352369682062e-45	False	((1.1, 0.5581280788177341), array([0.00967214, 0.11116519]))	False
APOLD1	ENHA_TFAP2C;TP53	6.21163549434043	4.3691844560574603e-38	False	((1.1666666666666667, 0.7748768472906404), array([0.00967214, 0.11116519]))	False
APOLD1	ENHA_TFAP2A;TP53	5.88344915283422	9.02336008127167e-27	False	((1.1333333333333335, 0.7640394088669953), array([0.00967214, 0.11116519]))	False
APOLD1	ENHA_SP1;TP53	3.9593077825087	1.1396597328904901e-14	False	((1.1666666666666667, 0.5798029556650248), array([0.00967214, 0.11116519]))	False
APOLD1	ENHA_EGR1;TP53	6.11286315013987	1.29423069012109e-32	False	((1.1, -0.8399014778325123), array([0.00967214, 0.11116519]))	False
APOLD1	ENHA_TCF4;TP53	6.04067546704011	4.520323466809061e-31	False	((1.1666666666666667, 0.7098522167487686), array([0.00967214, 0.11116519]))	False
APOLD1	ENHA_ZNF148;TP53	7.16996188726679	1.27746173236609e-39	False	((1.1, 1.0458128078817737), array([0.00967214, 0.11116519]))	False
APOLD1	ENHA_VDR;TP53	6.2101598243313	1.43578394944614e-45	False	((1.1, 0.9157635467980296), array([0.00967214, 0.11116519]))	False
APOLD1	ENHA_TCF4;TP53	6.04067546704011	4.520323466809061e-31	False	((1.1666666666666667, 0.7098522167487686), array([0.00967214, 0.11116519]))	False
APOLD1	ENHA_STAT1;TP53	6.15145428737812	6.518406640154849e-36	False	((1.1333333333333335, 0.6665024630541874), array([0.00967214, 0.11116519]))	False
APOLD1	ENHA_ZNF148;TP53	7.16996188726679	1.27746173236609e-39	False	((1.1, 1.0458128078817737), array([0.00967214, 0.11116519]))	False
APOLD1	ENHA_SOX4;TP53	6.33869750662255	7.66352369682062e-45	False	((1.1, 0.5581280788177341), array([0.00967214, 0.11116519]))	False
APOLD1	ENHA_EGR1;TP53	6.11286315013987	1.29423069012109e-32	False	((1.1, -0.8399014778325123), array([0.00967214, 0.11116519]))	False
APOLD1	ENHA_RBPJ;TP53	7.09051837735177	1.61543298901306e-50	False	((1.1, 0.36305418719211824), array([0.00967214, 0.11116519]))	False
APOLD1	ENHA_ZNF24;TP53	5.96128748318468	9.13030826373064e-44	False	((1.1333333333333335, 1.056650246305419), array([0.00967214, 0.11116519]))	False
APOLD1	ENHA_YY1;TP53	5.91371094529603	4.18433610408518e-43	False	((1.1666666666666667, 0.9374384236453204), array([0.00967214, 0.11116519]))	False
APOLD1	ENHA_SREBF2;TP53	6.63146473306413	1.47298636942525e-48	False	((1.1666666666666667, 0.6448275862068966), array([0.00967214, 0.11116519]))	False
APOLD1	ENHA_MYC;TP53	5.04331301588514	1.08124903719201e-34	False	((1.1666666666666667, -0.005418719211822687), array([0.00967214, 0.11116519]))	False
APOLD1	ENHA_TCF4;TP53	6.04067546704011	4.520323466809061e-31	False	((1.1666666666666667, 0.7098522167487686), array([0.00967214, 0.11116519]))	False
APOLD1	ENHA_STAT1;TP53	6.15145428737812	6.518406640154849e-36	False	((1.1333333333333335, 0.6665024630541874), array([0.00967214, 0.11116519]))	False
APOLD1	ENHA_NR4A1;TP53	4.69305100478382	1.10764799728129e-33	False	((1.1333333333333335, 0.2113300492610839), array([0.00967214, 0.11116519]))	False
APOLD1	ENHA_FOXK1;TP53	4.69727199542278	6.2095604928553105e-31	False	((1.1333333333333335, -0.6665024630541873), array([0.00967214, 0.11116519]))	False
APOLD1	ENHA_EGR1;TP53	6.11286315013987	1.29423069012109e-32	False	((1.1, -0.8399014778325123), array([0.00967214, 0.11116519]))	False
APOLD1	ENHA_YY1;TP53	5.91371094529603	4.18433610408518e-43	False	((1.1666666666666667, 0.9374384236453204), array([0.00967214, 0.11116519]))	False
APOLD1	ENHA_ATF3;TP53	5.95249295783483	2.7967963752801898e-36	False	((1.1, -1.0674876847290642), array([0.00967214, 0.11116519]))	False
APOLD1	ENHA_CREB1;TP53	10.2185147177393	8.760552868690219e-62	False	((1.1, -0.9374384236453203), array([0.00967214, 0.11116519]))	False
APOLD1	ENHA_NR4A1;TP53	4.69305100478382	1.10764799728129e-33	False	((1.1333333333333335, 0.2113300492610839), array([0.00967214, 0.11116519]))	False
APOLD1	ENHA_HIF1A;TP53	4.92847657488787	8.03009052770734e-26	False	((1.1, -0.5147783251231527), array([0.00967214, 0.11116519]))	False
APOLD1	ENHA_BHLHE40;TP53	3.82191802744136	2.95210628437503e-20	False	((1.1, -1.0024630541871922), array([0.00967214, 0.11116519]))	False
APOLD1	ENHA_BACH1;TP53	4.85453706819309	7.92024848963651e-35	False	((1.1, -1.034975369458128), array([0.00967214, 0.11116519]))	False
APOLD1	ENHA_ZNF24;TP53	5.96128748318468	9.13030826373064e-44	False	((1.1333333333333335, 1.056650246305419), array([0.00967214, 0.11116519]))	False
APOLD1	ENHA_NFYB;TP53	6.11660899485303	6.51721998821121e-45	False	((1.1333333333333335, 0.11379310344827598), array([0.00967214, 0.11116519]))	False
APOLD1	ENHA_TFAP2A;TP53	5.88344915283422	9.02336008127167e-27	False	((1.1333333333333335, 0.7640394088669953), array([0.00967214, 0.11116519]))	False
APOLD1	ENHA_CEBPB;TP53	5.44302394916293	1.3885511947995e-37	False	((1.1, -0.9699507389162563), array([0.00967214, 0.11116519]))	False
APOLD1	ENHA_NR4A1;TP53	4.69305100478382	1.10764799728129e-33	False	((1.1333333333333335, 0.2113300492610839), array([0.00967214, 0.11116519]))	False
APOLD1	ENHA_MYC;TP53	5.04331301588514	1.08124903719201e-34	False	((1.1666666666666667, -0.005418719211822687), array([0.00967214, 0.11116519]))	False
APOLD1	ENHA_NR3C1;TP53	6.20612533974955	1.98389764177907e-45	False	((1.1666666666666667, 0.18965517241379315), array([0.00967214, 0.11116519]))	False
APOLD1	ENHA_CEBPB;TP53	5.44302394916293	1.3885511947995e-37	False	((1.1, -0.9699507389162563), array([0.00967214, 0.11116519]))	False
APOLD1	ENHA_SP1;TP53	3.9593077825087	1.1396597328904901e-14	False	((1.1666666666666667, 0.5798029556650248), array([0.00967214, 0.11116519]))	False
APOLD1	ENHA_NR4A1;TP53	4.69305100478382	1.10764799728129e-33	False	((1.1333333333333335, 0.2113300492610839), array([0.00967214, 0.11116519]))	False
APOLD1	ENHA_TFAP2C;TP53	6.21163549434043	4.3691844560574603e-38	False	((1.1666666666666667, 0.7748768472906404), array([0.00967214, 0.11116519]))	False
APOLD1	ENHA_SNAI1;TP53	6.34228323063403	1.17666118896526e-40	False	((1.1666666666666667, 0.5147783251231528), array([0.00967214, 0.11116519]))	False
APOLD1	ENHA_TCF4;TP53	6.04067546704011	4.520323466809061e-31	False	((1.1666666666666667, 0.7098522167487686), array([0.00967214, 0.11116519]))	False
APOLD1	ENHA_TFAP2A;TP53	5.88344915283422	9.02336008127167e-27	False	((1.1333333333333335, 0.7640394088669953), array([0.00967214, 0.11116519]))	False
APOLD1	ENHA_CREB1;TP53	10.2185147177393	8.760552868690219e-62	False	((1.1, -0.9374384236453203), array([0.00967214, 0.11116519]))	False
APOLD1	ENHA_STAT1;TP53	6.15145428737812	6.518406640154849e-36	False	((1.1333333333333335, 0.6665024630541874), array([0.00967214, 0.11116519]))	False
APOLD1	ENHA_RBPJ;TP53	7.09051837735177	1.61543298901306e-50	False	((1.1, 0.36305418719211824), array([0.00967214, 0.11116519]))	False
APOLD1	ENHA_TCF4;TP53	6.04067546704011	4.520323466809061e-31	False	((1.1666666666666667, 0.7098522167487686), array([0.00967214, 0.11116519]))	False
APOLD1	ENHA_STAT1;TP53	6.15145428737812	6.518406640154849e-36	False	((1.1333333333333335, 0.6665024630541874), array([0.00967214, 0.11116519]))	False
APOLD1	ENHA_SNAI1;TP53	6.34228323063403	1.17666118896526e-40	False	((1.1666666666666667, 0.5147783251231528), array([0.00967214, 0.11116519]))	False
APOLD1	ENHA_NFYA;TP53	7.10910609423149	7.52852218074433e-52	False	((1.1, 0.1029556650246306), array([0.00967214, 0.11116519]))	False
APOLD1	ENHA_BACH1;TP53	4.85453706819309	7.92024848963651e-35	False	((1.1, -1.034975369458128), array([0.00967214, 0.11116519]))	False
APOLD1	ENHA_NFYB;TP53	6.11660899485303	6.51721998821121e-45	False	((1.1333333333333335, 0.11379310344827598), array([0.00967214, 0.11116519]))	False
APOLD1	ENHA_TFAP2C;TP53	6.21163549434043	4.3691844560574603e-38	False	((1.1666666666666667, 0.7748768472906404), array([0.00967214, 0.11116519]))	False
APOLD1	ENHA_EGR1;TP53	6.11286315013987	1.29423069012109e-32	False	((1.1, -0.8399014778325123), array([0.00967214, 0.11116519]))	False
APOLD1	ENHA_TFAP2A;TP53	5.88344915283422	9.02336008127167e-27	False	((1.1333333333333335, 0.7640394088669953), array([0.00967214, 0.11116519]))	False
APOLD1	ENHA_SP1;TP53	3.9593077825087	1.1396597328904901e-14	False	((1.1666666666666667, 0.5798029556650248), array([0.00967214, 0.11116519]))	False
APOLD1	ENHA_ZNF148;TP53	7.16996188726679	1.27746173236609e-39	False	((1.1, 1.0458128078817737), array([0.00967214, 0.11116519]))	False
APOLD1	ENHA_TWIST1;TP53	5.04325838441982	2.7161892961281797e-36	False	((1.1333333333333335, 0.8940886699507391), array([0.00967214, 0.11116519]))	False
APOLD1	ENHA_TFAP2C;TP53	6.21163549434043	4.3691844560574603e-38	False	((1.1666666666666667, 0.7748768472906404), array([0.00967214, 0.11116519]))	False
APOLD1	ENHA_TFDP1;TP53	3.95571154624623	2.18685794404698e-21	False	((1.1666666666666667, 0.8073891625615766), array([0.00967214, 0.11116519]))	False
APOLD1	ENHA_NR3C1;TP53	6.20612533974955	1.98389764177907e-45	False	((1.1666666666666667, 0.18965517241379315), array([0.00967214, 0.11116519]))	False
APOLD1	ENHA_EGR1;TP53	6.11286315013987	1.29423069012109e-32	False	((1.1, -0.8399014778325123), array([0.00967214, 0.11116519]))	False
APOLD1	ENHA_NFYA;TP53	7.10910609423149	7.52852218074433e-52	False	((1.1, 0.1029556650246306), array([0.00967214, 0.11116519]))	False
APOLD1	ENHA_SP1;TP53	3.9593077825087	1.1396597328904901e-14	False	((1.1666666666666667, 0.5798029556650248), array([0.00967214, 0.11116519]))	False
APOLD1	ENHA_TFAP2C;TP53	6.21163549434043	4.3691844560574603e-38	False	((1.1666666666666667, 0.7748768472906404), array([0.00967214, 0.11116519]))	False
APOLD1	ENHA_ZBTB7A;TP53	5.41189120395936	3.46373784199294e-39	False	((1.1, 0.9807881773399019), array([0.00967214, 0.11116519]))	False
APOLD1	ENHA_EGR1;TP53	6.11286315013987	1.29423069012109e-32	False	((1.1, -0.8399014778325123), array([0.00967214, 0.11116519]))	False
APOLD1	ENHA_RBPJ;TP53	7.09051837735177	1.61543298901306e-50	False	((1.1, 0.36305418719211824), array([0.00967214, 0.11116519]))	False
APOLD1	ENHA_TFAP2A;TP53	5.88344915283422	9.02336008127167e-27	False	((1.1333333333333335, 0.7640394088669953), array([0.00967214, 0.11116519]))	False
APOLD1	ENHA_ZNF148;TP53	7.16996188726679	1.27746173236609e-39	False	((1.1, 1.0458128078817737), array([0.00967214, 0.11116519]))	False
APOLD1	ENHA_SOX4;TP53	6.33869750662255	7.66352369682062e-45	False	((1.1, 0.5581280788177341), array([0.00967214, 0.11116519]))	False
APOLD1	ENHA_EGR1;TP53	6.11286315013987	1.29423069012109e-32	False	((1.1, -0.8399014778325123), array([0.00967214, 0.11116519]))	False
APOLD1	ENHA_ZNF24;TP53	5.96128748318468	9.13030826373064e-44	False	((1.1333333333333335, 1.056650246305419), array([0.00967214, 0.11116519]))	False
APOLD1	ENHA_CEBPB;TP53	5.44302394916293	1.3885511947995e-37	False	((1.1, -0.9699507389162563), array([0.00967214, 0.11116519]))	False
APOLD1	ENHA_SP1;TP53	3.9593077825087	1.1396597328904901e-14	False	((1.1666666666666667, 0.5798029556650248), array([0.00967214, 0.11116519]))	False
APOLD1	ENHA_SREBF2;TP53	6.63146473306413	1.47298636942525e-48	False	((1.1666666666666667, 0.6448275862068966), array([0.00967214, 0.11116519]))	False
APOLD1	ENHA_NFYB;TP53	6.11660899485303	6.51721998821121e-45	False	((1.1333333333333335, 0.11379310344827598), array([0.00967214, 0.11116519]))	False
APOLD1	ENHA_TCF4;TP53	6.04067546704011	4.520323466809061e-31	False	((1.1666666666666667, 0.7098522167487686), array([0.00967214, 0.11116519]))	False
APOLD1	ENHA_ZBTB7A;TP53	5.41189120395936	3.46373784199294e-39	False	((1.1, 0.9807881773399019), array([0.00967214, 0.11116519]))	False
APOLD1	ENHA_RBPJ;TP53	7.09051837735177	1.61543298901306e-50	False	((1.1, 0.36305418719211824), array([0.00967214, 0.11116519]))	False
APOLD1	ENHA_FOXK1;TP53	4.69727199542278	6.2095604928553105e-31	False	((1.1333333333333335, -0.6665024630541873), array([0.00967214, 0.11116519]))	False
APOLD1	ENHA_FOXO3;TP53	5.19679521670998	4.15233344809218e-37	False	((1.1, -0.6448275862068966), array([0.00967214, 0.11116519]))	False
APOLD1	ENHA_NR3C1;TP53	6.20612533974955	1.98389764177907e-45	False	((1.1666666666666667, 0.18965517241379315), array([0.00967214, 0.11116519]))	False
APOLD1	ENHA_FOXK2;TP53	5.22991630633645	4.90164326544138e-37	False	((1.1666666666666667, -0.6556650246305419), array([0.00967214, 0.11116519]))	False
APOLD1	ENHA_SP1;TP53	3.9593077825087	1.1396597328904901e-14	False	((1.1666666666666667, 0.5798029556650248), array([0.00967214, 0.11116519]))	False
APOLD1	ENHA_NR4A1;TP53	4.69305100478382	1.10764799728129e-33	False	((1.1333333333333335, 0.2113300492610839), array([0.00967214, 0.11116519]))	False
APOLD1	ENHA_STAT1;TP53	6.15145428737812	6.518406640154849e-36	False	((1.1333333333333335, 0.6665024630541874), array([0.00967214, 0.11116519]))	False
APOLD1	ENHA_NR4A1;TP53	4.69305100478382	1.10764799728129e-33	False	((1.1333333333333335, 0.2113300492610839), array([0.00967214, 0.11116519]))	False
APOLD1	ENHA_TFAP2C;TP53	6.21163549434043	4.3691844560574603e-38	False	((1.1666666666666667, 0.7748768472906404), array([0.00967214, 0.11116519]))	False
APOLD1	ENHA_STAT1;TP53	6.15145428737812	6.518406640154849e-36	False	((1.1333333333333335, 0.6665024630541874), array([0.00967214, 0.11116519]))	False
APOLD1	ENHA_ZNF24;TP53	5.96128748318468	9.13030826373064e-44	False	((1.1333333333333335, 1.056650246305419), array([0.00967214, 0.11116519]))	False
APOLD1	ENHA_NR4A1;TP53	4.69305100478382	1.10764799728129e-33	False	((1.1333333333333335, 0.2113300492610839), array([0.00967214, 0.11116519]))	False
APOLD1	PROM_ZBTB7A;TP53	2.36686077181938	8.73618539699935e-12	False	((-1.1, 0.9086956521739129), array([0.00967214, 0.11116519]))	False
APOLD1	PROM_EGR1;TP53	4.54414932404794	2.35304355899631e-18	False	((-1.1, -1.1), array([0.00967214, 0.11116519]))	False
APOLD1	PROM_SP1;TP53	3.38862198492922	4.7570181581460794e-11	False	((-1.1333333333333335, 0.14347826086956506), array([0.00967214, 0.11116519]))	False
APOLD1	PROM_TFAP2A;TP53	2.6968116948235	3.5302482864661796e-11	False	((-1.1333333333333335, 0.7173913043478262), array([0.00967214, 0.11116519]))	False
APOLD1	PROM_ZNF148;TP53	4.12613800309022	4.13418827164411e-17	False	((-1.1333333333333335, 1.0043478260869567), array([0.00967214, 0.11116519]))	False
APOLD1	ENHA_TP53;PROM_NFYB	3.63621141231318	4.63090486139066e-12	False	((1.1666666666666667, 0.8724137931034484), (-1.1333333333333335, -0.14347826086956528))	False
APOLD1	ENHA_TP53;PROM_NFYB	3.63621141231318	4.63090486139066e-12	False	((1.1666666666666667, 0.8724137931034484), (-1.1333333333333335, -0.14347826086956528))	False
APOLD1	ENHA_MYC;PROM_NFYB	3.0345894209503	4.57950227689617e-06	False	((1.1666666666666667, -0.005418719211822687), (-1.1333333333333335, -0.14347826086956528))	False
APOLD1	ENHA_TP53;PROM_NFYB	3.63621141231318	4.63090486139066e-12	False	((1.1666666666666667, 0.8724137931034484), (-1.1333333333333335, -0.14347826086956528))	False
APOLD1	ENHA_TP53;PROM_NFYB	3.63621141231318	4.63090486139066e-12	False	((1.1666666666666667, 0.8724137931034484), (-1.1333333333333335, -0.14347826086956528))	False
APOLD1	ENHA_TP53;PROM_NFYB	3.63621141231318	4.63090486139066e-12	False	((1.1666666666666667, 0.8724137931034484), (-1.1333333333333335, -0.14347826086956528))	False
APOLD1	ENHA_TP53;PROM_NFYB	3.63621141231318	4.63090486139066e-12	False	((1.1666666666666667, 0.8724137931034484), (-1.1333333333333335, -0.14347826086956528))	False
APOLD1	ENHA_MYC;PROM_NFYB	3.0345894209503	4.57950227689617e-06	False	((1.1666666666666667, -0.005418719211822687), (-1.1333333333333335, -0.14347826086956528))	False
APOLD1	AGTRAP;PROM_NFYB	2.70708702085996	4.2060504902664e-08	False	(array([ 0.72764872, -0.63616234]), (-1.1333333333333335, -0.14347826086956528))	False
APOLD1	PROM_NFYB;SMYD3	3.67396327784136	8.01876621501407e-12	False	((-1.1333333333333335, -0.14347826086956528), array([-0.81884155,  0.45152779]))	False
APOLD1	ENHA_TP53;PROM_NFYB	3.63621141231318	4.63090486139066e-12	False	((1.1666666666666667, 0.8724137931034484), (-1.1333333333333335, -0.14347826086956528))	False
APOLD1	ENHA_NFYA;PROM_NFYB	4.10219881921984	5.71315452075012e-09	False	((1.1, 0.1029556650246306), (-1.1333333333333335, -0.14347826086956528))	False
APOLD1	ENHA_NFYC;PROM_NFYB	4.27278777188355	1.01734557389422e-05	False	((1.1666666666666667, 0.12463054187192135), (-1.1333333333333335, -0.14347826086956528))	False
APOLD1	GRB2;PROM_NFYB	2.71053020538057	1.46621188037561e-08	False	(array([ 0.46954214, -0.0915273 ]), (-1.1333333333333335, -0.14347826086956528))	False
APOLD1	DRAP1;PROM_NFYB	3.31218917932493	9.09561425366458e-08	False	(array([-0.97999293,  0.01226705]), (-1.1333333333333335, -0.14347826086956528))	False
APOLD1	NFYC;PROM_NFYB	1.69683563383479	0.0032747115151507	False	(array([-0.67082362,  0.59519198]), (-1.1333333333333335, -0.14347826086956528))	False
APOLD1	MYC;PROM_NFYB	1.03069978612551	0.855234363480217	False	(array([ 0.39742364, -0.57334348]), (-1.1333333333333335, -0.14347826086956528))	False
APOLD1	NFYA;PROM_NFYB	2.06111076053662	0.0043836043333131	False	(array([-0.98345365, -0.08843877]), (-1.1333333333333335, -0.14347826086956528))	False
APOLD1	PROM_NFYB;TBP	1.35172688731513	0.0535245815889194	False	((-1.1333333333333335, -0.14347826086956528), array([-0.16997873,  0.22473724]))	False
APOLD1	PROM_NFYB;TP53	1.30918255817874	0.102627861892864	False	((-1.1333333333333335, -0.14347826086956528), array([0.00967214, 0.11116519]))	False
APOLD1	ENHA_TWIST1;EP300	5.83265516752251	1.44387703849911e-42	False	((1.1333333333333335, 0.8940886699507391), array([0.10965142, 0.10252094]))	False
APOLD1	ENHA_TCF3;EP300	26.3211028660409	1.93526019331548e-48	False	((1.1333333333333335, 0.6990147783251233), array([0.10965142, 0.10252094]))	False
APOLD1	ENHA_SREBF1;EP300	8.81890037176241	2.6022533089029e-55	False	((1.1333333333333335, 0.6339901477832512), array([0.10965142, 0.10252094]))	False
APOLD1	ENHA_ZEB1;EP300	35.228807526361	7.39216789669946e-49	False	((1.1, 1.0133004926108375), array([0.10965142, 0.10252094]))	False
APOLD1	ENHA_YY1;EP300	8.03006652838797	5.76228053962829e-53	False	((1.1666666666666667, 0.9374384236453204), array([0.10965142, 0.10252094]))	False
APOLD1	ENHA_NFKB1;EP300	129.484364490928	5.44235324557662e-43	False	((1.1333333333333335, 0.08128078817733986), array([0.10965142, 0.10252094]))	False
APOLD1	ENHA_MEF2C;EP300	17.5203301915294	5.33418624648915e-46	False	((1.1333333333333335, -0.11379310344827587), array([0.10965142, 0.10252094]))	False
APOLD1	ENHA_MEF2A;EP300	62.5089026404888	5.146909341577709e-40	False	((1.1, -0.12463054187192113), array([0.10965142, 0.10252094]))	False
APOLD1	ENHA_CREB1;EP300	20.5112731449886	4.78292886407675e-74	False	((1.1, -0.9374384236453203), array([0.10965142, 0.10252094]))	False
APOLD1	ENHA_ATF2;EP300	9.76964593879026	2.0535160315439002e-66	False	((1.1666666666666667, -1.0783251231527093), array([0.10965142, 0.10252094]))	False
APOLD1	ENHA_JUND;EP300	9.75874594774177	5.77247879522652e-62	False	((1.1333333333333335, -0.3088669950738916), array([0.10965142, 0.10252094]))	False
APOLD1	ENHA_STAT1;EP300	19.6483198615888	4.9492519102989603e-51	False	((1.1333333333333335, 0.6665024630541874), array([0.10965142, 0.10252094]))	False
APOLD1	ENHA_SP1;EP300	inf	8.97061242910734e-25	False	((1.1666666666666667, 0.5798029556650248), array([0.10965142, 0.10252094]))	False
APOLD1	ENHA_JUNB;EP300	7.85051909746085	3.2684900496126903e-52	False	((1.1, -0.31970443349753697), array([0.10965142, 0.10252094]))	False
APOLD1	ENHA_FOS;EP300	8.06796643318305	4.03263139693016e-57	False	((1.1, -0.7098522167487685), array([0.10965142, 0.10252094]))	False
APOLD1	ENHA_RARA;EP300	9.07224253673496	4.65023077903155e-52	False	((1.1666666666666667, 0.3522167487684731), array([0.10965142, 0.10252094]))	False
APOLD1	ENHA_TCF7L2;EP300	7.26199599295497	8.92692568498885e-53	False	((1.1, 0.720689655172414), array([0.10965142, 0.10252094]))	False
APOLD1	ENHA_NFKB1;EP300	129.484364490928	5.44235324557662e-43	False	((1.1333333333333335, 0.08128078817733986), array([0.10965142, 0.10252094]))	False
APOLD1	ENHA_MEF2C;EP300	17.5203301915294	5.33418624648915e-46	False	((1.1333333333333335, -0.11379310344827587), array([0.10965142, 0.10252094]))	False
APOLD1	ENHA_RUNX1;EP300	5.97492063781879	6.02903763447759e-42	False	((1.1, 0.46059113300492616), array([0.10965142, 0.10252094]))	False
APOLD1	ENHA_BCL6;EP300	7.63997165800505	1.5833843326041901e-52	False	((1.1666666666666667, -1.0133004926108375), array([0.10965142, 0.10252094]))	False
APOLD1	ENHA_IRF1;EP300	50.4105585473323	5.91535827041039e-33	False	((1.1333333333333335, -0.4064039408866995), array([0.10965142, 0.10252094]))	False
APOLD1	ENHA_MEF2A;EP300	62.5089026404888	5.146909341577709e-40	False	((1.1, -0.12463054187192113), array([0.10965142, 0.10252094]))	False
APOLD1	ENHA_NR4A1;EP300	6.43632839563301	1.1798458558715e-45	False	((1.1333333333333335, 0.2113300492610839), array([0.10965142, 0.10252094]))	False
APOLD1	ENHA_KLF5;EP300	33.807282899385	7.90666215892512e-54	False	((1.1, -0.22216748768472905), array([0.10965142, 0.10252094]))	False
APOLD1	ENHA_ZEB1;EP300	35.228807526361	7.39216789669946e-49	False	((1.1, 1.0133004926108375), array([0.10965142, 0.10252094]))	False
APOLD1	ENHA_TCF4;EP300	30.8652006795544	1.1611351641658e-43	False	((1.1666666666666667, 0.7098522167487686), array([0.10965142, 0.10252094]))	False
APOLD1	ENHA_STAT3;EP300	12.1052152653644	2.20526209118272e-68	False	((1.1666666666666667, 0.6773399014778327), array([0.10965142, 0.10252094]))	False
APOLD1	ENHA_STAT1;EP300	19.6483198615888	4.9492519102989603e-51	False	((1.1333333333333335, 0.6665024630541874), array([0.10965142, 0.10252094]))	False
APOLD1	ENHA_SP1;EP300	inf	8.97061242910734e-25	False	((1.1666666666666667, 0.5798029556650248), array([0.10965142, 0.10252094]))	False
APOLD1	ENHA_GABPA;EP300	19.7353692813691	4.5178391420514e-60	False	((1.1666666666666667, -0.6231527093596059), array([0.10965142, 0.10252094]))	False
APOLD1	ENHA_FOXO3;EP300	6.21850680822758	1.2474139775237001e-45	False	((1.1, -0.6448275862068966), array([0.10965142, 0.10252094]))	False
APOLD1	ENHA_SNAI1;EP300	13.2495163755927	1.00410678714182e-53	False	((1.1666666666666667, 0.5147783251231528), array([0.10965142, 0.10252094]))	False
APOLD1	ENHA_KLF5;EP300	33.807282899385	7.90666215892512e-54	False	((1.1, -0.22216748768472905), array([0.10965142, 0.10252094]))	False
APOLD1	ENHA_ZEB1;EP300	35.228807526361	7.39216789669946e-49	False	((1.1, 1.0133004926108375), array([0.10965142, 0.10252094]))	False
APOLD1	ENHA_EGR1;EP300	34.5421582761272	4.32289316170903e-48	False	((1.1, -0.8399014778325123), array([0.10965142, 0.10252094]))	False
APOLD1	ENHA_IRF1;EP300	50.4105585473323	5.91535827041039e-33	False	((1.1333333333333335, -0.4064039408866995), array([0.10965142, 0.10252094]))	False
APOLD1	ENHA_SP1;EP300	inf	8.97061242910734e-25	False	((1.1666666666666667, 0.5798029556650248), array([0.10965142, 0.10252094]))	False
APOLD1	ENHA_NFYB;EP300	8.91640141912879	1.03069310744695e-59	False	((1.1333333333333335, 0.11379310344827598), array([0.10965142, 0.10252094]))	False
APOLD1	ENHA_RARA;EP300	9.07224253673496	4.65023077903155e-52	False	((1.1666666666666667, 0.3522167487684731), array([0.10965142, 0.10252094]))	False
APOLD1	ENHA_IRF2;EP300	6.91152065832238	1.56869785330295e-50	False	((1.1666666666666667, -0.39556650246305414), array([0.10965142, 0.10252094]))	False
APOLD1	ENHA_GABPA;EP300	19.7353692813691	4.5178391420514e-60	False	((1.1666666666666667, -0.6231527093596059), array([0.10965142, 0.10252094]))	False
APOLD1	ENHA_IRF1;EP300	50.4105585473323	5.91535827041039e-33	False	((1.1333333333333335, -0.4064039408866995), array([0.10965142, 0.10252094]))	False
APOLD1	ENHA_ATF2;EP300	9.76964593879026	2.0535160315439002e-66	False	((1.1666666666666667, -1.0783251231527093), array([0.10965142, 0.10252094]))	False
APOLD1	ENHA_STAT1;EP300	19.6483198615888	4.9492519102989603e-51	False	((1.1333333333333335, 0.6665024630541874), array([0.10965142, 0.10252094]))	False
APOLD1	ENHA_JUN;EP300	7.13404962490209	6.2046500010580304e-52	False	((1.1666666666666667, -0.33054187192118223), array([0.10965142, 0.10252094]))	False
APOLD1	ENHA_ESR2;EP300	18.0404165833528	1.74168605237252e-64	False	((1.1, -0.7748768472906404), array([0.10965142, 0.10252094]))	False
APOLD1	ENHA_TCF3;EP300	26.3211028660409	1.93526019331548e-48	False	((1.1333333333333335, 0.6990147783251233), array([0.10965142, 0.10252094]))	False
APOLD1	ENHA_SNAI1;EP300	13.2495163755927	1.00410678714182e-53	False	((1.1666666666666667, 0.5147783251231528), array([0.10965142, 0.10252094]))	False
APOLD1	ENHA_ZEB1;EP300	35.228807526361	7.39216789669946e-49	False	((1.1, 1.0133004926108375), array([0.10965142, 0.10252094]))	False
APOLD1	ENHA_NFKB1;EP300	129.484364490928	5.44235324557662e-43	False	((1.1333333333333335, 0.08128078817733986), array([0.10965142, 0.10252094]))	False
APOLD1	ENHA_NFYB;EP300	8.91640141912879	1.03069310744695e-59	False	((1.1333333333333335, 0.11379310344827598), array([0.10965142, 0.10252094]))	False
APOLD1	ENHA_TCF4;EP300	30.8652006795544	1.1611351641658e-43	False	((1.1666666666666667, 0.7098522167487686), array([0.10965142, 0.10252094]))	False
APOLD1	ENHA_TFAP2A;EP300	60.6649735703406	8.4477780990255e-39	False	((1.1333333333333335, 0.7640394088669953), array([0.10965142, 0.10252094]))	False
APOLD1	ENHA_IRF1;EP300	50.4105585473323	5.91535827041039e-33	False	((1.1333333333333335, -0.4064039408866995), array([0.10965142, 0.10252094]))	False
APOLD1	ENHA_MEF2A;EP300	62.5089026404888	5.146909341577709e-40	False	((1.1, -0.12463054187192113), array([0.10965142, 0.10252094]))	False
APOLD1	ENHA_STAT1;EP300	19.6483198615888	4.9492519102989603e-51	False	((1.1333333333333335, 0.6665024630541874), array([0.10965142, 0.10252094]))	False
APOLD1	ENHA_ETV1;EP300	9.95985877213319	2.44491684085895e-57	False	((1.1666666666666667, -0.7532019704433498), array([0.10965142, 0.10252094]))	False
APOLD1	ENHA_SP1;EP300	inf	8.97061242910734e-25	False	((1.1666666666666667, 0.5798029556650248), array([0.10965142, 0.10252094]))	False
APOLD1	ENHA_TWIST1;EP300	5.83265516752251	1.44387703849911e-42	False	((1.1333333333333335, 0.8940886699507391), array([0.10965142, 0.10252094]))	False
APOLD1	ENHA_JUND;EP300	9.75874594774177	5.77247879522652e-62	False	((1.1333333333333335, -0.3088669950738916), array([0.10965142, 0.10252094]))	False
APOLD1	ENHA_JUNB;EP300	7.85051909746085	3.2684900496126903e-52	False	((1.1, -0.31970443349753697), array([0.10965142, 0.10252094]))	False
APOLD1	ENHA_ZEB1;EP300	35.228807526361	7.39216789669946e-49	False	((1.1, 1.0133004926108375), array([0.10965142, 0.10252094]))	False
APOLD1	ENHA_REL;EP300	6.48940355473547	3.05412757552834e-47	False	((1.1333333333333335, 0.3738916256157636), array([0.10965142, 0.10252094]))	False
APOLD1	ENHA_NFKB1;EP300	129.484364490928	5.44235324557662e-43	False	((1.1333333333333335, 0.08128078817733986), array([0.10965142, 0.10252094]))	False
APOLD1	ENHA_TP73;EP300	8.88139954595065	6.95033402634167e-62	False	((1.1, 0.8832512315270937), array([0.10965142, 0.10252094]))	False
APOLD1	ENHA_MEF2C;EP300	17.5203301915294	5.33418624648915e-46	False	((1.1333333333333335, -0.11379310344827587), array([0.10965142, 0.10252094]))	False
APOLD1	ENHA_TFAP2A;EP300	60.6649735703406	8.4477780990255e-39	False	((1.1333333333333335, 0.7640394088669953), array([0.10965142, 0.10252094]))	False
APOLD1	ENHA_IRF1;EP300	50.4105585473323	5.91535827041039e-33	False	((1.1333333333333335, -0.4064039408866995), array([0.10965142, 0.10252094]))	False
APOLD1	ENHA_MEF2A;EP300	62.5089026404888	5.146909341577709e-40	False	((1.1, -0.12463054187192113), array([0.10965142, 0.10252094]))	False
APOLD1	ENHA_SP1;EP300	inf	8.97061242910734e-25	False	((1.1666666666666667, 0.5798029556650248), array([0.10965142, 0.10252094]))	False
APOLD1	ENHA_TP53;EP300	32.7695710388857	4.85322958634268e-86	False	((1.1666666666666667, 0.8724137931034484), array([0.10965142, 0.10252094]))	False
APOLD1	ENHA_ESR2;EP300	18.0404165833528	1.74168605237252e-64	False	((1.1, -0.7748768472906404), array([0.10965142, 0.10252094]))	False
APOLD1	ENHA_GABPA;EP300	19.7353692813691	4.5178391420514e-60	False	((1.1666666666666667, -0.6231527093596059), array([0.10965142, 0.10252094]))	False
APOLD1	ENHA_PPARG;EP300	6.46028030694293	2.31394381468755e-47	False	((1.1666666666666667, 0.31970443349753697), array([0.10965142, 0.10252094]))	False
APOLD1	ENHA_STAT3;EP300	12.1052152653644	2.20526209118272e-68	False	((1.1666666666666667, 0.6773399014778327), array([0.10965142, 0.10252094]))	False
APOLD1	ENHA_MEF2A;EP300	62.5089026404888	5.146909341577709e-40	False	((1.1, -0.12463054187192113), array([0.10965142, 0.10252094]))	False
APOLD1	ENHA_MAF;EP300	5.89697377956687	2.7585516094351598e-43	False	((1.1333333333333335, -0.17881773399014778), array([0.10965142, 0.10252094]))	False
APOLD1	ENHA_TP53;EP300	32.7695710388857	4.85322958634268e-86	False	((1.1666666666666667, 0.8724137931034484), array([0.10965142, 0.10252094]))	False
APOLD1	ENHA_SNAI1;EP300	13.2495163755927	1.00410678714182e-53	False	((1.1666666666666667, 0.5147783251231528), array([0.10965142, 0.10252094]))	False
APOLD1	ENHA_KLF5;EP300	33.807282899385	7.90666215892512e-54	False	((1.1, -0.22216748768472905), array([0.10965142, 0.10252094]))	False
APOLD1	ENHA_RORA;EP300	5.82727604231758	3.51893161843664e-41	False	((1.1333333333333335, 0.43891625615763563), array([0.10965142, 0.10252094]))	False
APOLD1	ENHA_EGR1;EP300	34.5421582761272	4.32289316170903e-48	False	((1.1, -0.8399014778325123), array([0.10965142, 0.10252094]))	False
APOLD1	ENHA_KLF4;EP300	46.1968334680727	2.82826658848015e-42	False	((1.1666666666666667, -0.23300492610837442), array([0.10965142, 0.10252094]))	False
APOLD1	ENHA_LEF1;EP300	5.74053502391806	4.17188610029116e-42	False	((1.1, -0.18965517241379304), array([0.10965142, 0.10252094]))	False
APOLD1	ENHA_TCF7L2;EP300	7.26199599295497	8.92692568498885e-53	False	((1.1, 0.720689655172414), array([0.10965142, 0.10252094]))	False
APOLD1	ENHA_NFKB1;EP300	129.484364490928	5.44235324557662e-43	False	((1.1333333333333335, 0.08128078817733986), array([0.10965142, 0.10252094]))	False
APOLD1	ENHA_MEF2C;EP300	17.5203301915294	5.33418624648915e-46	False	((1.1333333333333335, -0.11379310344827587), array([0.10965142, 0.10252094]))	False
APOLD1	ENHA_IRF1;EP300	50.4105585473323	5.91535827041039e-33	False	((1.1333333333333335, -0.4064039408866995), array([0.10965142, 0.10252094]))	False
APOLD1	ENHA_MEF2A;EP300	62.5089026404888	5.146909341577709e-40	False	((1.1, -0.12463054187192113), array([0.10965142, 0.10252094]))	False
APOLD1	ENHA_STAT1;EP300	19.6483198615888	4.9492519102989603e-51	False	((1.1333333333333335, 0.6665024630541874), array([0.10965142, 0.10252094]))	False
APOLD1	ENHA_SP1;EP300	inf	8.97061242910734e-25	False	((1.1666666666666667, 0.5798029556650248), array([0.10965142, 0.10252094]))	False
APOLD1	ENHA_RARA;EP300	9.07224253673496	4.65023077903155e-52	False	((1.1666666666666667, 0.3522167487684731), array([0.10965142, 0.10252094]))	False
APOLD1	ENHA_LEF1;EP300	5.74053502391806	4.17188610029116e-42	False	((1.1, -0.18965517241379304), array([0.10965142, 0.10252094]))	False
APOLD1	ENHA_NR3C2;EP300	6.5113734390767	2.80096023839699e-46	False	((1.1, 0.20049261083743852), array([0.10965142, 0.10252094]))	False
APOLD1	ENHA_SNAI1;EP300	13.2495163755927	1.00410678714182e-53	False	((1.1666666666666667, 0.5147783251231528), array([0.10965142, 0.10252094]))	False
APOLD1	ENHA_IRF1;EP300	50.4105585473323	5.91535827041039e-33	False	((1.1333333333333335, -0.4064039408866995), array([0.10965142, 0.10252094]))	False
APOLD1	ENHA_AR;EP300	9.40257377404001	4.29543807803831e-63	False	((1.1, -1.1), array([0.10965142, 0.10252094]))	False
APOLD1	ENHA_NR4A1;EP300	6.43632839563301	1.1798458558715e-45	False	((1.1333333333333335, 0.2113300492610839), array([0.10965142, 0.10252094]))	False
APOLD1	ENHA_TWIST1;EP300	5.83265516752251	1.44387703849911e-42	False	((1.1333333333333335, 0.8940886699507391), array([0.10965142, 0.10252094]))	False
APOLD1	ENHA_SREBF1;EP300	8.81890037176241	2.6022533089029e-55	False	((1.1333333333333335, 0.6339901477832512), array([0.10965142, 0.10252094]))	False
APOLD1	ENHA_MEF2C;EP300	17.5203301915294	5.33418624648915e-46	False	((1.1333333333333335, -0.11379310344827587), array([0.10965142, 0.10252094]))	False
APOLD1	ENHA_MEF2A;EP300	62.5089026404888	5.146909341577709e-40	False	((1.1, -0.12463054187192113), array([0.10965142, 0.10252094]))	False
APOLD1	ENHA_RARA;EP300	9.07224253673496	4.65023077903155e-52	False	((1.1666666666666667, 0.3522167487684731), array([0.10965142, 0.10252094]))	False
APOLD1	ENHA_IRF7;EP300	5.933346756473	1.7202787873973698e-43	False	((1.1666666666666667, -0.36305418719211824), array([0.10965142, 0.10252094]))	False
APOLD1	ENHA_REL;EP300	6.48940355473547	3.05412757552834e-47	False	((1.1333333333333335, 0.3738916256157636), array([0.10965142, 0.10252094]))	False
APOLD1	ENHA_NFKB1;EP300	129.484364490928	5.44235324557662e-43	False	((1.1333333333333335, 0.08128078817733986), array([0.10965142, 0.10252094]))	False
APOLD1	ENHA_KLF2;EP300	17.0176785565628	3.92525933226336e-50	False	((1.1, -0.25467980295566506), array([0.10965142, 0.10252094]))	False
APOLD1	ENHA_TCF3;EP300	26.3211028660409	1.93526019331548e-48	False	((1.1333333333333335, 0.6990147783251233), array([0.10965142, 0.10252094]))	False
APOLD1	ENHA_SREBF1;EP300	8.81890037176241	2.6022533089029e-55	False	((1.1333333333333335, 0.6339901477832512), array([0.10965142, 0.10252094]))	False
APOLD1	ENHA_KLF5;EP300	33.807282899385	7.90666215892512e-54	False	((1.1, -0.22216748768472905), array([0.10965142, 0.10252094]))	False
APOLD1	ENHA_ZEB1;EP300	35.228807526361	7.39216789669946e-49	False	((1.1, 1.0133004926108375), array([0.10965142, 0.10252094]))	False
APOLD1	ENHA_KLF4;EP300	46.1968334680727	2.82826658848015e-42	False	((1.1666666666666667, -0.23300492610837442), array([0.10965142, 0.10252094]))	False
APOLD1	ENHA_VDR;EP300	8.25253183531411	3.7773028099004396e-56	False	((1.1, 0.9157635467980296), array([0.10965142, 0.10252094]))	False
APOLD1	ENHA_TCF4;EP300	30.8652006795544	1.1611351641658e-43	False	((1.1666666666666667, 0.7098522167487686), array([0.10965142, 0.10252094]))	False
APOLD1	ENHA_TFAP2A;EP300	60.6649735703406	8.4477780990255e-39	False	((1.1333333333333335, 0.7640394088669953), array([0.10965142, 0.10252094]))	False
APOLD1	ENHA_IRF1;EP300	50.4105585473323	5.91535827041039e-33	False	((1.1333333333333335, -0.4064039408866995), array([0.10965142, 0.10252094]))	False
APOLD1	ENHA_ATF2;EP300	9.76964593879026	2.0535160315439002e-66	False	((1.1666666666666667, -1.0783251231527093), array([0.10965142, 0.10252094]))	False
APOLD1	ENHA_SP1;EP300	inf	8.97061242910734e-25	False	((1.1666666666666667, 0.5798029556650248), array([0.10965142, 0.10252094]))	False
APOLD1	ENHA_JUN;EP300	7.13404962490209	6.2046500010580304e-52	False	((1.1666666666666667, -0.33054187192118223), array([0.10965142, 0.10252094]))	False
APOLD1	ENHA_TCF3;EP300	26.3211028660409	1.93526019331548e-48	False	((1.1333333333333335, 0.6990147783251233), array([0.10965142, 0.10252094]))	False
APOLD1	ENHA_SNAI1;EP300	13.2495163755927	1.00410678714182e-53	False	((1.1666666666666667, 0.5147783251231528), array([0.10965142, 0.10252094]))	False
APOLD1	ENHA_ZEB1;EP300	35.228807526361	7.39216789669946e-49	False	((1.1, 1.0133004926108375), array([0.10965142, 0.10252094]))	False
APOLD1	ENHA_KLF4;EP300	46.1968334680727	2.82826658848015e-42	False	((1.1666666666666667, -0.23300492610837442), array([0.10965142, 0.10252094]))	False
APOLD1	ENHA_VDR;EP300	8.25253183531411	3.7773028099004396e-56	False	((1.1, 0.9157635467980296), array([0.10965142, 0.10252094]))	False
APOLD1	ENHA_TCF4;EP300	30.8652006795544	1.1611351641658e-43	False	((1.1666666666666667, 0.7098522167487686), array([0.10965142, 0.10252094]))	False
APOLD1	ENHA_TFAP2A;EP300	60.6649735703406	8.4477780990255e-39	False	((1.1333333333333335, 0.7640394088669953), array([0.10965142, 0.10252094]))	False
APOLD1	ENHA_IRF1;EP300	50.4105585473323	5.91535827041039e-33	False	((1.1333333333333335, -0.4064039408866995), array([0.10965142, 0.10252094]))	False
APOLD1	ENHA_JUND;EP300	9.75874594774177	5.77247879522652e-62	False	((1.1333333333333335, -0.3088669950738916), array([0.10965142, 0.10252094]))	False
APOLD1	ENHA_SP1;EP300	inf	8.97061242910734e-25	False	((1.1666666666666667, 0.5798029556650248), array([0.10965142, 0.10252094]))	False
APOLD1	ENHA_JUNB;EP300	7.85051909746085	3.2684900496126903e-52	False	((1.1, -0.31970443349753697), array([0.10965142, 0.10252094]))	False
APOLD1	ENHA_FOS;EP300	8.06796643318305	4.03263139693016e-57	False	((1.1, -0.7098522167487685), array([0.10965142, 0.10252094]))	False
APOLD1	ENHA_ATF4;EP300	6.96176808236927	1.6127703636432699e-50	False	((1.1333333333333335, -1.0566502463054188), array([0.10965142, 0.10252094]))	False
APOLD1	ENHA_TCF7L2;EP300	7.26199599295497	8.92692568498885e-53	False	((1.1, 0.720689655172414), array([0.10965142, 0.10252094]))	False
APOLD1	ENHA_IRF1;EP300	50.4105585473323	5.91535827041039e-33	False	((1.1333333333333335, -0.4064039408866995), array([0.10965142, 0.10252094]))	False
APOLD1	ENHA_MAX;EP300	12.1037205312488	3.93617635639676e-61	False	((1.1333333333333335, -0.14630541871921177), array([0.10965142, 0.10252094]))	False
APOLD1	ENHA_HIF1A;EP300	5.98038954257063	4.69702054052688e-37	False	((1.1, -0.5147783251231527), array([0.10965142, 0.10252094]))	False
APOLD1	ENHA_NFYB;EP300	8.91640141912879	1.03069310744695e-59	False	((1.1333333333333335, 0.11379310344827598), array([0.10965142, 0.10252094]))	False
APOLD1	ENHA_MEF2C;EP300	17.5203301915294	5.33418624648915e-46	False	((1.1333333333333335, -0.11379310344827587), array([0.10965142, 0.10252094]))	False
APOLD1	ENHA_TFAP2A;EP300	60.6649735703406	8.4477780990255e-39	False	((1.1333333333333335, 0.7640394088669953), array([0.10965142, 0.10252094]))	False
APOLD1	ENHA_IRF1;EP300	50.4105585473323	5.91535827041039e-33	False	((1.1333333333333335, -0.4064039408866995), array([0.10965142, 0.10252094]))	False
APOLD1	ENHA_MEF2A;EP300	62.5089026404888	5.146909341577709e-40	False	((1.1, -0.12463054187192113), array([0.10965142, 0.10252094]))	False
APOLD1	ENHA_CEBPB;EP300	9.33796501371915	5.5060931806428e-50	False	((1.1, -0.9699507389162563), array([0.10965142, 0.10252094]))	False
APOLD1	ENHA_MAX;EP300	12.1037205312488	3.93617635639676e-61	False	((1.1333333333333335, -0.14630541871921177), array([0.10965142, 0.10252094]))	False
APOLD1	ENHA_MYC;EP300	7.40432991543181	8.50915348539655e-54	False	((1.1666666666666667, -0.005418719211822687), array([0.10965142, 0.10252094]))	False
APOLD1	ENHA_KLF2;EP300	17.0176785565628	3.92525933226336e-50	False	((1.1, -0.25467980295566506), array([0.10965142, 0.10252094]))	False
APOLD1	ENHA_KLF5;EP300	33.807282899385	7.90666215892512e-54	False	((1.1, -0.22216748768472905), array([0.10965142, 0.10252094]))	False
APOLD1	ENHA_EGR1;EP300	34.5421582761272	4.32289316170903e-48	False	((1.1, -0.8399014778325123), array([0.10965142, 0.10252094]))	False
APOLD1	ENHA_KLF4;EP300	46.1968334680727	2.82826658848015e-42	False	((1.1666666666666667, -0.23300492610837442), array([0.10965142, 0.10252094]))	False
APOLD1	ENHA_IRF1;EP300	50.4105585473323	5.91535827041039e-33	False	((1.1333333333333335, -0.4064039408866995), array([0.10965142, 0.10252094]))	False
APOLD1	ENHA_ATF2;EP300	9.76964593879026	2.0535160315439002e-66	False	((1.1666666666666667, -1.0783251231527093), array([0.10965142, 0.10252094]))	False
APOLD1	ENHA_AR;EP300	9.40257377404001	4.29543807803831e-63	False	((1.1, -1.1), array([0.10965142, 0.10252094]))	False
APOLD1	ENHA_SP1;EP300	inf	8.97061242910734e-25	False	((1.1666666666666667, 0.5798029556650248), array([0.10965142, 0.10252094]))	False
APOLD1	ENHA_MAX;EP300	12.1037205312488	3.93617635639676e-61	False	((1.1333333333333335, -0.14630541871921177), array([0.10965142, 0.10252094]))	False
APOLD1	ENHA_IRF7;EP300	5.933346756473	1.7202787873973698e-43	False	((1.1666666666666667, -0.36305418719211824), array([0.10965142, 0.10252094]))	False
APOLD1	ENHA_IRF3;EP300	8.02896292811947	3.4267082191980696e-55	False	((1.1, -0.3847290640394089), array([0.10965142, 0.10252094]))	False
APOLD1	ENHA_TCF3;EP300	26.3211028660409	1.93526019331548e-48	False	((1.1333333333333335, 0.6990147783251233), array([0.10965142, 0.10252094]))	False
APOLD1	ENHA_TCF4;EP300	30.8652006795544	1.1611351641658e-43	False	((1.1666666666666667, 0.7098522167487686), array([0.10965142, 0.10252094]))	False
APOLD1	ENHA_AR;EP300	9.40257377404001	4.29543807803831e-63	False	((1.1, -1.1), array([0.10965142, 0.10252094]))	False
APOLD1	ENHA_ATF4;EP300	6.96176808236927	1.6127703636432699e-50	False	((1.1333333333333335, -1.0566502463054188), array([0.10965142, 0.10252094]))	False
APOLD1	ENHA_TWIST1;EP300	5.83265516752251	1.44387703849911e-42	False	((1.1333333333333335, 0.8940886699507391), array([0.10965142, 0.10252094]))	False
APOLD1	ENHA_GABPA;EP300	19.7353692813691	4.5178391420514e-60	False	((1.1666666666666667, -0.6231527093596059), array([0.10965142, 0.10252094]))	False
APOLD1	ENHA_FOXO3;EP300	6.21850680822758	1.2474139775237001e-45	False	((1.1, -0.6448275862068966), array([0.10965142, 0.10252094]))	False
APOLD1	ENHA_RUNX1;EP300	5.97492063781879	6.02903763447759e-42	False	((1.1, 0.46059113300492616), array([0.10965142, 0.10252094]))	False
APOLD1	ENHA_ATF4;EP300	6.96176808236927	1.6127703636432699e-50	False	((1.1333333333333335, -1.0566502463054188), array([0.10965142, 0.10252094]))	False
APOLD1	ENHA_STAT3;EP300	12.1052152653644	2.20526209118272e-68	False	((1.1666666666666667, 0.6773399014778327), array([0.10965142, 0.10252094]))	False
APOLD1	ENHA_EGR1;EP300	34.5421582761272	4.32289316170903e-48	False	((1.1, -0.8399014778325123), array([0.10965142, 0.10252094]))	False
APOLD1	ENHA_TFAP2A;EP300	60.6649735703406	8.4477780990255e-39	False	((1.1333333333333335, 0.7640394088669953), array([0.10965142, 0.10252094]))	False
APOLD1	ENHA_IRF1;EP300	50.4105585473323	5.91535827041039e-33	False	((1.1333333333333335, -0.4064039408866995), array([0.10965142, 0.10252094]))	False
APOLD1	ENHA_MEF2A;EP300	62.5089026404888	5.146909341577709e-40	False	((1.1, -0.12463054187192113), array([0.10965142, 0.10252094]))	False
APOLD1	ENHA_NR3C2;EP300	6.5113734390767	2.80096023839699e-46	False	((1.1, 0.20049261083743852), array([0.10965142, 0.10252094]))	False
APOLD1	ENHA_IRF1;EP300	50.4105585473323	5.91535827041039e-33	False	((1.1333333333333335, -0.4064039408866995), array([0.10965142, 0.10252094]))	False
APOLD1	ENHA_STAT3;EP300	12.1052152653644	2.20526209118272e-68	False	((1.1666666666666667, 0.6773399014778327), array([0.10965142, 0.10252094]))	False
APOLD1	ENHA_KLF2;EP300	17.0176785565628	3.92525933226336e-50	False	((1.1, -0.25467980295566506), array([0.10965142, 0.10252094]))	False
APOLD1	ENHA_SOX4;EP300	9.78208419753197	2.09513481811629e-56	False	((1.1, 0.5581280788177341), array([0.10965142, 0.10252094]))	False
APOLD1	ENHA_GABPA;EP300	19.7353692813691	4.5178391420514e-60	False	((1.1666666666666667, -0.6231527093596059), array([0.10965142, 0.10252094]))	False
APOLD1	ENHA_TFAP2A;EP300	60.6649735703406	8.4477780990255e-39	False	((1.1333333333333335, 0.7640394088669953), array([0.10965142, 0.10252094]))	False
APOLD1	ENHA_IRF1;EP300	50.4105585473323	5.91535827041039e-33	False	((1.1333333333333335, -0.4064039408866995), array([0.10965142, 0.10252094]))	False
APOLD1	ENHA_MEF2A;EP300	62.5089026404888	5.146909341577709e-40	False	((1.1, -0.12463054187192113), array([0.10965142, 0.10252094]))	False
APOLD1	ENHA_KLF2;EP300	17.0176785565628	3.92525933226336e-50	False	((1.1, -0.25467980295566506), array([0.10965142, 0.10252094]))	False
APOLD1	ENHA_KLF5;EP300	33.807282899385	7.90666215892512e-54	False	((1.1, -0.22216748768472905), array([0.10965142, 0.10252094]))	False
APOLD1	ENHA_KLF4;EP300	46.1968334680727	2.82826658848015e-42	False	((1.1666666666666667, -0.23300492610837442), array([0.10965142, 0.10252094]))	False
APOLD1	ENHA_NFKB1;EP300	129.484364490928	5.44235324557662e-43	False	((1.1333333333333335, 0.08128078817733986), array([0.10965142, 0.10252094]))	False
APOLD1	ENHA_NFYB;EP300	8.91640141912879	1.03069310744695e-59	False	((1.1333333333333335, 0.11379310344827598), array([0.10965142, 0.10252094]))	False
APOLD1	ENHA_VDR;EP300	8.25253183531411	3.7773028099004396e-56	False	((1.1, 0.9157635467980296), array([0.10965142, 0.10252094]))	False
APOLD1	ENHA_MEF2A;EP300	62.5089026404888	5.146909341577709e-40	False	((1.1, -0.12463054187192113), array([0.10965142, 0.10252094]))	False
APOLD1	ENHA_MAX;EP300	12.1037205312488	3.93617635639676e-61	False	((1.1333333333333335, -0.14630541871921177), array([0.10965142, 0.10252094]))	False
APOLD1	ENHA_TWIST1;EP300	5.83265516752251	1.44387703849911e-42	False	((1.1333333333333335, 0.8940886699507391), array([0.10965142, 0.10252094]))	False
APOLD1	ENHA_HIF1A;EP300	5.98038954257063	4.69702054052688e-37	False	((1.1, -0.5147783251231527), array([0.10965142, 0.10252094]))	False
APOLD1	ENHA_TCF3;EP300	26.3211028660409	1.93526019331548e-48	False	((1.1333333333333335, 0.6990147783251233), array([0.10965142, 0.10252094]))	False
APOLD1	ENHA_SNAI1;EP300	13.2495163755927	1.00410678714182e-53	False	((1.1666666666666667, 0.5147783251231528), array([0.10965142, 0.10252094]))	False
APOLD1	ENHA_YY1;EP300	8.03006652838797	5.76228053962829e-53	False	((1.1666666666666667, 0.9374384236453204), array([0.10965142, 0.10252094]))	False
APOLD1	ENHA_NFKB1;EP300	129.484364490928	5.44235324557662e-43	False	((1.1333333333333335, 0.08128078817733986), array([0.10965142, 0.10252094]))	False
APOLD1	ENHA_TFAP2A;EP300	60.6649735703406	8.4477780990255e-39	False	((1.1333333333333335, 0.7640394088669953), array([0.10965142, 0.10252094]))	False
APOLD1	ENHA_IRF1;EP300	50.4105585473323	5.91535827041039e-33	False	((1.1333333333333335, -0.4064039408866995), array([0.10965142, 0.10252094]))	False
APOLD1	ENHA_CEBPB;EP300	9.33796501371915	5.5060931806428e-50	False	((1.1, -0.9699507389162563), array([0.10965142, 0.10252094]))	False
APOLD1	ENHA_SP1;EP300	inf	8.97061242910734e-25	False	((1.1666666666666667, 0.5798029556650248), array([0.10965142, 0.10252094]))	False
APOLD1	ENHA_MAX;EP300	12.1037205312488	3.93617635639676e-61	False	((1.1333333333333335, -0.14630541871921177), array([0.10965142, 0.10252094]))	False
APOLD1	ENHA_MYC;EP300	7.40432991543181	8.50915348539655e-54	False	((1.1666666666666667, -0.005418719211822687), array([0.10965142, 0.10252094]))	False
APOLD1	ENHA_KLF2;EP300	17.0176785565628	3.92525933226336e-50	False	((1.1, -0.25467980295566506), array([0.10965142, 0.10252094]))	False
APOLD1	ENHA_IRF7;EP300	5.933346756473	1.7202787873973698e-43	False	((1.1666666666666667, -0.36305418719211824), array([0.10965142, 0.10252094]))	False
APOLD1	ENHA_ZBTB7B;EP300	4.89960282940472	9.80431002183603e-33	False	((1.1333333333333335, 0.9916256157635468), array([0.10965142, 0.10252094]))	False
APOLD1	ENHA_KLF5;EP300	33.807282899385	7.90666215892512e-54	False	((1.1, -0.22216748768472905), array([0.10965142, 0.10252094]))	False
APOLD1	ENHA_EGR1;EP300	34.5421582761272	4.32289316170903e-48	False	((1.1, -0.8399014778325123), array([0.10965142, 0.10252094]))	False
APOLD1	ENHA_IRF5;EP300	4.44022753195698	2.61187434041003e-24	False	((1.1333333333333335, -0.3738916256157635), array([0.10965142, 0.10252094]))	False
APOLD1	ENHA_KLF4;EP300	46.1968334680727	2.82826658848015e-42	False	((1.1666666666666667, -0.23300492610837442), array([0.10965142, 0.10252094]))	False
APOLD1	ENHA_TP73;EP300	8.88139954595065	6.95033402634167e-62	False	((1.1, 0.8832512315270937), array([0.10965142, 0.10252094]))	False
APOLD1	ENHA_RUNX1;EP300	5.97492063781879	6.02903763447759e-42	False	((1.1, 0.46059113300492616), array([0.10965142, 0.10252094]))	False
APOLD1	ENHA_TFAP2A;EP300	60.6649735703406	8.4477780990255e-39	False	((1.1333333333333335, 0.7640394088669953), array([0.10965142, 0.10252094]))	False
APOLD1	ENHA_IRF1;EP300	50.4105585473323	5.91535827041039e-33	False	((1.1333333333333335, -0.4064039408866995), array([0.10965142, 0.10252094]))	False
APOLD1	ENHA_SP1;EP300	inf	8.97061242910734e-25	False	((1.1666666666666667, 0.5798029556650248), array([0.10965142, 0.10252094]))	False
APOLD1	ENHA_TP53;EP300	32.7695710388857	4.85322958634268e-86	False	((1.1666666666666667, 0.8724137931034484), array([0.10965142, 0.10252094]))	False
APOLD1	ENHA_NFKB1;EP300	129.484364490928	5.44235324557662e-43	False	((1.1333333333333335, 0.08128078817733986), array([0.10965142, 0.10252094]))	False
APOLD1	ENHA_TP73;EP300	8.88139954595065	6.95033402634167e-62	False	((1.1, 0.8832512315270937), array([0.10965142, 0.10252094]))	False
APOLD1	ENHA_TFAP2A;EP300	60.6649735703406	8.4477780990255e-39	False	((1.1333333333333335, 0.7640394088669953), array([0.10965142, 0.10252094]))	False
APOLD1	ENHA_IRF1;EP300	50.4105585473323	5.91535827041039e-33	False	((1.1333333333333335, -0.4064039408866995), array([0.10965142, 0.10252094]))	False
APOLD1	ENHA_CEBPB;EP300	9.33796501371915	5.5060931806428e-50	False	((1.1, -0.9699507389162563), array([0.10965142, 0.10252094]))	False
APOLD1	ENHA_ATF4;EP300	6.96176808236927	1.6127703636432699e-50	False	((1.1333333333333335, -1.0566502463054188), array([0.10965142, 0.10252094]))	False
APOLD1	ENHA_STAT1;EP300	19.6483198615888	4.9492519102989603e-51	False	((1.1333333333333335, 0.6665024630541874), array([0.10965142, 0.10252094]))	False
APOLD1	ENHA_TP53;EP300	32.7695710388857	4.85322958634268e-86	False	((1.1666666666666667, 0.8724137931034484), array([0.10965142, 0.10252094]))	False
APOLD1	ENHA_KLF2;EP300	17.0176785565628	3.92525933226336e-50	False	((1.1, -0.25467980295566506), array([0.10965142, 0.10252094]))	False
APOLD1	ENHA_SOX4;EP300	9.78208419753197	2.09513481811629e-56	False	((1.1, 0.5581280788177341), array([0.10965142, 0.10252094]))	False
APOLD1	ENHA_MYB;EP300	4.99727923172446	1.8218695410591999e-34	False	((1.1333333333333335, -0.01625615763546784), array([0.10965142, 0.10252094]))	False
APOLD1	ENHA_KLF5;EP300	33.807282899385	7.90666215892512e-54	False	((1.1, -0.22216748768472905), array([0.10965142, 0.10252094]))	False
APOLD1	ENHA_KLF4;EP300	46.1968334680727	2.82826658848015e-42	False	((1.1666666666666667, -0.23300492610837442), array([0.10965142, 0.10252094]))	False
APOLD1	ENHA_TFAP2A;EP300	60.6649735703406	8.4477780990255e-39	False	((1.1333333333333335, 0.7640394088669953), array([0.10965142, 0.10252094]))	False
APOLD1	ENHA_SP1;EP300	inf	8.97061242910734e-25	False	((1.1666666666666667, 0.5798029556650248), array([0.10965142, 0.10252094]))	False
APOLD1	ENHA_SOX4;EP300	9.78208419753197	2.09513481811629e-56	False	((1.1, 0.5581280788177341), array([0.10965142, 0.10252094]))	False
APOLD1	ENHA_TCF3;EP300	26.3211028660409	1.93526019331548e-48	False	((1.1333333333333335, 0.6990147783251233), array([0.10965142, 0.10252094]))	False
APOLD1	ENHA_ZBTB7B;EP300	4.89960282940472	9.80431002183603e-33	False	((1.1333333333333335, 0.9916256157635468), array([0.10965142, 0.10252094]))	False
APOLD1	ENHA_ZEB1;EP300	35.228807526361	7.39216789669946e-49	False	((1.1, 1.0133004926108375), array([0.10965142, 0.10252094]))	False
APOLD1	ENHA_TCF4;EP300	30.8652006795544	1.1611351641658e-43	False	((1.1666666666666667, 0.7098522167487686), array([0.10965142, 0.10252094]))	False
APOLD1	ENHA_BCL6;EP300	7.63997165800505	1.5833843326041901e-52	False	((1.1666666666666667, -1.0133004926108375), array([0.10965142, 0.10252094]))	False
APOLD1	ENHA_NR4A1;EP300	6.43632839563301	1.1798458558715e-45	False	((1.1333333333333335, 0.2113300492610839), array([0.10965142, 0.10252094]))	False
APOLD1	ENHA_TP53;EP300	32.7695710388857	4.85322958634268e-86	False	((1.1666666666666667, 0.8724137931034484), array([0.10965142, 0.10252094]))	False
APOLD1	ENHA_MEF2A;EP300	62.5089026404888	5.146909341577709e-40	False	((1.1, -0.12463054187192113), array([0.10965142, 0.10252094]))	False
APOLD1	ENHA_AR;EP300	9.40257377404001	4.29543807803831e-63	False	((1.1, -1.1), array([0.10965142, 0.10252094]))	False
APOLD1	ENHA_TCF3;EP300	26.3211028660409	1.93526019331548e-48	False	((1.1333333333333335, 0.6990147783251233), array([0.10965142, 0.10252094]))	False
APOLD1	ENHA_ZEB1;EP300	35.228807526361	7.39216789669946e-49	False	((1.1, 1.0133004926108375), array([0.10965142, 0.10252094]))	False
APOLD1	ENHA_EGR1;EP300	34.5421582761272	4.32289316170903e-48	False	((1.1, -0.8399014778325123), array([0.10965142, 0.10252094]))	False
APOLD1	ENHA_NFKB1;EP300	129.484364490928	5.44235324557662e-43	False	((1.1333333333333335, 0.08128078817733986), array([0.10965142, 0.10252094]))	False
APOLD1	ENHA_TCF4;EP300	30.8652006795544	1.1611351641658e-43	False	((1.1666666666666667, 0.7098522167487686), array([0.10965142, 0.10252094]))	False
APOLD1	ENHA_IRF1;EP300	50.4105585473323	5.91535827041039e-33	False	((1.1333333333333335, -0.4064039408866995), array([0.10965142, 0.10252094]))	False
APOLD1	ENHA_RARA;EP300	9.07224253673496	4.65023077903155e-52	False	((1.1666666666666667, 0.3522167487684731), array([0.10965142, 0.10252094]))	False
APOLD1	ENHA_LEF1;EP300	5.74053502391806	4.17188610029116e-42	False	((1.1, -0.18965517241379304), array([0.10965142, 0.10252094]))	False
APOLD1	ENHA_MEF2C;EP300	17.5203301915294	5.33418624648915e-46	False	((1.1333333333333335, -0.11379310344827587), array([0.10965142, 0.10252094]))	False
APOLD1	ENHA_MEF2A;EP300	62.5089026404888	5.146909341577709e-40	False	((1.1, -0.12463054187192113), array([0.10965142, 0.10252094]))	False
APOLD1	ENHA_NR4A1;EP300	6.43632839563301	1.1798458558715e-45	False	((1.1333333333333335, 0.2113300492610839), array([0.10965142, 0.10252094]))	False
APOLD1	ENHA_TP53;EP300	32.7695710388857	4.85322958634268e-86	False	((1.1666666666666667, 0.8724137931034484), array([0.10965142, 0.10252094]))	False
APOLD1	ENHA_TCF3;EP300	26.3211028660409	1.93526019331548e-48	False	((1.1333333333333335, 0.6990147783251233), array([0.10965142, 0.10252094]))	False
APOLD1	ENHA_ZEB1;EP300	35.228807526361	7.39216789669946e-49	False	((1.1, 1.0133004926108375), array([0.10965142, 0.10252094]))	False
APOLD1	ENHA_VDR;EP300	8.25253183531411	3.7773028099004396e-56	False	((1.1, 0.9157635467980296), array([0.10965142, 0.10252094]))	False
APOLD1	ENHA_TCF4;EP300	30.8652006795544	1.1611351641658e-43	False	((1.1666666666666667, 0.7098522167487686), array([0.10965142, 0.10252094]))	False
APOLD1	ENHA_IRF1;EP300	50.4105585473323	5.91535827041039e-33	False	((1.1333333333333335, -0.4064039408866995), array([0.10965142, 0.10252094]))	False
APOLD1	ENHA_MEF2A;EP300	62.5089026404888	5.146909341577709e-40	False	((1.1, -0.12463054187192113), array([0.10965142, 0.10252094]))	False
APOLD1	ENHA_STAT1;EP300	19.6483198615888	4.9492519102989603e-51	False	((1.1333333333333335, 0.6665024630541874), array([0.10965142, 0.10252094]))	False
APOLD1	ENHA_MAX;EP300	12.1037205312488	3.93617635639676e-61	False	((1.1333333333333335, -0.14630541871921177), array([0.10965142, 0.10252094]))	False
APOLD1	ENHA_RARA;EP300	9.07224253673496	4.65023077903155e-52	False	((1.1666666666666667, 0.3522167487684731), array([0.10965142, 0.10252094]))	False
APOLD1	ENHA_SOX4;EP300	9.78208419753197	2.09513481811629e-56	False	((1.1, 0.5581280788177341), array([0.10965142, 0.10252094]))	False
APOLD1	ENHA_EGR1;EP300	34.5421582761272	4.32289316170903e-48	False	((1.1, -0.8399014778325123), array([0.10965142, 0.10252094]))	False
APOLD1	ENHA_NFKB1;EP300	129.484364490928	5.44235324557662e-43	False	((1.1333333333333335, 0.08128078817733986), array([0.10965142, 0.10252094]))	False
APOLD1	ENHA_MEF2C;EP300	17.5203301915294	5.33418624648915e-46	False	((1.1333333333333335, -0.11379310344827587), array([0.10965142, 0.10252094]))	False
APOLD1	ENHA_IRF1;EP300	50.4105585473323	5.91535827041039e-33	False	((1.1333333333333335, -0.4064039408866995), array([0.10965142, 0.10252094]))	False
APOLD1	ENHA_MEF2A;EP300	62.5089026404888	5.146909341577709e-40	False	((1.1, -0.12463054187192113), array([0.10965142, 0.10252094]))	False
APOLD1	ENHA_YY1;EP300	8.03006652838797	5.76228053962829e-53	False	((1.1666666666666667, 0.9374384236453204), array([0.10965142, 0.10252094]))	False
APOLD1	ENHA_MEF2A;EP300	62.5089026404888	5.146909341577709e-40	False	((1.1, -0.12463054187192113), array([0.10965142, 0.10252094]))	False
APOLD1	ENHA_LEF1;EP300	5.74053502391806	4.17188610029116e-42	False	((1.1, -0.18965517241379304), array([0.10965142, 0.10252094]))	False
APOLD1	ENHA_ETV1;EP300	9.95985877213319	2.44491684085895e-57	False	((1.1666666666666667, -0.7532019704433498), array([0.10965142, 0.10252094]))	False
APOLD1	ENHA_TCF7L2;EP300	7.26199599295497	8.92692568498885e-53	False	((1.1, 0.720689655172414), array([0.10965142, 0.10252094]))	False
APOLD1	ENHA_NFKB1;EP300	129.484364490928	5.44235324557662e-43	False	((1.1333333333333335, 0.08128078817733986), array([0.10965142, 0.10252094]))	False
APOLD1	ENHA_MEF2C;EP300	17.5203301915294	5.33418624648915e-46	False	((1.1333333333333335, -0.11379310344827587), array([0.10965142, 0.10252094]))	False
APOLD1	ENHA_MEF2A;EP300	62.5089026404888	5.146909341577709e-40	False	((1.1, -0.12463054187192113), array([0.10965142, 0.10252094]))	False
APOLD1	ENHA_ATF4;EP300	6.96176808236927	1.6127703636432699e-50	False	((1.1333333333333335, -1.0566502463054188), array([0.10965142, 0.10252094]))	False
APOLD1	ENHA_MAX;EP300	12.1037205312488	3.93617635639676e-61	False	((1.1333333333333335, -0.14630541871921177), array([0.10965142, 0.10252094]))	False
APOLD1	ENHA_MYC;EP300	7.40432991543181	8.50915348539655e-54	False	((1.1666666666666667, -0.005418719211822687), array([0.10965142, 0.10252094]))	False
APOLD1	ENHA_RARA;EP300	9.07224253673496	4.65023077903155e-52	False	((1.1666666666666667, 0.3522167487684731), array([0.10965142, 0.10252094]))	False
APOLD1	ENHA_SREBF1;EP300	8.81890037176241	2.6022533089029e-55	False	((1.1333333333333335, 0.6339901477832512), array([0.10965142, 0.10252094]))	False
APOLD1	ENHA_TCF4;EP300	30.8652006795544	1.1611351641658e-43	False	((1.1666666666666667, 0.7098522167487686), array([0.10965142, 0.10252094]))	False
APOLD1	ENHA_MEF2C;EP300	17.5203301915294	5.33418624648915e-46	False	((1.1333333333333335, -0.11379310344827587), array([0.10965142, 0.10252094]))	False
APOLD1	ENHA_MEF2A;EP300	62.5089026404888	5.146909341577709e-40	False	((1.1, -0.12463054187192113), array([0.10965142, 0.10252094]))	False
APOLD1	ENHA_STAT1;EP300	19.6483198615888	4.9492519102989603e-51	False	((1.1333333333333335, 0.6665024630541874), array([0.10965142, 0.10252094]))	False
APOLD1	ENHA_NR4A1;EP300	6.43632839563301	1.1798458558715e-45	False	((1.1333333333333335, 0.2113300492610839), array([0.10965142, 0.10252094]))	False
APOLD1	ENHA_KLF2;EP300	17.0176785565628	3.92525933226336e-50	False	((1.1, -0.25467980295566506), array([0.10965142, 0.10252094]))	False
APOLD1	ENHA_LEF1;EP300	5.74053502391806	4.17188610029116e-42	False	((1.1, -0.18965517241379304), array([0.10965142, 0.10252094]))	False
APOLD1	ENHA_ESR2;EP300	18.0404165833528	1.74168605237252e-64	False	((1.1, -0.7748768472906404), array([0.10965142, 0.10252094]))	False
APOLD1	ENHA_TCF7L2;EP300	7.26199599295497	8.92692568498885e-53	False	((1.1, 0.720689655172414), array([0.10965142, 0.10252094]))	False
APOLD1	ENHA_KLF5;EP300	33.807282899385	7.90666215892512e-54	False	((1.1, -0.22216748768472905), array([0.10965142, 0.10252094]))	False
APOLD1	ENHA_EGR1;EP300	34.5421582761272	4.32289316170903e-48	False	((1.1, -0.8399014778325123), array([0.10965142, 0.10252094]))	False
APOLD1	ENHA_YY1;EP300	8.03006652838797	5.76228053962829e-53	False	((1.1666666666666667, 0.9374384236453204), array([0.10965142, 0.10252094]))	False
APOLD1	ENHA_IRF1;EP300	50.4105585473323	5.91535827041039e-33	False	((1.1333333333333335, -0.4064039408866995), array([0.10965142, 0.10252094]))	False
APOLD1	ENHA_CREB1;EP300	20.5112731449886	4.78292886407675e-74	False	((1.1, -0.9374384236453203), array([0.10965142, 0.10252094]))	False
APOLD1	ENHA_ATF2;EP300	9.76964593879026	2.0535160315439002e-66	False	((1.1666666666666667, -1.0783251231527093), array([0.10965142, 0.10252094]))	False
APOLD1	ENHA_JUN;EP300	7.13404962490209	6.2046500010580304e-52	False	((1.1666666666666667, -0.33054187192118223), array([0.10965142, 0.10252094]))	False
APOLD1	ENHA_NR4A1;EP300	6.43632839563301	1.1798458558715e-45	False	((1.1333333333333335, 0.2113300492610839), array([0.10965142, 0.10252094]))	False
APOLD1	ENHA_KLF2;EP300	17.0176785565628	3.92525933226336e-50	False	((1.1, -0.25467980295566506), array([0.10965142, 0.10252094]))	False
APOLD1	ENHA_LEF1;EP300	5.74053502391806	4.17188610029116e-42	False	((1.1, -0.18965517241379304), array([0.10965142, 0.10252094]))	False
APOLD1	ENHA_IRF2;EP300	6.91152065832238	1.56869785330295e-50	False	((1.1666666666666667, -0.39556650246305414), array([0.10965142, 0.10252094]))	False
APOLD1	ENHA_ESR2;EP300	18.0404165833528	1.74168605237252e-64	False	((1.1, -0.7748768472906404), array([0.10965142, 0.10252094]))	False
APOLD1	ENHA_HIF1A;EP300	5.98038954257063	4.69702054052688e-37	False	((1.1, -0.5147783251231527), array([0.10965142, 0.10252094]))	False
APOLD1	ENHA_TCF7L2;EP300	7.26199599295497	8.92692568498885e-53	False	((1.1, 0.720689655172414), array([0.10965142, 0.10252094]))	False
APOLD1	ENHA_KLF5;EP300	33.807282899385	7.90666215892512e-54	False	((1.1, -0.22216748768472905), array([0.10965142, 0.10252094]))	False
APOLD1	ENHA_PPARD;EP300	7.58241626620489	5.7594140191783195e-55	False	((1.1333333333333335, 0.3088669950738918), array([0.10965142, 0.10252094]))	False
APOLD1	ENHA_KLF4;EP300	46.1968334680727	2.82826658848015e-42	False	((1.1666666666666667, -0.23300492610837442), array([0.10965142, 0.10252094]))	False
APOLD1	ENHA_NFYB;EP300	8.91640141912879	1.03069310744695e-59	False	((1.1333333333333335, 0.11379310344827598), array([0.10965142, 0.10252094]))	False
APOLD1	ENHA_TFAP2A;EP300	60.6649735703406	8.4477780990255e-39	False	((1.1333333333333335, 0.7640394088669953), array([0.10965142, 0.10252094]))	False
APOLD1	ENHA_IRF1;EP300	50.4105585473323	5.91535827041039e-33	False	((1.1333333333333335, -0.4064039408866995), array([0.10965142, 0.10252094]))	False
APOLD1	ENHA_MEF2A;EP300	62.5089026404888	5.146909341577709e-40	False	((1.1, -0.12463054187192113), array([0.10965142, 0.10252094]))	False
APOLD1	ENHA_CEBPB;EP300	9.33796501371915	5.5060931806428e-50	False	((1.1, -0.9699507389162563), array([0.10965142, 0.10252094]))	False
APOLD1	ENHA_MAX;EP300	12.1037205312488	3.93617635639676e-61	False	((1.1333333333333335, -0.14630541871921177), array([0.10965142, 0.10252094]))	False
APOLD1	ENHA_NR4A1;EP300	6.43632839563301	1.1798458558715e-45	False	((1.1333333333333335, 0.2113300492610839), array([0.10965142, 0.10252094]))	False
APOLD1	ENHA_MYC;EP300	7.40432991543181	8.50915348539655e-54	False	((1.1666666666666667, -0.005418719211822687), array([0.10965142, 0.10252094]))	False
APOLD1	ENHA_NR3C2;EP300	6.5113734390767	2.80096023839699e-46	False	((1.1, 0.20049261083743852), array([0.10965142, 0.10252094]))	False
APOLD1	ENHA_CEBPB;EP300	9.33796501371915	5.5060931806428e-50	False	((1.1, -0.9699507389162563), array([0.10965142, 0.10252094]))	False
APOLD1	ENHA_AR;EP300	9.40257377404001	4.29543807803831e-63	False	((1.1, -1.1), array([0.10965142, 0.10252094]))	False
APOLD1	ENHA_SP1;EP300	inf	8.97061242910734e-25	False	((1.1666666666666667, 0.5798029556650248), array([0.10965142, 0.10252094]))	False
APOLD1	ENHA_NR4A1;EP300	6.43632839563301	1.1798458558715e-45	False	((1.1333333333333335, 0.2113300492610839), array([0.10965142, 0.10252094]))	False
APOLD1	ENHA_TCF3;EP300	26.3211028660409	1.93526019331548e-48	False	((1.1333333333333335, 0.6990147783251233), array([0.10965142, 0.10252094]))	False
APOLD1	ENHA_SNAI1;EP300	13.2495163755927	1.00410678714182e-53	False	((1.1666666666666667, 0.5147783251231528), array([0.10965142, 0.10252094]))	False
APOLD1	ENHA_ZEB1;EP300	35.228807526361	7.39216789669946e-49	False	((1.1, 1.0133004926108375), array([0.10965142, 0.10252094]))	False
APOLD1	ENHA_TCF4;EP300	30.8652006795544	1.1611351641658e-43	False	((1.1666666666666667, 0.7098522167487686), array([0.10965142, 0.10252094]))	False
APOLD1	ENHA_TFAP2A;EP300	60.6649735703406	8.4477780990255e-39	False	((1.1333333333333335, 0.7640394088669953), array([0.10965142, 0.10252094]))	False
APOLD1	ENHA_IRF1;EP300	50.4105585473323	5.91535827041039e-33	False	((1.1333333333333335, -0.4064039408866995), array([0.10965142, 0.10252094]))	False
APOLD1	ENHA_CREB1;EP300	20.5112731449886	4.78292886407675e-74	False	((1.1, -0.9374384236453203), array([0.10965142, 0.10252094]))	False
APOLD1	ENHA_STAT1;EP300	19.6483198615888	4.9492519102989603e-51	False	((1.1333333333333335, 0.6665024630541874), array([0.10965142, 0.10252094]))	False
APOLD1	ENHA_IRF2;EP300	6.91152065832238	1.56869785330295e-50	False	((1.1666666666666667, -0.39556650246305414), array([0.10965142, 0.10252094]))	False
APOLD1	ENHA_IRF3;EP300	8.02896292811947	3.4267082191980696e-55	False	((1.1, -0.3847290640394089), array([0.10965142, 0.10252094]))	False
APOLD1	ENHA_TCF3;EP300	26.3211028660409	1.93526019331548e-48	False	((1.1333333333333335, 0.6990147783251233), array([0.10965142, 0.10252094]))	False
APOLD1	ENHA_SREBF1;EP300	8.81890037176241	2.6022533089029e-55	False	((1.1333333333333335, 0.6339901477832512), array([0.10965142, 0.10252094]))	False
APOLD1	ENHA_ZEB1;EP300	35.228807526361	7.39216789669946e-49	False	((1.1, 1.0133004926108375), array([0.10965142, 0.10252094]))	False
APOLD1	ENHA_TCF4;EP300	30.8652006795544	1.1611351641658e-43	False	((1.1666666666666667, 0.7098522167487686), array([0.10965142, 0.10252094]))	False
APOLD1	ENHA_STAT1;EP300	19.6483198615888	4.9492519102989603e-51	False	((1.1333333333333335, 0.6665024630541874), array([0.10965142, 0.10252094]))	False
APOLD1	ENHA_MYB;EP300	4.99727923172446	1.8218695410591999e-34	False	((1.1333333333333335, -0.01625615763546784), array([0.10965142, 0.10252094]))	False
APOLD1	ENHA_SNAI1;EP300	13.2495163755927	1.00410678714182e-53	False	((1.1666666666666667, 0.5147783251231528), array([0.10965142, 0.10252094]))	False
APOLD1	ENHA_NFYB;EP300	8.91640141912879	1.03069310744695e-59	False	((1.1333333333333335, 0.11379310344827598), array([0.10965142, 0.10252094]))	False
APOLD1	ENHA_JUND;EP300	9.75874594774177	5.77247879522652e-62	False	((1.1333333333333335, -0.3088669950738916), array([0.10965142, 0.10252094]))	False
APOLD1	ENHA_JUNB;EP300	7.85051909746085	3.2684900496126903e-52	False	((1.1, -0.31970443349753697), array([0.10965142, 0.10252094]))	False
APOLD1	ENHA_FOS;EP300	8.06796643318305	4.03263139693016e-57	False	((1.1, -0.7098522167487685), array([0.10965142, 0.10252094]))	False
APOLD1	ENHA_RORA;EP300	5.82727604231758	3.51893161843664e-41	False	((1.1333333333333335, 0.43891625615763563), array([0.10965142, 0.10252094]))	False
APOLD1	ENHA_EGR1;EP300	34.5421582761272	4.32289316170903e-48	False	((1.1, -0.8399014778325123), array([0.10965142, 0.10252094]))	False
APOLD1	ENHA_KLF4;EP300	46.1968334680727	2.82826658848015e-42	False	((1.1666666666666667, -0.23300492610837442), array([0.10965142, 0.10252094]))	False
APOLD1	ENHA_TFAP2A;EP300	60.6649735703406	8.4477780990255e-39	False	((1.1333333333333335, 0.7640394088669953), array([0.10965142, 0.10252094]))	False
APOLD1	ENHA_IRF1;EP300	50.4105585473323	5.91535827041039e-33	False	((1.1333333333333335, -0.4064039408866995), array([0.10965142, 0.10252094]))	False
APOLD1	ENHA_SP1;EP300	inf	8.97061242910734e-25	False	((1.1666666666666667, 0.5798029556650248), array([0.10965142, 0.10252094]))	False
APOLD1	ENHA_TCF3;EP300	26.3211028660409	1.93526019331548e-48	False	((1.1333333333333335, 0.6990147783251233), array([0.10965142, 0.10252094]))	False
APOLD1	ENHA_ZEB1;EP300	35.228807526361	7.39216789669946e-49	False	((1.1, 1.0133004926108375), array([0.10965142, 0.10252094]))	False
APOLD1	ENHA_TCF4;EP300	30.8652006795544	1.1611351641658e-43	False	((1.1666666666666667, 0.7098522167487686), array([0.10965142, 0.10252094]))	False
APOLD1	ENHA_MEF2C;EP300	17.5203301915294	5.33418624648915e-46	False	((1.1333333333333335, -0.11379310344827587), array([0.10965142, 0.10252094]))	False
APOLD1	ENHA_TFAP2A;EP300	60.6649735703406	8.4477780990255e-39	False	((1.1333333333333335, 0.7640394088669953), array([0.10965142, 0.10252094]))	False
APOLD1	ENHA_MEF2A;EP300	62.5089026404888	5.146909341577709e-40	False	((1.1, -0.12463054187192113), array([0.10965142, 0.10252094]))	False
APOLD1	ENHA_MAX;EP300	12.1037205312488	3.93617635639676e-61	False	((1.1333333333333335, -0.14630541871921177), array([0.10965142, 0.10252094]))	False
APOLD1	ENHA_TP53;EP300	32.7695710388857	4.85322958634268e-86	False	((1.1666666666666667, 0.8724137931034484), array([0.10965142, 0.10252094]))	False
APOLD1	ENHA_KLF2;EP300	17.0176785565628	3.92525933226336e-50	False	((1.1, -0.25467980295566506), array([0.10965142, 0.10252094]))	False
APOLD1	ENHA_TWIST1;EP300	5.83265516752251	1.44387703849911e-42	False	((1.1333333333333335, 0.8940886699507391), array([0.10965142, 0.10252094]))	False
APOLD1	ENHA_NR3C2;EP300	6.5113734390767	2.80096023839699e-46	False	((1.1, 0.20049261083743852), array([0.10965142, 0.10252094]))	False
APOLD1	ENHA_KLF5;EP300	33.807282899385	7.90666215892512e-54	False	((1.1, -0.22216748768472905), array([0.10965142, 0.10252094]))	False
APOLD1	ENHA_EGR1;EP300	34.5421582761272	4.32289316170903e-48	False	((1.1, -0.8399014778325123), array([0.10965142, 0.10252094]))	False
APOLD1	ENHA_KLF4;EP300	46.1968334680727	2.82826658848015e-42	False	((1.1666666666666667, -0.23300492610837442), array([0.10965142, 0.10252094]))	False
APOLD1	ENHA_AR;EP300	9.40257377404001	4.29543807803831e-63	False	((1.1, -1.1), array([0.10965142, 0.10252094]))	False
APOLD1	ENHA_SP1;EP300	inf	8.97061242910734e-25	False	((1.1666666666666667, 0.5798029556650248), array([0.10965142, 0.10252094]))	False
APOLD1	ENHA_ESR2;EP300	18.0404165833528	1.74168605237252e-64	False	((1.1, -0.7748768472906404), array([0.10965142, 0.10252094]))	False
APOLD1	ENHA_ZBTB7B;EP300	4.89960282940472	9.80431002183603e-33	False	((1.1333333333333335, 0.9916256157635468), array([0.10965142, 0.10252094]))	False
APOLD1	ENHA_EGR1;EP300	34.5421582761272	4.32289316170903e-48	False	((1.1, -0.8399014778325123), array([0.10965142, 0.10252094]))	False
APOLD1	ENHA_PPARG;EP300	6.46028030694293	2.31394381468755e-47	False	((1.1666666666666667, 0.31970443349753697), array([0.10965142, 0.10252094]))	False
APOLD1	ENHA_NFKB1;EP300	129.484364490928	5.44235324557662e-43	False	((1.1333333333333335, 0.08128078817733986), array([0.10965142, 0.10252094]))	False
APOLD1	ENHA_TFAP2A;EP300	60.6649735703406	8.4477780990255e-39	False	((1.1333333333333335, 0.7640394088669953), array([0.10965142, 0.10252094]))	False
APOLD1	ENHA_KLF2;EP300	17.0176785565628	3.92525933226336e-50	False	((1.1, -0.25467980295566506), array([0.10965142, 0.10252094]))	False
APOLD1	ENHA_SOX4;EP300	9.78208419753197	2.09513481811629e-56	False	((1.1, 0.5581280788177341), array([0.10965142, 0.10252094]))	False
APOLD1	ENHA_ESR2;EP300	18.0404165833528	1.74168605237252e-64	False	((1.1, -0.7748768472906404), array([0.10965142, 0.10252094]))	False
APOLD1	ENHA_KLF5;EP300	33.807282899385	7.90666215892512e-54	False	((1.1, -0.22216748768472905), array([0.10965142, 0.10252094]))	False
APOLD1	ENHA_EGR1;EP300	34.5421582761272	4.32289316170903e-48	False	((1.1, -0.8399014778325123), array([0.10965142, 0.10252094]))	False
APOLD1	ENHA_KLF4;EP300	46.1968334680727	2.82826658848015e-42	False	((1.1666666666666667, -0.23300492610837442), array([0.10965142, 0.10252094]))	False
APOLD1	ENHA_NFKB1;EP300	129.484364490928	5.44235324557662e-43	False	((1.1333333333333335, 0.08128078817733986), array([0.10965142, 0.10252094]))	False
APOLD1	ENHA_IRF1;EP300	50.4105585473323	5.91535827041039e-33	False	((1.1333333333333335, -0.4064039408866995), array([0.10965142, 0.10252094]))	False
APOLD1	ENHA_CEBPB;EP300	9.33796501371915	5.5060931806428e-50	False	((1.1, -0.9699507389162563), array([0.10965142, 0.10252094]))	False
APOLD1	ENHA_SP1;EP300	inf	8.97061242910734e-25	False	((1.1666666666666667, 0.5798029556650248), array([0.10965142, 0.10252094]))	False
APOLD1	ENHA_MAX;EP300	12.1037205312488	3.93617635639676e-61	False	((1.1333333333333335, -0.14630541871921177), array([0.10965142, 0.10252094]))	False
APOLD1	ENHA_TCF3;EP300	26.3211028660409	1.93526019331548e-48	False	((1.1333333333333335, 0.6990147783251233), array([0.10965142, 0.10252094]))	False
APOLD1	ENHA_ZEB1;EP300	35.228807526361	7.39216789669946e-49	False	((1.1, 1.0133004926108375), array([0.10965142, 0.10252094]))	False
APOLD1	ENHA_NFYB;EP300	8.91640141912879	1.03069310744695e-59	False	((1.1333333333333335, 0.11379310344827598), array([0.10965142, 0.10252094]))	False
APOLD1	ENHA_TCF4;EP300	30.8652006795544	1.1611351641658e-43	False	((1.1666666666666667, 0.7098522167487686), array([0.10965142, 0.10252094]))	False
APOLD1	ENHA_IRF1;EP300	50.4105585473323	5.91535827041039e-33	False	((1.1333333333333335, -0.4064039408866995), array([0.10965142, 0.10252094]))	False
APOLD1	ENHA_IRF3;EP300	8.02896292811947	3.4267082191980696e-55	False	((1.1, -0.3847290640394089), array([0.10965142, 0.10252094]))	False
APOLD1	ENHA_ETV1;EP300	9.95985877213319	2.44491684085895e-57	False	((1.1666666666666667, -0.7532019704433498), array([0.10965142, 0.10252094]))	False
APOLD1	ENHA_NFKB1;EP300	129.484364490928	5.44235324557662e-43	False	((1.1333333333333335, 0.08128078817733986), array([0.10965142, 0.10252094]))	False
APOLD1	ENHA_STAT3;EP300	12.1052152653644	2.20526209118272e-68	False	((1.1666666666666667, 0.6773399014778327), array([0.10965142, 0.10252094]))	False
APOLD1	ENHA_ESR2;EP300	18.0404165833528	1.74168605237252e-64	False	((1.1, -0.7748768472906404), array([0.10965142, 0.10252094]))	False
APOLD1	ENHA_FOXO3;EP300	6.21850680822758	1.2474139775237001e-45	False	((1.1, -0.6448275862068966), array([0.10965142, 0.10252094]))	False
APOLD1	ENHA_IRF1;EP300	50.4105585473323	5.91535827041039e-33	False	((1.1333333333333335, -0.4064039408866995), array([0.10965142, 0.10252094]))	False
APOLD1	ENHA_MEF2A;EP300	62.5089026404888	5.146909341577709e-40	False	((1.1, -0.12463054187192113), array([0.10965142, 0.10252094]))	False
APOLD1	ENHA_AR;EP300	9.40257377404001	4.29543807803831e-63	False	((1.1, -1.1), array([0.10965142, 0.10252094]))	False
APOLD1	ENHA_SP1;EP300	inf	8.97061242910734e-25	False	((1.1666666666666667, 0.5798029556650248), array([0.10965142, 0.10252094]))	False
APOLD1	ENHA_NR4A1;EP300	6.43632839563301	1.1798458558715e-45	False	((1.1333333333333335, 0.2113300492610839), array([0.10965142, 0.10252094]))	False
APOLD1	ENHA_LEF1;EP300	5.74053502391806	4.17188610029116e-42	False	((1.1, -0.18965517241379304), array([0.10965142, 0.10252094]))	False
APOLD1	ENHA_TCF7L2;EP300	7.26199599295497	8.92692568498885e-53	False	((1.1, 0.720689655172414), array([0.10965142, 0.10252094]))	False
APOLD1	ENHA_STAT3;EP300	12.1052152653644	2.20526209118272e-68	False	((1.1666666666666667, 0.6773399014778327), array([0.10965142, 0.10252094]))	False
APOLD1	ENHA_STAT1;EP300	19.6483198615888	4.9492519102989603e-51	False	((1.1333333333333335, 0.6665024630541874), array([0.10965142, 0.10252094]))	False
APOLD1	ENHA_NR4A1;EP300	6.43632839563301	1.1798458558715e-45	False	((1.1333333333333335, 0.2113300492610839), array([0.10965142, 0.10252094]))	False
APOLD1	ENHA_IRF3;EP300	8.02896292811947	3.4267082191980696e-55	False	((1.1, -0.3847290640394089), array([0.10965142, 0.10252094]))	False
APOLD1	ENHA_GABPA;EP300	19.7353692813691	4.5178391420514e-60	False	((1.1666666666666667, -0.6231527093596059), array([0.10965142, 0.10252094]))	False
APOLD1	ENHA_STAT1;EP300	19.6483198615888	4.9492519102989603e-51	False	((1.1333333333333335, 0.6665024630541874), array([0.10965142, 0.10252094]))	False
APOLD1	ENHA_ESR2;EP300	18.0404165833528	1.74168605237252e-64	False	((1.1, -0.7748768472906404), array([0.10965142, 0.10252094]))	False
APOLD1	ENHA_ETV1;EP300	9.95985877213319	2.44491684085895e-57	False	((1.1666666666666667, -0.7532019704433498), array([0.10965142, 0.10252094]))	False
APOLD1	ENHA_RORA;EP300	5.82727604231758	3.51893161843664e-41	False	((1.1333333333333335, 0.43891625615763563), array([0.10965142, 0.10252094]))	False
APOLD1	ENHA_KLF4;EP300	46.1968334680727	2.82826658848015e-42	False	((1.1666666666666667, -0.23300492610837442), array([0.10965142, 0.10252094]))	False
APOLD1	ENHA_MEF2A;EP300	62.5089026404888	5.146909341577709e-40	False	((1.1, -0.12463054187192113), array([0.10965142, 0.10252094]))	False
APOLD1	ENHA_NR4A1;EP300	6.43632839563301	1.1798458558715e-45	False	((1.1333333333333335, 0.2113300492610839), array([0.10965142, 0.10252094]))	False
APOLD1	ENHA_RARA;EP300	9.07224253673496	4.65023077903155e-52	False	((1.1666666666666667, 0.3522167487684731), array([0.10965142, 0.10252094]))	False
APOLD1	EP300;PROM_IRF1	0.749319409469302	0.154011773140445	False	(array([0.10965142, 0.10252094]), (-1.1, -0.8130434782608696))	False
APOLD1	EP300;PROM_EGR1	22.4911650694443	5.43181681778134e-27	False	(array([0.10965142, 0.10252094]), (-1.1, -1.1))	False
APOLD1	EP300;PROM_SP1	53.0996468428695	2.58503719991918e-19	False	(array([0.10965142, 0.10252094]), (-1.1333333333333335, 0.14347826086956506))	False
APOLD1	EP300;PROM_TFAP2A	4.05099120961953	8.52578610868109e-15	False	(array([0.10965142, 0.10252094]), (-1.1333333333333335, 0.7173913043478262))	False
APOLD1	EP300;PROM_KLF5	9.30356034015731	4.2631528680532195e-34	False	(array([0.10965142, 0.10252094]), (-1.1, -0.5260869565217392))	False
APOLD1	EP300;PROM_KLF4	6.79318021862838	1.51833881976652e-25	False	(array([0.10965142, 0.10252094]), (-1.1666666666666667, -0.6217391304347827))	False
APOLD1	EP300;PROM_NFYB	1.28150266801026	0.116093372871226	False	(array([0.10965142, 0.10252094]), (-1.1333333333333335, -0.14347826086956528))	False
APOLD1	ENHA_JDP2;JUN	6.30996401913038	5.89711934557757e-46	False	((1.1333333333333335, -0.3413793103448276), array([ 0.0264173 , -0.10124259]))	True
APOLD1	ENHA_MEF2D;JUN	7.29877434843436	5.6768104393648e-41	False	((1.1666666666666667, -0.1029556650246305), array([ 0.0264173 , -0.10124259]))	False
APOLD1	ENHA_MEF2A;JUN	9.82629298855348	2.9108485938392098e-33	False	((1.1, -0.12463054187192113), array([ 0.0264173 , -0.10124259]))	False
APOLD1	ENHA_CREB1;JUN	9.65073756692718	9.65745809793586e-62	False	((1.1, -0.9374384236453203), array([ 0.0264173 , -0.10124259]))	False
APOLD1	ENHA_ATF2;JUN	7.21652492663391	3.01304920990679e-48	False	((1.1666666666666667, -1.0783251231527093), array([ 0.0264173 , -0.10124259]))	True
APOLD1	ENHA_JUND;JUN	8.69244115575855	1.47886146183086e-59	False	((1.1333333333333335, -0.3088669950738916), array([ 0.0264173 , -0.10124259]))	False
APOLD1	ENHA_FOSL2;JUN	7.07857180989041	2.6984187320593397e-50	False	((1.1333333333333335, -0.6990147783251233), array([ 0.0264173 , -0.10124259]))	False
APOLD1	ENHA_SP1;JUN	11.3973977543785	1.06163520975177e-25	False	((1.1666666666666667, 0.5798029556650248), array([ 0.0264173 , -0.10124259]))	False
APOLD1	ENHA_JUNB;JUN	6.92711169077452	4.32521457216719e-49	False	((1.1, -0.31970443349753697), array([ 0.0264173 , -0.10124259]))	False
APOLD1	ENHA_FOS;JUN	7.48894299724089	2.4662260830232402e-54	False	((1.1, -0.7098522167487685), array([ 0.0264173 , -0.10124259]))	True
APOLD1	ENHA_RUNX1;JUN	5.54716505229153	2.9875819996829802e-37	False	((1.1, 0.46059113300492616), array([ 0.0264173 , -0.10124259]))	False
APOLD1	ENHA_NFATC2;JUN	6.52480289294246	3.48829760950964e-24	False	((1.1, 0.005418719211822687), array([ 0.0264173 , -0.10124259]))	False
APOLD1	ENHA_MEF2D;JUN	7.29877434843436	5.6768104393648e-41	False	((1.1666666666666667, -0.1029556650246305), array([ 0.0264173 , -0.10124259]))	False
APOLD1	ENHA_BCL6;JUN	7.18893670030861	2.5879516343922803e-47	False	((1.1666666666666667, -1.0133004926108375), array([ 0.0264173 , -0.10124259]))	False
APOLD1	ENHA_MEF2A;JUN	9.82629298855348	2.9108485938392098e-33	False	((1.1, -0.12463054187192113), array([ 0.0264173 , -0.10124259]))	False
APOLD1	ENHA_RUNX2;JUN	9.12028932887623	1.99785442881723e-53	False	((1.1333333333333335, 0.47142857142857153), array([ 0.0264173 , -0.10124259]))	False
APOLD1	ENHA_MAZ;JUN	13.5483492811423	3.04265512380837e-59	False	((1.1666666666666667, -0.1354679802955665), array([ 0.0264173 , -0.10124259]))	False
APOLD1	ENHA_STAT3;JUN	9.79159716132961	3.16760852576173e-64	False	((1.1666666666666667, 0.6773399014778327), array([ 0.0264173 , -0.10124259]))	False
APOLD1	ENHA_MAZ;JUN	13.5483492811423	3.04265512380837e-59	False	((1.1666666666666667, -0.1354679802955665), array([ 0.0264173 , -0.10124259]))	False
APOLD1	ENHA_SP1;JUN	11.3973977543785	1.06163520975177e-25	False	((1.1666666666666667, 0.5798029556650248), array([ 0.0264173 , -0.10124259]))	False
APOLD1	ENHA_MAZ;JUN	13.5483492811423	3.04265512380837e-59	False	((1.1666666666666667, -0.1354679802955665), array([ 0.0264173 , -0.10124259]))	False
APOLD1	ENHA_SP1;JUN	11.3973977543785	1.06163520975177e-25	False	((1.1666666666666667, 0.5798029556650248), array([ 0.0264173 , -0.10124259]))	False
APOLD1	ENHA_MAZ;JUN	13.5483492811423	3.04265512380837e-59	False	((1.1666666666666667, -0.1354679802955665), array([ 0.0264173 , -0.10124259]))	False
APOLD1	ENHA_TFAP2A;JUN	15.1759639318569	4.2716833264137596e-40	False	((1.1333333333333335, 0.7640394088669953), array([ 0.0264173 , -0.10124259]))	False
APOLD1	ENHA_MEF2A;JUN	9.82629298855348	2.9108485938392098e-33	False	((1.1, -0.12463054187192113), array([ 0.0264173 , -0.10124259]))	False
APOLD1	ENHA_TGIF1;JUN	6.70697887687807	4.1571579815035e-49	False	((1.1333333333333335, 0.8290640394088671), array([ 0.0264173 , -0.10124259]))	False
APOLD1	ENHA_SP1;JUN	11.3973977543785	1.06163520975177e-25	False	((1.1666666666666667, 0.5798029556650248), array([ 0.0264173 , -0.10124259]))	False
APOLD1	ENHA_NFATC4;JUN	6.33939742937809	3.2406776819929902e-46	False	((1.1333333333333335, 0.01625615763546806), array([ 0.0264173 , -0.10124259]))	False
APOLD1	ENHA_JUND;JUN	8.69244115575855	1.47886146183086e-59	False	((1.1333333333333335, -0.3088669950738916), array([ 0.0264173 , -0.10124259]))	False
APOLD1	ENHA_JUNB;JUN	6.92711169077452	4.32521457216719e-49	False	((1.1, -0.31970443349753697), array([ 0.0264173 , -0.10124259]))	False
APOLD1	ENHA_MEF2D;JUN	7.29877434843436	5.6768104393648e-41	False	((1.1666666666666667, -0.1029556650246305), array([ 0.0264173 , -0.10124259]))	False
APOLD1	ENHA_TFAP2A;JUN	15.1759639318569	4.2716833264137596e-40	False	((1.1333333333333335, 0.7640394088669953), array([ 0.0264173 , -0.10124259]))	False
APOLD1	ENHA_MEF2A;JUN	9.82629298855348	2.9108485938392098e-33	False	((1.1, -0.12463054187192113), array([ 0.0264173 , -0.10124259]))	False
APOLD1	ENHA_SP1;JUN	11.3973977543785	1.06163520975177e-25	False	((1.1666666666666667, 0.5798029556650248), array([ 0.0264173 , -0.10124259]))	False
APOLD1	ENHA_NFIX;JUN	5.64007567921297	5.32232692889695e-38	False	((1.1, 0.0704433497536947), array([ 0.0264173 , -0.10124259]))	False
APOLD1	ENHA_STAT3;JUN	9.79159716132961	3.16760852576173e-64	False	((1.1666666666666667, 0.6773399014778327), array([ 0.0264173 , -0.10124259]))	False
APOLD1	ENHA_RUNX2;JUN	9.12028932887623	1.99785442881723e-53	False	((1.1333333333333335, 0.47142857142857153), array([ 0.0264173 , -0.10124259]))	False
APOLD1	ENHA_MEF2A;JUN	9.82629298855348	2.9108485938392098e-33	False	((1.1, -0.12463054187192113), array([ 0.0264173 , -0.10124259]))	False
APOLD1	ENHA_NFATC4;JUN	6.33939742937809	3.2406776819929902e-46	False	((1.1333333333333335, 0.01625615763546806), array([ 0.0264173 , -0.10124259]))	False
APOLD1	ENHA_MEF2D;JUN	7.29877434843436	5.6768104393648e-41	False	((1.1666666666666667, -0.1029556650246305), array([ 0.0264173 , -0.10124259]))	False
APOLD1	ENHA_MEF2A;JUN	9.82629298855348	2.9108485938392098e-33	False	((1.1, -0.12463054187192113), array([ 0.0264173 , -0.10124259]))	False
APOLD1	ENHA_SP1;JUN	11.3973977543785	1.06163520975177e-25	False	((1.1666666666666667, 0.5798029556650248), array([ 0.0264173 , -0.10124259]))	False
APOLD1	ENHA_AR;JUN	8.66760504424909	4.59267203623136e-61	False	((1.1, -1.1), array([ 0.0264173 , -0.10124259]))	False
APOLD1	ENHA_MEF2D;JUN	7.29877434843436	5.6768104393648e-41	False	((1.1666666666666667, -0.1029556650246305), array([ 0.0264173 , -0.10124259]))	False
APOLD1	ENHA_MEF2A;JUN	9.82629298855348	2.9108485938392098e-33	False	((1.1, -0.12463054187192113), array([ 0.0264173 , -0.10124259]))	False
APOLD1	ENHA_JDP2;JUN	6.30996401913038	5.89711934557757e-46	False	((1.1333333333333335, -0.3413793103448276), array([ 0.0264173 , -0.10124259]))	True
APOLD1	ENHA_TFAP2A;JUN	15.1759639318569	4.2716833264137596e-40	False	((1.1333333333333335, 0.7640394088669953), array([ 0.0264173 , -0.10124259]))	False
APOLD1	ENHA_JUND;JUN	8.69244115575855	1.47886146183086e-59	False	((1.1333333333333335, -0.3088669950738916), array([ 0.0264173 , -0.10124259]))	False
APOLD1	ENHA_FOSL2;JUN	7.07857180989041	2.6984187320593397e-50	False	((1.1333333333333335, -0.6990147783251233), array([ 0.0264173 , -0.10124259]))	False
APOLD1	ENHA_SP1;JUN	11.3973977543785	1.06163520975177e-25	False	((1.1666666666666667, 0.5798029556650248), array([ 0.0264173 , -0.10124259]))	False
APOLD1	ENHA_JUNB;JUN	6.92711169077452	4.32521457216719e-49	False	((1.1, -0.31970443349753697), array([ 0.0264173 , -0.10124259]))	False
APOLD1	ENHA_FOS;JUN	7.48894299724089	2.4662260830232402e-54	False	((1.1, -0.7098522167487685), array([ 0.0264173 , -0.10124259]))	True
APOLD1	ENHA_ATF4;JUN	6.08356123148704	5.621023475984971e-44	False	((1.1333333333333335, -1.0566502463054188), array([ 0.0264173 , -0.10124259]))	True
APOLD1	ENHA_TGIF1;JUN	6.70697887687807	4.1571579815035e-49	False	((1.1333333333333335, 0.8290640394088671), array([ 0.0264173 , -0.10124259]))	False
APOLD1	ENHA_RUNX2;JUN	9.12028932887623	1.99785442881723e-53	False	((1.1333333333333335, 0.47142857142857153), array([ 0.0264173 , -0.10124259]))	False
APOLD1	ENHA_TFAP2A;JUN	15.1759639318569	4.2716833264137596e-40	False	((1.1333333333333335, 0.7640394088669953), array([ 0.0264173 , -0.10124259]))	False
APOLD1	ENHA_MEF2A;JUN	9.82629298855348	2.9108485938392098e-33	False	((1.1, -0.12463054187192113), array([ 0.0264173 , -0.10124259]))	False
APOLD1	ENHA_CEBPB;JUN	7.45164559424859	8.37680936224464e-47	False	((1.1, -0.9699507389162563), array([ 0.0264173 , -0.10124259]))	False
APOLD1	ENHA_MYC;JUN	7.27372881254292	2.5673434097831502e-52	False	((1.1666666666666667, -0.005418719211822687), array([ 0.0264173 , -0.10124259]))	False
APOLD1	ENHA_ATF2;JUN	7.21652492663391	3.01304920990679e-48	False	((1.1666666666666667, -1.0783251231527093), array([ 0.0264173 , -0.10124259]))	True
APOLD1	ENHA_AR;JUN	8.66760504424909	4.59267203623136e-61	False	((1.1, -1.1), array([ 0.0264173 , -0.10124259]))	False
APOLD1	ENHA_SP1;JUN	11.3973977543785	1.06163520975177e-25	False	((1.1666666666666667, 0.5798029556650248), array([ 0.0264173 , -0.10124259]))	False
APOLD1	ENHA_RUNX2;JUN	9.12028932887623	1.99785442881723e-53	False	((1.1333333333333335, 0.47142857142857153), array([ 0.0264173 , -0.10124259]))	False
APOLD1	ENHA_AR;JUN	8.66760504424909	4.59267203623136e-61	False	((1.1, -1.1), array([ 0.0264173 , -0.10124259]))	False
APOLD1	ENHA_ATF4;JUN	6.08356123148704	5.621023475984971e-44	False	((1.1333333333333335, -1.0566502463054188), array([ 0.0264173 , -0.10124259]))	True
APOLD1	ENHA_RUNX1;JUN	5.54716505229153	2.9875819996829802e-37	False	((1.1, 0.46059113300492616), array([ 0.0264173 , -0.10124259]))	False
APOLD1	ENHA_ATF4;JUN	6.08356123148704	5.621023475984971e-44	False	((1.1333333333333335, -1.0566502463054188), array([ 0.0264173 , -0.10124259]))	True
APOLD1	ENHA_STAT3;JUN	9.79159716132961	3.16760852576173e-64	False	((1.1666666666666667, 0.6773399014778327), array([ 0.0264173 , -0.10124259]))	False
APOLD1	ENHA_RUNX2;JUN	9.12028932887623	1.99785442881723e-53	False	((1.1333333333333335, 0.47142857142857153), array([ 0.0264173 , -0.10124259]))	False
APOLD1	ENHA_TFAP2A;JUN	15.1759639318569	4.2716833264137596e-40	False	((1.1333333333333335, 0.7640394088669953), array([ 0.0264173 , -0.10124259]))	False
APOLD1	ENHA_MEF2A;JUN	9.82629298855348	2.9108485938392098e-33	False	((1.1, -0.12463054187192113), array([ 0.0264173 , -0.10124259]))	False
APOLD1	ENHA_STAT3;JUN	9.79159716132961	3.16760852576173e-64	False	((1.1666666666666667, 0.6773399014778327), array([ 0.0264173 , -0.10124259]))	False
APOLD1	ENHA_HOXB9;JUN	4.30818358994179	5.79776527105268e-16	False	((1.1, -0.4497536945812808), array([ 0.0264173 , -0.10124259]))	False
APOLD1	ENHA_NFIX;JUN	5.64007567921297	5.32232692889695e-38	False	((1.1, 0.0704433497536947), array([ 0.0264173 , -0.10124259]))	False
APOLD1	ENHA_TFAP2A;JUN	15.1759639318569	4.2716833264137596e-40	False	((1.1333333333333335, 0.7640394088669953), array([ 0.0264173 , -0.10124259]))	False
APOLD1	ENHA_MEF2A;JUN	9.82629298855348	2.9108485938392098e-33	False	((1.1, -0.12463054187192113), array([ 0.0264173 , -0.10124259]))	False
APOLD1	ENHA_ZBTB7C;JUN	4.98701965334513	3.5431769494604797e-34	False	((1.1666666666666667, 1.0024630541871922), array([ 0.0264173 , -0.10124259]))	False
APOLD1	ENHA_MEF2D;JUN	7.29877434843436	5.6768104393648e-41	False	((1.1666666666666667, -0.1029556650246305), array([ 0.0264173 , -0.10124259]))	False
APOLD1	ENHA_NFE2L2;JUN	6.84316403969697	5.91817023467019e-50	False	((1.1666666666666667, 0.027093596059113434), array([ 0.0264173 , -0.10124259]))	False
APOLD1	ENHA_MEF2A;JUN	9.82629298855348	2.9108485938392098e-33	False	((1.1, -0.12463054187192113), array([ 0.0264173 , -0.10124259]))	False
APOLD1	ENHA_TFAP2A;JUN	15.1759639318569	4.2716833264137596e-40	False	((1.1333333333333335, 0.7640394088669953), array([ 0.0264173 , -0.10124259]))	False
APOLD1	ENHA_CEBPB;JUN	7.45164559424859	8.37680936224464e-47	False	((1.1, -0.9699507389162563), array([ 0.0264173 , -0.10124259]))	False
APOLD1	ENHA_SP1;JUN	11.3973977543785	1.06163520975177e-25	False	((1.1666666666666667, 0.5798029556650248), array([ 0.0264173 , -0.10124259]))	False
APOLD1	ENHA_MYC;JUN	7.27372881254292	2.5673434097831502e-52	False	((1.1666666666666667, -0.005418719211822687), array([ 0.0264173 , -0.10124259]))	False
APOLD1	ENHA_RUNX1;JUN	5.54716505229153	2.9875819996829802e-37	False	((1.1, 0.46059113300492616), array([ 0.0264173 , -0.10124259]))	False
APOLD1	ENHA_ZBTB7C;JUN	4.98701965334513	3.5431769494604797e-34	False	((1.1666666666666667, 1.0024630541871922), array([ 0.0264173 , -0.10124259]))	False
APOLD1	ENHA_TFAP2A;JUN	15.1759639318569	4.2716833264137596e-40	False	((1.1333333333333335, 0.7640394088669953), array([ 0.0264173 , -0.10124259]))	False
APOLD1	ENHA_SP1;JUN	11.3973977543785	1.06163520975177e-25	False	((1.1666666666666667, 0.5798029556650248), array([ 0.0264173 , -0.10124259]))	False
APOLD1	ENHA_MAZ;JUN	13.5483492811423	3.04265512380837e-59	False	((1.1666666666666667, -0.1354679802955665), array([ 0.0264173 , -0.10124259]))	False
APOLD1	ENHA_TFAP2A;JUN	15.1759639318569	4.2716833264137596e-40	False	((1.1333333333333335, 0.7640394088669953), array([ 0.0264173 , -0.10124259]))	False
APOLD1	ENHA_CEBPB;JUN	7.45164559424859	8.37680936224464e-47	False	((1.1, -0.9699507389162563), array([ 0.0264173 , -0.10124259]))	False
APOLD1	ENHA_ATF4;JUN	6.08356123148704	5.621023475984971e-44	False	((1.1333333333333335, -1.0566502463054188), array([ 0.0264173 , -0.10124259]))	True
APOLD1	ENHA_EBF3;JUN	6.27969973956908	8.06158011926766e-45	False	((1.1666666666666667, -0.8507389162561577), array([ 0.0264173 , -0.10124259]))	False
APOLD1	ENHA_TFAP2A;JUN	15.1759639318569	4.2716833264137596e-40	False	((1.1333333333333335, 0.7640394088669953), array([ 0.0264173 , -0.10124259]))	False
APOLD1	ENHA_SP1;JUN	11.3973977543785	1.06163520975177e-25	False	((1.1666666666666667, 0.5798029556650248), array([ 0.0264173 , -0.10124259]))	False
APOLD1	ENHA_ZBTB7C;JUN	4.98701965334513	3.5431769494604797e-34	False	((1.1666666666666667, 1.0024630541871922), array([ 0.0264173 , -0.10124259]))	False
APOLD1	ENHA_BCL6;JUN	7.18893670030861	2.5879516343922803e-47	False	((1.1666666666666667, -1.0133004926108375), array([ 0.0264173 , -0.10124259]))	False
APOLD1	ENHA_MEF2D;JUN	7.29877434843436	5.6768104393648e-41	False	((1.1666666666666667, -0.1029556650246305), array([ 0.0264173 , -0.10124259]))	False
APOLD1	ENHA_MEF2A;JUN	9.82629298855348	2.9108485938392098e-33	False	((1.1, -0.12463054187192113), array([ 0.0264173 , -0.10124259]))	False
APOLD1	ENHA_AR;JUN	8.66760504424909	4.59267203623136e-61	False	((1.1, -1.1), array([ 0.0264173 , -0.10124259]))	False
APOLD1	ENHA_MEF2D;JUN	7.29877434843436	5.6768104393648e-41	False	((1.1666666666666667, -0.1029556650246305), array([ 0.0264173 , -0.10124259]))	False
APOLD1	ENHA_MEF2A;JUN	9.82629298855348	2.9108485938392098e-33	False	((1.1, -0.12463054187192113), array([ 0.0264173 , -0.10124259]))	False
APOLD1	ENHA_MEF2D;JUN	7.29877434843436	5.6768104393648e-41	False	((1.1666666666666667, -0.1029556650246305), array([ 0.0264173 , -0.10124259]))	False
APOLD1	ENHA_MEF2A;JUN	9.82629298855348	2.9108485938392098e-33	False	((1.1, -0.12463054187192113), array([ 0.0264173 , -0.10124259]))	False
APOLD1	ENHA_MEF2D;JUN	7.29877434843436	5.6768104393648e-41	False	((1.1666666666666667, -0.1029556650246305), array([ 0.0264173 , -0.10124259]))	False
APOLD1	ENHA_MAZ;JUN	13.5483492811423	3.04265512380837e-59	False	((1.1666666666666667, -0.1354679802955665), array([ 0.0264173 , -0.10124259]))	False
APOLD1	ENHA_MEF2A;JUN	9.82629298855348	2.9108485938392098e-33	False	((1.1, -0.12463054187192113), array([ 0.0264173 , -0.10124259]))	False
APOLD1	ENHA_MEF2D;JUN	7.29877434843436	5.6768104393648e-41	False	((1.1666666666666667, -0.1029556650246305), array([ 0.0264173 , -0.10124259]))	False
APOLD1	ENHA_MEF2A;JUN	9.82629298855348	2.9108485938392098e-33	False	((1.1, -0.12463054187192113), array([ 0.0264173 , -0.10124259]))	False
APOLD1	ENHA_MEF2D;JUN	7.29877434843436	5.6768104393648e-41	False	((1.1666666666666667, -0.1029556650246305), array([ 0.0264173 , -0.10124259]))	False
APOLD1	ENHA_NFATC4;JUN	6.33939742937809	3.2406776819929902e-46	False	((1.1333333333333335, 0.01625615763546806), array([ 0.0264173 , -0.10124259]))	False
APOLD1	ENHA_MEF2A;JUN	9.82629298855348	2.9108485938392098e-33	False	((1.1, -0.12463054187192113), array([ 0.0264173 , -0.10124259]))	False
APOLD1	ENHA_ATF4;JUN	6.08356123148704	5.621023475984971e-44	False	((1.1333333333333335, -1.0566502463054188), array([ 0.0264173 , -0.10124259]))	True
APOLD1	ENHA_MYC;JUN	7.27372881254292	2.5673434097831502e-52	False	((1.1666666666666667, -0.005418719211822687), array([ 0.0264173 , -0.10124259]))	False
APOLD1	ENHA_MEF2D;JUN	7.29877434843436	5.6768104393648e-41	False	((1.1666666666666667, -0.1029556650246305), array([ 0.0264173 , -0.10124259]))	False
APOLD1	ENHA_NFE2L2;JUN	6.84316403969697	5.91817023467019e-50	False	((1.1666666666666667, 0.027093596059113434), array([ 0.0264173 , -0.10124259]))	False
APOLD1	ENHA_NFATC4;JUN	6.33939742937809	3.2406776819929902e-46	False	((1.1333333333333335, 0.01625615763546806), array([ 0.0264173 , -0.10124259]))	False
APOLD1	ENHA_MEF2A;JUN	9.82629298855348	2.9108485938392098e-33	False	((1.1, -0.12463054187192113), array([ 0.0264173 , -0.10124259]))	False
APOLD1	ENHA_JDP2;JUN	6.30996401913038	5.89711934557757e-46	False	((1.1333333333333335, -0.3413793103448276), array([ 0.0264173 , -0.10124259]))	True
APOLD1	ENHA_MEF2D;JUN	7.29877434843436	5.6768104393648e-41	False	((1.1666666666666667, -0.1029556650246305), array([ 0.0264173 , -0.10124259]))	False
APOLD1	ENHA_TFAP2A;JUN	15.1759639318569	4.2716833264137596e-40	False	((1.1333333333333335, 0.7640394088669953), array([ 0.0264173 , -0.10124259]))	False
APOLD1	ENHA_MEF2A;JUN	9.82629298855348	2.9108485938392098e-33	False	((1.1, -0.12463054187192113), array([ 0.0264173 , -0.10124259]))	False
APOLD1	ENHA_CEBPB;JUN	7.45164559424859	8.37680936224464e-47	False	((1.1, -0.9699507389162563), array([ 0.0264173 , -0.10124259]))	False
APOLD1	ENHA_FOSL2;JUN	7.07857180989041	2.6984187320593397e-50	False	((1.1333333333333335, -0.6990147783251233), array([ 0.0264173 , -0.10124259]))	False
APOLD1	ENHA_RUNX2;JUN	9.12028932887623	1.99785442881723e-53	False	((1.1333333333333335, 0.47142857142857153), array([ 0.0264173 , -0.10124259]))	False
APOLD1	ENHA_MYC;JUN	7.27372881254292	2.5673434097831502e-52	False	((1.1666666666666667, -0.005418719211822687), array([ 0.0264173 , -0.10124259]))	False
APOLD1	ENHA_NFATC2;JUN	6.52480289294246	3.48829760950964e-24	False	((1.1, 0.005418719211822687), array([ 0.0264173 , -0.10124259]))	False
APOLD1	ENHA_CEBPB;JUN	7.45164559424859	8.37680936224464e-47	False	((1.1, -0.9699507389162563), array([ 0.0264173 , -0.10124259]))	False
APOLD1	ENHA_AR;JUN	8.66760504424909	4.59267203623136e-61	False	((1.1, -1.1), array([ 0.0264173 , -0.10124259]))	False
APOLD1	ENHA_SP1;JUN	11.3973977543785	1.06163520975177e-25	False	((1.1666666666666667, 0.5798029556650248), array([ 0.0264173 , -0.10124259]))	False
APOLD1	ENHA_TFAP2A;JUN	15.1759639318569	4.2716833264137596e-40	False	((1.1333333333333335, 0.7640394088669953), array([ 0.0264173 , -0.10124259]))	False
APOLD1	ENHA_CREB1;JUN	9.65073756692718	9.65745809793586e-62	False	((1.1, -0.9374384236453203), array([ 0.0264173 , -0.10124259]))	False
APOLD1	ENHA_JDP2;JUN	6.30996401913038	5.89711934557757e-46	False	((1.1333333333333335, -0.3413793103448276), array([ 0.0264173 , -0.10124259]))	True
APOLD1	ENHA_JUND;JUN	8.69244115575855	1.47886146183086e-59	False	((1.1333333333333335, -0.3088669950738916), array([ 0.0264173 , -0.10124259]))	False
APOLD1	ENHA_FOSL2;JUN	7.07857180989041	2.6984187320593397e-50	False	((1.1333333333333335, -0.6990147783251233), array([ 0.0264173 , -0.10124259]))	False
APOLD1	ENHA_JUNB;JUN	6.92711169077452	4.32521457216719e-49	False	((1.1, -0.31970443349753697), array([ 0.0264173 , -0.10124259]))	False
APOLD1	ENHA_FOS;JUN	7.48894299724089	2.4662260830232402e-54	False	((1.1, -0.7098522167487685), array([ 0.0264173 , -0.10124259]))	True
APOLD1	ENHA_TFAP2A;JUN	15.1759639318569	4.2716833264137596e-40	False	((1.1333333333333335, 0.7640394088669953), array([ 0.0264173 , -0.10124259]))	False
APOLD1	ENHA_SP1;JUN	11.3973977543785	1.06163520975177e-25	False	((1.1666666666666667, 0.5798029556650248), array([ 0.0264173 , -0.10124259]))	False
APOLD1	ENHA_TFAP2A;JUN	15.1759639318569	4.2716833264137596e-40	False	((1.1333333333333335, 0.7640394088669953), array([ 0.0264173 , -0.10124259]))	False
APOLD1	ENHA_MEF2A;JUN	9.82629298855348	2.9108485938392098e-33	False	((1.1, -0.12463054187192113), array([ 0.0264173 , -0.10124259]))	False
APOLD1	ENHA_TGIF1;JUN	6.70697887687807	4.1571579815035e-49	False	((1.1333333333333335, 0.8290640394088671), array([ 0.0264173 , -0.10124259]))	False
APOLD1	ENHA_AR;JUN	8.66760504424909	4.59267203623136e-61	False	((1.1, -1.1), array([ 0.0264173 , -0.10124259]))	False
APOLD1	ENHA_SP1;JUN	11.3973977543785	1.06163520975177e-25	False	((1.1666666666666667, 0.5798029556650248), array([ 0.0264173 , -0.10124259]))	False
APOLD1	ENHA_EBF3;JUN	6.27969973956908	8.06158011926766e-45	False	((1.1666666666666667, -0.8507389162561577), array([ 0.0264173 , -0.10124259]))	False
APOLD1	ENHA_NFIX;JUN	5.64007567921297	5.32232692889695e-38	False	((1.1, 0.0704433497536947), array([ 0.0264173 , -0.10124259]))	False
APOLD1	ENHA_ZBTB7C;JUN	4.98701965334513	3.5431769494604797e-34	False	((1.1666666666666667, 1.0024630541871922), array([ 0.0264173 , -0.10124259]))	False
APOLD1	ENHA_CREB3;JUN	5.06701471546915	2.20096930798559e-19	False	((1.1333333333333335, -0.926600985221675), array([ 0.0264173 , -0.10124259]))	False
APOLD1	ENHA_TFAP2A;JUN	15.1759639318569	4.2716833264137596e-40	False	((1.1333333333333335, 0.7640394088669953), array([ 0.0264173 , -0.10124259]))	False
APOLD1	ENHA_NFIX;JUN	5.64007567921297	5.32232692889695e-38	False	((1.1, 0.0704433497536947), array([ 0.0264173 , -0.10124259]))	False
APOLD1	ENHA_CEBPB;JUN	7.45164559424859	8.37680936224464e-47	False	((1.1, -0.9699507389162563), array([ 0.0264173 , -0.10124259]))	False
APOLD1	ENHA_SP1;JUN	11.3973977543785	1.06163520975177e-25	False	((1.1666666666666667, 0.5798029556650248), array([ 0.0264173 , -0.10124259]))	False
APOLD1	ENHA_MAZ;JUN	13.5483492811423	3.04265512380837e-59	False	((1.1666666666666667, -0.1354679802955665), array([ 0.0264173 , -0.10124259]))	False
APOLD1	ENHA_NFATC4;JUN	6.33939742937809	3.2406776819929902e-46	False	((1.1333333333333335, 0.01625615763546806), array([ 0.0264173 , -0.10124259]))	False
APOLD1	ENHA_STAT3;JUN	9.79159716132961	3.16760852576173e-64	False	((1.1666666666666667, 0.6773399014778327), array([ 0.0264173 , -0.10124259]))	False
APOLD1	ENHA_MEF2D;JUN	7.29877434843436	5.6768104393648e-41	False	((1.1666666666666667, -0.1029556650246305), array([ 0.0264173 , -0.10124259]))	False
APOLD1	ENHA_MEF2A;JUN	9.82629298855348	2.9108485938392098e-33	False	((1.1, -0.12463054187192113), array([ 0.0264173 , -0.10124259]))	False
APOLD1	ENHA_AR;JUN	8.66760504424909	4.59267203623136e-61	False	((1.1, -1.1), array([ 0.0264173 , -0.10124259]))	False
APOLD1	ENHA_SP1;JUN	11.3973977543785	1.06163520975177e-25	False	((1.1666666666666667, 0.5798029556650248), array([ 0.0264173 , -0.10124259]))	False
APOLD1	ENHA_STAT3;JUN	9.79159716132961	3.16760852576173e-64	False	((1.1666666666666667, 0.6773399014778327), array([ 0.0264173 , -0.10124259]))	False
APOLD1	ENHA_MAZ;JUN	13.5483492811423	3.04265512380837e-59	False	((1.1666666666666667, -0.1354679802955665), array([ 0.0264173 , -0.10124259]))	False
APOLD1	ENHA_RUNX2;JUN	9.12028932887623	1.99785442881723e-53	False	((1.1333333333333335, 0.47142857142857153), array([ 0.0264173 , -0.10124259]))	False
APOLD1	ENHA_MEF2A;JUN	9.82629298855348	2.9108485938392098e-33	False	((1.1, -0.12463054187192113), array([ 0.0264173 , -0.10124259]))	False
APOLD1	JUN;PROM_SP1	7.33053373768376	1.28845498148283e-16	False	(array([ 0.0264173 , -0.10124259]), (-1.1333333333333335, 0.14347826086956506))	False
APOLD1	JUN;PROM_TFAP2A	3.81526109857706	7.88028267599189e-16	False	(array([ 0.0264173 , -0.10124259]), (-1.1333333333333335, 0.7173913043478262))	False
APOLD1	ENHA_MEF2C;MAPK14	11.3918331135506	9.522321772246389e-55	False	((1.1333333333333335, -0.11379310344827587), array([ 0.94467535, -0.27345408]))	False
APOLD1	ENHA_MEF2D;MAPK14	8.47663448394302	8.09974176447202e-50	False	((1.1666666666666667, -0.1029556650246305), array([ 0.94467535, -0.27345408]))	False
APOLD1	ENHA_ATF2;MAPK14	11.0698486306086	1.60829280297554e-74	False	((1.1666666666666667, -1.0783251231527093), array([ 0.94467535, -0.27345408]))	False
APOLD1	ENHA_MEF2C;MAPK14	11.3918331135506	9.522321772246389e-55	False	((1.1333333333333335, -0.11379310344827587), array([ 0.94467535, -0.27345408]))	False
APOLD1	ENHA_MEF2D;MAPK14	8.47663448394302	8.09974176447202e-50	False	((1.1666666666666667, -0.1029556650246305), array([ 0.94467535, -0.27345408]))	False
APOLD1	ENHA_MAZ;MAPK14	9.86643030376595	2.44775764089142e-64	False	((1.1666666666666667, -0.1354679802955665), array([ 0.94467535, -0.27345408]))	False
APOLD1	ENHA_NR4A1;MAPK14	8.07999950390097	4.68121027164623e-58	False	((1.1333333333333335, 0.2113300492610839), array([ 0.94467535, -0.27345408]))	False
APOLD1	ENHA_ATF2;MAPK14	11.0698486306086	1.60829280297554e-74	False	((1.1666666666666667, -1.0783251231527093), array([ 0.94467535, -0.27345408]))	False
APOLD1	ENHA_NFATC4;MAPK14	7.86339697353891	1.0623236720204e-55	False	((1.1333333333333335, 0.01625615763546806), array([ 0.94467535, -0.27345408]))	False
APOLD1	ENHA_MEF2C;MAPK14	11.3918331135506	9.522321772246389e-55	False	((1.1333333333333335, -0.11379310344827587), array([ 0.94467535, -0.27345408]))	False
APOLD1	ENHA_MEF2D;MAPK14	8.47663448394302	8.09974176447202e-50	False	((1.1666666666666667, -0.1029556650246305), array([ 0.94467535, -0.27345408]))	False
APOLD1	ENHA_TP53;MAPK14	19.4162977739877	2.29406419222188e-90	False	((1.1666666666666667, 0.8724137931034484), array([ 0.94467535, -0.27345408]))	False
APOLD1	ENHA_TP53;MAPK14	19.4162977739877	2.29406419222188e-90	False	((1.1666666666666667, 0.8724137931034484), array([ 0.94467535, -0.27345408]))	False
APOLD1	ENHA_NFATC4;MAPK14	7.86339697353891	1.0623236720204e-55	False	((1.1333333333333335, 0.01625615763546806), array([ 0.94467535, -0.27345408]))	False
APOLD1	ENHA_MEF2C;MAPK14	11.3918331135506	9.522321772246389e-55	False	((1.1333333333333335, -0.11379310344827587), array([ 0.94467535, -0.27345408]))	False
APOLD1	ENHA_MEF2D;MAPK14	8.47663448394302	8.09974176447202e-50	False	((1.1666666666666667, -0.1029556650246305), array([ 0.94467535, -0.27345408]))	False
APOLD1	ENHA_NR4A1;MAPK14	8.07999950390097	4.68121027164623e-58	False	((1.1333333333333335, 0.2113300492610839), array([ 0.94467535, -0.27345408]))	False
APOLD1	ENHA_MEF2C;MAPK14	11.3918331135506	9.522321772246389e-55	False	((1.1333333333333335, -0.11379310344827587), array([ 0.94467535, -0.27345408]))	False
APOLD1	ENHA_MEF2D;MAPK14	8.47663448394302	8.09974176447202e-50	False	((1.1666666666666667, -0.1029556650246305), array([ 0.94467535, -0.27345408]))	False
APOLD1	ENHA_ATF2;MAPK14	11.0698486306086	1.60829280297554e-74	False	((1.1666666666666667, -1.0783251231527093), array([ 0.94467535, -0.27345408]))	False
APOLD1	ENHA_MAX;MAPK14	13.0695302448099	9.824649666703e-75	False	((1.1333333333333335, -0.14630541871921177), array([ 0.94467535, -0.27345408]))	False
APOLD1	ENHA_MEF2C;MAPK14	11.3918331135506	9.522321772246389e-55	False	((1.1333333333333335, -0.11379310344827587), array([ 0.94467535, -0.27345408]))	False
APOLD1	ENHA_MAX;MAPK14	13.0695302448099	9.824649666703e-75	False	((1.1333333333333335, -0.14630541871921177), array([ 0.94467535, -0.27345408]))	False
APOLD1	ENHA_ATF2;MAPK14	11.0698486306086	1.60829280297554e-74	False	((1.1666666666666667, -1.0783251231527093), array([ 0.94467535, -0.27345408]))	False
APOLD1	ENHA_MAX;MAPK14	13.0695302448099	9.824649666703e-75	False	((1.1333333333333335, -0.14630541871921177), array([ 0.94467535, -0.27345408]))	False
APOLD1	ENHA_MEF2D;MAPK14	8.47663448394302	8.09974176447202e-50	False	((1.1666666666666667, -0.1029556650246305), array([ 0.94467535, -0.27345408]))	False
APOLD1	ENHA_MAX;MAPK14	13.0695302448099	9.824649666703e-75	False	((1.1333333333333335, -0.14630541871921177), array([ 0.94467535, -0.27345408]))	False
APOLD1	ENHA_MAX;MAPK14	13.0695302448099	9.824649666703e-75	False	((1.1333333333333335, -0.14630541871921177), array([ 0.94467535, -0.27345408]))	False
APOLD1	ENHA_MAZ;MAPK14	9.86643030376595	2.44775764089142e-64	False	((1.1666666666666667, -0.1354679802955665), array([ 0.94467535, -0.27345408]))	False
APOLD1	ENHA_TP53;MAPK14	19.4162977739877	2.29406419222188e-90	False	((1.1666666666666667, 0.8724137931034484), array([ 0.94467535, -0.27345408]))	False
APOLD1	ENHA_TP53;MAPK14	19.4162977739877	2.29406419222188e-90	False	((1.1666666666666667, 0.8724137931034484), array([ 0.94467535, -0.27345408]))	False
APOLD1	ENHA_NR4A1;MAPK14	8.07999950390097	4.68121027164623e-58	False	((1.1333333333333335, 0.2113300492610839), array([ 0.94467535, -0.27345408]))	False
APOLD1	ENHA_TP53;MAPK14	19.4162977739877	2.29406419222188e-90	False	((1.1666666666666667, 0.8724137931034484), array([ 0.94467535, -0.27345408]))	False
APOLD1	ENHA_MEF2D;MAPK14	8.47663448394302	8.09974176447202e-50	False	((1.1666666666666667, -0.1029556650246305), array([ 0.94467535, -0.27345408]))	False
APOLD1	ENHA_MEF2C;MAPK14	11.3918331135506	9.522321772246389e-55	False	((1.1333333333333335, -0.11379310344827587), array([ 0.94467535, -0.27345408]))	False
APOLD1	ENHA_MEF2D;MAPK14	8.47663448394302	8.09974176447202e-50	False	((1.1666666666666667, -0.1029556650246305), array([ 0.94467535, -0.27345408]))	False
APOLD1	ENHA_NR4A1;MAPK14	8.07999950390097	4.68121027164623e-58	False	((1.1333333333333335, 0.2113300492610839), array([ 0.94467535, -0.27345408]))	False
APOLD1	ENHA_TP53;MAPK14	19.4162977739877	2.29406419222188e-90	False	((1.1666666666666667, 0.8724137931034484), array([ 0.94467535, -0.27345408]))	False
APOLD1	ENHA_MEF2D;MAPK14	8.47663448394302	8.09974176447202e-50	False	((1.1666666666666667, -0.1029556650246305), array([ 0.94467535, -0.27345408]))	False
APOLD1	ENHA_MAX;MAPK14	13.0695302448099	9.824649666703e-75	False	((1.1333333333333335, -0.14630541871921177), array([ 0.94467535, -0.27345408]))	False
APOLD1	ENHA_MEF2C;MAPK14	11.3918331135506	9.522321772246389e-55	False	((1.1333333333333335, -0.11379310344827587), array([ 0.94467535, -0.27345408]))	False
APOLD1	ENHA_MEF2D;MAPK14	8.47663448394302	8.09974176447202e-50	False	((1.1666666666666667, -0.1029556650246305), array([ 0.94467535, -0.27345408]))	False
APOLD1	ENHA_MAZ;MAPK14	9.86643030376595	2.44775764089142e-64	False	((1.1666666666666667, -0.1354679802955665), array([ 0.94467535, -0.27345408]))	False
APOLD1	ENHA_MEF2D;MAPK14	8.47663448394302	8.09974176447202e-50	False	((1.1666666666666667, -0.1029556650246305), array([ 0.94467535, -0.27345408]))	False
APOLD1	ENHA_MEF2C;MAPK14	11.3918331135506	9.522321772246389e-55	False	((1.1333333333333335, -0.11379310344827587), array([ 0.94467535, -0.27345408]))	False
APOLD1	ENHA_MEF2D;MAPK14	8.47663448394302	8.09974176447202e-50	False	((1.1666666666666667, -0.1029556650246305), array([ 0.94467535, -0.27345408]))	False
APOLD1	ENHA_NFATC4;MAPK14	7.86339697353891	1.0623236720204e-55	False	((1.1333333333333335, 0.01625615763546806), array([ 0.94467535, -0.27345408]))	False
APOLD1	ENHA_MAX;MAPK14	13.0695302448099	9.824649666703e-75	False	((1.1333333333333335, -0.14630541871921177), array([ 0.94467535, -0.27345408]))	False
APOLD1	ENHA_MEF2C;MAPK14	11.3918331135506	9.522321772246389e-55	False	((1.1333333333333335, -0.11379310344827587), array([ 0.94467535, -0.27345408]))	False
APOLD1	ENHA_MEF2D;MAPK14	8.47663448394302	8.09974176447202e-50	False	((1.1666666666666667, -0.1029556650246305), array([ 0.94467535, -0.27345408]))	False
APOLD1	ENHA_NFATC4;MAPK14	7.86339697353891	1.0623236720204e-55	False	((1.1333333333333335, 0.01625615763546806), array([ 0.94467535, -0.27345408]))	False
APOLD1	ENHA_NR4A1;MAPK14	8.07999950390097	4.68121027164623e-58	False	((1.1333333333333335, 0.2113300492610839), array([ 0.94467535, -0.27345408]))	False
APOLD1	ENHA_ATF2;MAPK14	11.0698486306086	1.60829280297554e-74	False	((1.1666666666666667, -1.0783251231527093), array([ 0.94467535, -0.27345408]))	False
APOLD1	ENHA_NR4A1;MAPK14	8.07999950390097	4.68121027164623e-58	False	((1.1333333333333335, 0.2113300492610839), array([ 0.94467535, -0.27345408]))	False
APOLD1	ENHA_MEF2D;MAPK14	8.47663448394302	8.09974176447202e-50	False	((1.1666666666666667, -0.1029556650246305), array([ 0.94467535, -0.27345408]))	False
APOLD1	ENHA_MAX;MAPK14	13.0695302448099	9.824649666703e-75	False	((1.1333333333333335, -0.14630541871921177), array([ 0.94467535, -0.27345408]))	False
APOLD1	ENHA_NR4A1;MAPK14	8.07999950390097	4.68121027164623e-58	False	((1.1333333333333335, 0.2113300492610839), array([ 0.94467535, -0.27345408]))	False
APOLD1	ENHA_NR4A1;MAPK14	8.07999950390097	4.68121027164623e-58	False	((1.1333333333333335, 0.2113300492610839), array([ 0.94467535, -0.27345408]))	False
APOLD1	ENHA_MEF2C;MAPK14	11.3918331135506	9.522321772246389e-55	False	((1.1333333333333335, -0.11379310344827587), array([ 0.94467535, -0.27345408]))	False
APOLD1	ENHA_MAX;MAPK14	13.0695302448099	9.824649666703e-75	False	((1.1333333333333335, -0.14630541871921177), array([ 0.94467535, -0.27345408]))	False
APOLD1	ENHA_TP53;MAPK14	19.4162977739877	2.29406419222188e-90	False	((1.1666666666666667, 0.8724137931034484), array([ 0.94467535, -0.27345408]))	False
APOLD1	ENHA_MAZ;MAPK14	9.86643030376595	2.44775764089142e-64	False	((1.1666666666666667, -0.1354679802955665), array([ 0.94467535, -0.27345408]))	False
APOLD1	ENHA_MAX;MAPK14	13.0695302448099	9.824649666703e-75	False	((1.1333333333333335, -0.14630541871921177), array([ 0.94467535, -0.27345408]))	False
APOLD1	ENHA_NFATC4;MAPK14	7.86339697353891	1.0623236720204e-55	False	((1.1333333333333335, 0.01625615763546806), array([ 0.94467535, -0.27345408]))	False
APOLD1	ENHA_MEF2D;MAPK14	8.47663448394302	8.09974176447202e-50	False	((1.1666666666666667, -0.1029556650246305), array([ 0.94467535, -0.27345408]))	False
APOLD1	ENHA_NR4A1;MAPK14	8.07999950390097	4.68121027164623e-58	False	((1.1333333333333335, 0.2113300492610839), array([ 0.94467535, -0.27345408]))	False
APOLD1	ENHA_NR4A1;MAPK14	8.07999950390097	4.68121027164623e-58	False	((1.1333333333333335, 0.2113300492610839), array([ 0.94467535, -0.27345408]))	False
APOLD1	ENHA_NR4A1;MAPK14	8.07999950390097	4.68121027164623e-58	False	((1.1333333333333335, 0.2113300492610839), array([ 0.94467535, -0.27345408]))	False
APOLD1	ENHA_FOS;PROM_MAZ	8.28231541227013	5.24568778758093e-56	False	((1.1, -0.7098522167487685), (-1.1666666666666667, -0.33478260869565224))	False
APOLD1	ENHA_JUN;PROM_MAZ	8.94598448710085	1.10010980000384e-55	False	((1.1666666666666667, -0.33054187192118223), (-1.1666666666666667, -0.33478260869565224))	False
APOLD1	ENHA_JUN;PROM_MAZ	8.94598448710085	1.10010980000384e-55	False	((1.1666666666666667, -0.33054187192118223), (-1.1666666666666667, -0.33478260869565224))	False
APOLD1	ENHA_FOS;PROM_MAZ	8.28231541227013	5.24568778758093e-56	False	((1.1, -0.7098522167487685), (-1.1666666666666667, -0.33478260869565224))	False
APOLD1	ENHA_JUN;PROM_MAZ	8.94598448710085	1.10010980000384e-55	False	((1.1666666666666667, -0.33054187192118223), (-1.1666666666666667, -0.33478260869565224))	False
APOLD1	ENHA_FOS;PROM_MAZ	8.28231541227013	5.24568778758093e-56	False	((1.1, -0.7098522167487685), (-1.1666666666666667, -0.33478260869565224))	False
APOLD1	OTUB1;PROM_MAZ	18.3174513955316	1.22475874045467e-86	False	(array([0.14119327, 0.95358164]), (-1.1666666666666667, -0.33478260869565224))	False
APOLD1	BPTF;PROM_MAZ	8.7991504423102	2.18104822035239e-60	False	(array([0.32219756, 0.87639762]), (-1.1666666666666667, -0.33478260869565224))	False
APOLD1	KEAP1;PROM_MAZ	8.04009802803245	2.20843170230722e-39	False	(array([-0.84569454,  0.12657069]), (-1.1666666666666667, -0.33478260869565224))	False
APOLD1	JUN;PROM_MAZ	4.34212973485577	4.60276791843945e-21	False	(array([ 0.0264173 , -0.10124259]), (-1.1666666666666667, -0.33478260869565224))	False
APOLD1	MAPK14;PROM_MAZ	6.98238871548157	1.6189204291938e-33	False	(array([ 0.94467535, -0.27345408]), (-1.1666666666666667, -0.33478260869565224))	False
APOLD1	ENHA_RUNX1;FOS	6.93810656212702	9.39493133987844e-46	False	((1.1, 0.46059113300492616), array([ 0.06521168, -0.41287593]))	False
APOLD1	ENHA_NFATC2;FOS	8.1196271143599	3.38142968738197e-28	False	((1.1, 0.005418719211822687), array([ 0.06521168, -0.41287593]))	False
APOLD1	ENHA_RUNX2;FOS	10.3218879769579	8.114545198307969e-62	False	((1.1333333333333335, 0.47142857142857153), array([ 0.06521168, -0.41287593]))	False
APOLD1	ENHA_MAZ;FOS	9.06927682354607	1.20661321343525e-54	False	((1.1666666666666667, -0.1354679802955665), array([ 0.06521168, -0.41287593]))	False
APOLD1	ENHA_STAT1;FOS	10.3198050002364	2.9462868815056803e-54	False	((1.1333333333333335, 0.6665024630541874), array([ 0.06521168, -0.41287593]))	False
APOLD1	ENHA_MAZ;FOS	9.06927682354607	1.20661321343525e-54	False	((1.1666666666666667, -0.1354679802955665), array([ 0.06521168, -0.41287593]))	False
APOLD1	ENHA_NR2F1;FOS	12.2185572314108	1.44026387919142e-52	False	((1.1, 0.16798029556650262), array([ 0.06521168, -0.41287593]))	False
APOLD1	ENHA_MAZ;FOS	9.06927682354607	1.20661321343525e-54	False	((1.1666666666666667, -0.1354679802955665), array([ 0.06521168, -0.41287593]))	False
APOLD1	ENHA_MAZ;FOS	9.06927682354607	1.20661321343525e-54	False	((1.1666666666666667, -0.1354679802955665), array([ 0.06521168, -0.41287593]))	False
APOLD1	ENHA_RARA;FOS	7.70858241811187	2.51835694875031e-53	False	((1.1666666666666667, 0.3522167487684731), array([ 0.06521168, -0.41287593]))	False
APOLD1	ENHA_ATF2;FOS	10.4314486133437	2.44982318449589e-71	False	((1.1666666666666667, -1.0783251231527093), array([ 0.06521168, -0.41287593]))	True
APOLD1	ENHA_STAT1;FOS	10.3198050002364	2.9462868815056803e-54	False	((1.1333333333333335, 0.6665024630541874), array([ 0.06521168, -0.41287593]))	False
APOLD1	ENHA_USF2;FOS	8.6278278254285	3.67267397235094e-59	False	((1.1666666666666667, 0.9049261083743843), array([ 0.06521168, -0.41287593]))	False
APOLD1	ENHA_STAT1;FOS	10.3198050002364	2.9462868815056803e-54	False	((1.1333333333333335, 0.6665024630541874), array([ 0.06521168, -0.41287593]))	False
APOLD1	ENHA_NR2F1;FOS	12.2185572314108	1.44026387919142e-52	False	((1.1, 0.16798029556650262), array([ 0.06521168, -0.41287593]))	False
APOLD1	ENHA_USF2;FOS	8.6278278254285	3.67267397235094e-59	False	((1.1666666666666667, 0.9049261083743843), array([ 0.06521168, -0.41287593]))	False
APOLD1	ENHA_JUND;FOS	6.77484454692058	8.903427454003849e-40	False	((1.1333333333333335, -0.3088669950738916), array([ 0.06521168, -0.41287593]))	False
APOLD1	ENHA_JUNB;FOS	5.088281670017	6.4226333692999e-33	False	((1.1, -0.31970443349753697), array([ 0.06521168, -0.41287593]))	False
APOLD1	ENHA_NFIX;FOS	6.20809153566629	3.35592201290645e-41	False	((1.1, 0.0704433497536947), array([ 0.06521168, -0.41287593]))	False
APOLD1	ENHA_RUNX2;FOS	10.3218879769579	8.114545198307969e-62	False	((1.1333333333333335, 0.47142857142857153), array([ 0.06521168, -0.41287593]))	False
APOLD1	ENHA_MAF;FOS	6.11910478693324	3.8267785614773404e-44	False	((1.1333333333333335, -0.17881773399014778), array([ 0.06521168, -0.41287593]))	False
APOLD1	ENHA_NR2F1;FOS	12.2185572314108	1.44026387919142e-52	False	((1.1, 0.16798029556650262), array([ 0.06521168, -0.41287593]))	False
APOLD1	ENHA_STAT1;FOS	10.3198050002364	2.9462868815056803e-54	False	((1.1333333333333335, 0.6665024630541874), array([ 0.06521168, -0.41287593]))	False
APOLD1	ENHA_RARA;FOS	7.70858241811187	2.51835694875031e-53	False	((1.1666666666666667, 0.3522167487684731), array([ 0.06521168, -0.41287593]))	False
APOLD1	ENHA_NR2F1;FOS	12.2185572314108	1.44026387919142e-52	False	((1.1, 0.16798029556650262), array([ 0.06521168, -0.41287593]))	False
APOLD1	ENHA_RARA;FOS	7.70858241811187	2.51835694875031e-53	False	((1.1666666666666667, 0.3522167487684731), array([ 0.06521168, -0.41287593]))	False
APOLD1	ENHA_ATF2;FOS	10.4314486133437	2.44982318449589e-71	False	((1.1666666666666667, -1.0783251231527093), array([ 0.06521168, -0.41287593]))	True
APOLD1	ENHA_RUNX2;FOS	10.3218879769579	8.114545198307969e-62	False	((1.1333333333333335, 0.47142857142857153), array([ 0.06521168, -0.41287593]))	False
APOLD1	ENHA_ATF4;FOS	7.36622820351457	2.32272789610811e-53	False	((1.1333333333333335, -1.0566502463054188), array([ 0.06521168, -0.41287593]))	True
APOLD1	ENHA_RUNX2;FOS	10.3218879769579	8.114545198307969e-62	False	((1.1333333333333335, 0.47142857142857153), array([ 0.06521168, -0.41287593]))	False
APOLD1	ENHA_USF2;FOS	8.6278278254285	3.67267397235094e-59	False	((1.1666666666666667, 0.9049261083743843), array([ 0.06521168, -0.41287593]))	False
APOLD1	ENHA_ATF2;FOS	10.4314486133437	2.44982318449589e-71	False	((1.1666666666666667, -1.0783251231527093), array([ 0.06521168, -0.41287593]))	True
APOLD1	ENHA_RUNX2;FOS	10.3218879769579	8.114545198307969e-62	False	((1.1333333333333335, 0.47142857142857153), array([ 0.06521168, -0.41287593]))	False
APOLD1	ENHA_ATF4;FOS	7.36622820351457	2.32272789610811e-53	False	((1.1333333333333335, -1.0566502463054188), array([ 0.06521168, -0.41287593]))	True
APOLD1	ENHA_RUNX1;FOS	6.93810656212702	9.39493133987844e-46	False	((1.1, 0.46059113300492616), array([ 0.06521168, -0.41287593]))	False
APOLD1	ENHA_ATF4;FOS	7.36622820351457	2.32272789610811e-53	False	((1.1333333333333335, -1.0566502463054188), array([ 0.06521168, -0.41287593]))	True
APOLD1	ENHA_RUNX2;FOS	10.3218879769579	8.114545198307969e-62	False	((1.1333333333333335, 0.47142857142857153), array([ 0.06521168, -0.41287593]))	False
APOLD1	ENHA_NFIX;FOS	6.20809153566629	3.35592201290645e-41	False	((1.1, 0.0704433497536947), array([ 0.06521168, -0.41287593]))	False
APOLD1	ENHA_RUNX1;FOS	6.93810656212702	9.39493133987844e-46	False	((1.1, 0.46059113300492616), array([ 0.06521168, -0.41287593]))	False
APOLD1	ENHA_MAZ;FOS	9.06927682354607	1.20661321343525e-54	False	((1.1666666666666667, -0.1354679802955665), array([ 0.06521168, -0.41287593]))	False
APOLD1	ENHA_ATF4;FOS	7.36622820351457	2.32272789610811e-53	False	((1.1333333333333335, -1.0566502463054188), array([ 0.06521168, -0.41287593]))	True
APOLD1	ENHA_STAT1;FOS	10.3198050002364	2.9462868815056803e-54	False	((1.1333333333333335, 0.6665024630541874), array([ 0.06521168, -0.41287593]))	False
APOLD1	ENHA_RARA;FOS	7.70858241811187	2.51835694875031e-53	False	((1.1666666666666667, 0.3522167487684731), array([ 0.06521168, -0.41287593]))	False
APOLD1	ENHA_NR2F1;FOS	12.2185572314108	1.44026387919142e-52	False	((1.1, 0.16798029556650262), array([ 0.06521168, -0.41287593]))	False
APOLD1	ENHA_STAT1;FOS	10.3198050002364	2.9462868815056803e-54	False	((1.1333333333333335, 0.6665024630541874), array([ 0.06521168, -0.41287593]))	False
APOLD1	ENHA_RARA;FOS	7.70858241811187	2.51835694875031e-53	False	((1.1666666666666667, 0.3522167487684731), array([ 0.06521168, -0.41287593]))	False
APOLD1	ENHA_NR2F1;FOS	12.2185572314108	1.44026387919142e-52	False	((1.1, 0.16798029556650262), array([ 0.06521168, -0.41287593]))	False
APOLD1	ENHA_ATF4;FOS	7.36622820351457	2.32272789610811e-53	False	((1.1333333333333335, -1.0566502463054188), array([ 0.06521168, -0.41287593]))	True
APOLD1	ENHA_RARA;FOS	7.70858241811187	2.51835694875031e-53	False	((1.1666666666666667, 0.3522167487684731), array([ 0.06521168, -0.41287593]))	False
APOLD1	ENHA_STAT1;FOS	10.3198050002364	2.9462868815056803e-54	False	((1.1333333333333335, 0.6665024630541874), array([ 0.06521168, -0.41287593]))	False
APOLD1	ENHA_NR2F1;FOS	12.2185572314108	1.44026387919142e-52	False	((1.1, 0.16798029556650262), array([ 0.06521168, -0.41287593]))	False
APOLD1	ENHA_ATF7;FOS	7.18616581870929	9.482225548860539e-34	False	((1.1666666666666667, -1.0458128078817734), array([ 0.06521168, -0.41287593]))	True
APOLD1	ENHA_ATF2;FOS	10.4314486133437	2.44982318449589e-71	False	((1.1666666666666667, -1.0783251231527093), array([ 0.06521168, -0.41287593]))	True
APOLD1	ENHA_RUNX2;FOS	10.3218879769579	8.114545198307969e-62	False	((1.1333333333333335, 0.47142857142857153), array([ 0.06521168, -0.41287593]))	False
APOLD1	ENHA_NFATC2;FOS	8.1196271143599	3.38142968738197e-28	False	((1.1, 0.005418719211822687), array([ 0.06521168, -0.41287593]))	False
APOLD1	ENHA_USF2;FOS	8.6278278254285	3.67267397235094e-59	False	((1.1666666666666667, 0.9049261083743843), array([ 0.06521168, -0.41287593]))	False
APOLD1	ENHA_STAT1;FOS	10.3198050002364	2.9462868815056803e-54	False	((1.1333333333333335, 0.6665024630541874), array([ 0.06521168, -0.41287593]))	False
APOLD1	ENHA_NR2F1;FOS	12.2185572314108	1.44026387919142e-52	False	((1.1, 0.16798029556650262), array([ 0.06521168, -0.41287593]))	False
APOLD1	ENHA_STAT1;FOS	10.3198050002364	2.9462868815056803e-54	False	((1.1333333333333335, 0.6665024630541874), array([ 0.06521168, -0.41287593]))	False
APOLD1	ENHA_NR2F1;FOS	12.2185572314108	1.44026387919142e-52	False	((1.1, 0.16798029556650262), array([ 0.06521168, -0.41287593]))	False
APOLD1	ENHA_NFIX;FOS	6.20809153566629	3.35592201290645e-41	False	((1.1, 0.0704433497536947), array([ 0.06521168, -0.41287593]))	False
APOLD1	ENHA_NFIX;FOS	6.20809153566629	3.35592201290645e-41	False	((1.1, 0.0704433497536947), array([ 0.06521168, -0.41287593]))	False
APOLD1	ENHA_MAZ;FOS	9.06927682354607	1.20661321343525e-54	False	((1.1666666666666667, -0.1354679802955665), array([ 0.06521168, -0.41287593]))	False
APOLD1	ENHA_STAT1;FOS	10.3198050002364	2.9462868815056803e-54	False	((1.1333333333333335, 0.6665024630541874), array([ 0.06521168, -0.41287593]))	False
APOLD1	ENHA_STAT1;FOS	10.3198050002364	2.9462868815056803e-54	False	((1.1333333333333335, 0.6665024630541874), array([ 0.06521168, -0.41287593]))	False
APOLD1	ENHA_MAZ;FOS	9.06927682354607	1.20661321343525e-54	False	((1.1666666666666667, -0.1354679802955665), array([ 0.06521168, -0.41287593]))	False
APOLD1	ENHA_RUNX2;FOS	10.3218879769579	8.114545198307969e-62	False	((1.1333333333333335, 0.47142857142857153), array([ 0.06521168, -0.41287593]))	False
APOLD1	ENHA_RARA;FOS	7.70858241811187	2.51835694875031e-53	False	((1.1666666666666667, 0.3522167487684731), array([ 0.06521168, -0.41287593]))	False
APOLD1	FOS;PROM_MAZ	5.11393203543121	5.51117562105483e-26	False	(array([ 0.06521168, -0.41287593]), (-1.1666666666666667, -0.33478260869565224))	False
