Gene	edge	fisher_test_edge_OR	fisher_test_edge_pvalue	SNP-path	XYs-edge	druggable
LOC100652758	ENHA_E2F4;TFDP2	1.57353124346367	4.715119791776e-05	False	((1.1333333333333335, -0.9842105263157895), array([-0.96432067, -0.30570665]))	False
LOC100652758	ENHA_E2F6;TFDP2	1.37691348440801	0.000990792127408	False	((1.1666666666666667, -0.9552631578947369), array([-0.96432067, -0.30570665]))	False
LOC100652758	ENHA_E2F1;RING1	1.49443130035424	0.0002425756485643	False	((1.1, -1.0131578947368423), array([-0.8405045 , -0.16413547]))	False
LOC100652758	ENHA_E2F6;RING1	1.49594144743098	2.59005375880923e-05	False	((1.1666666666666667, -0.9552631578947369), array([-0.8405045 , -0.16413547]))	False
LOC100652758	ENHA_E2F4;TRRAP	2.26501866714347	1.89616354258105e-10	False	((1.1333333333333335, -0.9842105263157895), array([-0.57875458,  0.68980089]))	False
LOC100652758	ATAD2;ENHA_E2F4	1.55858522140159	0.0001687388712208	False	(array([-0.53503815,  0.8424562 ]), (1.1333333333333335, -0.9842105263157895))	False
LOC100652758	ATAD2;ENHA_E2F1	1.58540722065786	7.7108048590418e-05	False	(array([-0.53503815,  0.8424562 ]), (1.1, -1.0131578947368423))	False
LOC100652758	AXIN1;ENHA_ZBTB26	2.80116927923318	4.98472507970313e-13	False	(array([-0.96334167,  0.28662531]), (1.1666666666666667, 0.9552631578947368))	False
LOC100652758	ENHA_FOXA1;MSH3	3.05912603040386	2.42592118124802e-15	False	((1.1, -0.5789473684210527), array([0.38349892, 0.93610559]))	False
LOC100652758	ENHA_FOXA1;PBX1	1.52680866145873	0.0013531798071345	False	((1.1, -0.5789473684210527), array([-0.74108451,  0.3459413 ]))	False
LOC100652758	AGTRAP;ENHA_NFYB	1.36627422403334	0.158197578221018	False	(array([0.73820426, 0.68171524]), (1.1666666666666667, 0.17368421052631589))	False
LOC100652758	AGTRAP;PROM_PBX3	1.18782063760347	0.472165679725992	False	(array([0.73820426, 0.68171524]), (-1.1333333333333335, 0.0942857142857143))	False
LOC100652758	ENHA_TFAP4;FOXK2	1.69136661422619	5.23752023250141e-07	False	((1.1, 0.8105263157894738), array([ 0.95597803, -0.13465172]))	False
LOC100652758	ENHA_JUNB;SMURF1	0.96128701649938	0.780289441417935	False	((1.1, -0.4052631578947369), array([0.44510213, 0.84745259]))	False
LOC100652758	ENHA_KLF2;SMURF1	1.15369087155994	0.230143694640424	False	((1.1333333333333335, -0.37631578947368427), array([0.44510213, 0.84745259]))	False
LOC100652758	ENHA_JUNB;SMURF1	0.96128701649938	0.780289441417935	False	((1.1, -0.4052631578947369), array([0.44510213, 0.84745259]))	False
LOC100652758	ENHA_SP1;POU2F1	2.60418021369177	3.2399733488598304e-19	False	((1.1333333333333335, 0.5789473684210527), array([-0.36634852,  0.72666267]))	False
LOC100652758	ENHA_SP1;POU2F1	2.60418021369177	3.2399733488598304e-19	False	((1.1333333333333335, 0.5789473684210527), array([-0.36634852,  0.72666267]))	False
LOC100652758	ENHA_RELA;POU2F1	0.870175303134969	0.326206334630849	False	((1.1666666666666667, 0.4342105263157896), array([-0.36634852,  0.72666267]))	False
LOC100652758	ENHA_ZNF148;SIAH1	1.45223826475719	5.72750647974614e-05	False	((1.1666666666666667, 1.0421052631578949), array([-0.34275084, -0.89974069]))	False
LOC100652758	ENHA_ZNF148;SIAH1	1.45223826475719	5.72750647974614e-05	False	((1.1666666666666667, 1.0421052631578949), array([-0.34275084, -0.89974069]))	False
LOC100652758	DNMT3A;ENHA_ZBTB18	2.4918234351289	3.02092877139874e-08	False	(array([-0.95540756,  0.32638737]), (1.1333333333333335, 0.9263157894736844))	False
LOC100652758	ENHA_SOX10;NMI	2.3333105459049	2.00238334065617e-06	False	((1.1666666666666667, 0.5210526315789474), array([ 0.18461253, -0.92010398]))	False
LOC100652758	ENHA_NFE2L2;SQSTM1	3.2437391116453	1.2993318263386e-16	False	((1.1666666666666667, 0.0), array([-0.92937334, -0.25921239]))	False
LOC100652758	ENHA_E2F6;WDR5	2.42740284532571	2.7197505536985e-19	False	((1.1666666666666667, -0.9552631578947369), array([ 0.62113072, -0.60621554]))	False
LOC100652758	ENHA_E2F6;WDR5	2.42740284532571	2.7197505536985e-19	False	((1.1666666666666667, -0.9552631578947369), array([ 0.62113072, -0.60621554]))	False
LOC100652758	ENHA_E2F6;EPC1	2.10026511856646	1.0283155871305e-09	False	((1.1666666666666667, -0.9552631578947369), array([-0.98105079,  0.1095642 ]))	False
LOC100652758	ENHA_E2F6;EPC1	2.10026511856646	1.0283155871305e-09	False	((1.1666666666666667, -0.9552631578947369), array([-0.98105079,  0.1095642 ]))	False
LOC100652758	ENHA_EGR1;PSMD2	2.4172255459139	2.21938249015347e-16	False	((1.1333333333333335, -0.8973684210526316), array([0.96128257, 0.12290173]))	False
LOC100652758	ENHA_EGR1;PSMD2	2.4172255459139	2.21938249015347e-16	False	((1.1333333333333335, -0.8973684210526316), array([0.96128257, 0.12290173]))	False
LOC100652758	ENHA_EGR1;PSMA3	2.04034021569294	7.41146734360732e-14	False	((1.1333333333333335, -0.8973684210526316), array([ 0.74290061, -0.66129681]))	False
LOC100652758	ENHA_EGR1;PSMA3	2.04034021569294	7.41146734360732e-14	False	((1.1333333333333335, -0.8973684210526316), array([ 0.74290061, -0.66129681]))	False
LOC100652758	ENHA_REST;PLK1	2.39012961932518	7.13775216563253e-20	False	((1.1, 0.4631578947368422), array([-0.24755781, -0.90404681]))	False
LOC100652758	CDYL;ENHA_REST	2.84065734651128	5.17209446099749e-18	False	(array([ 0.92466966, -0.28027237]), (1.1, 0.4631578947368422))	False
LOC100652758	ENHA_JUNB;TDG	2.32272075864212	4.68306694842638e-10	False	((1.1, -0.4052631578947369), array([0.65072884, 0.67752812]))	False
LOC100652758	ENHA_JUNB;TDG	2.32272075864212	4.68306694842638e-10	False	((1.1, -0.4052631578947369), array([0.65072884, 0.67752812]))	False
LOC100652758	ENHA_PLAG1;KPNA2	1.95469600343924	8.64468522900041e-11	False	((1.1333333333333335, 0.31842105263157894), array([ 0.8010123 , -0.40496814]))	False
LOC100652758	ENHA_RELA;KPNA2	1.29708150870272	0.0439188606843891	False	((1.1666666666666667, 0.4342105263157896), array([ 0.8010123 , -0.40496814]))	False
LOC100652758	ENHA_RELA;SNRNP70	1.1324136080877	0.571958778022494	False	((1.1666666666666667, 0.4342105263157896), array([-0.42826107,  0.89302297]))	False
LOC100652758	ENHA_TWIST1;PPP2CA	3.05422006352032	1.05697698170789e-10	False	((1.1, 0.8973684210526318), array([0.62899933, 0.62671516]))	False
LOC100652758	ENHA_RELA;PPP2CA	1.23228556395504	0.311239469503962	False	((1.1666666666666667, 0.4342105263157896), array([0.62899933, 0.62671516]))	False
LOC100652758	AKAP8L;ENHA_RELA	1.17953679670644	0.465106341012447	False	(array([-0.56128832,  0.86729379]), (1.1666666666666667, 0.4342105263157896))	False
LOC100652758	ENHA_RELA;SIRT6	1.240432111943	0.263840001566012	False	((1.1666666666666667, 0.4342105263157896), array([-0.47981248,  0.70633167]))	False
LOC100652758	DNAJA3;ENHA_FOSL2	1.90299441422804	3.37800098711623e-05	False	(array([-0.1087502, -0.8483881]), (1.1666666666666667, -0.6078947368421053))	False
LOC100652758	DNAJA3;ENHA_RELA	1.36941051194909	0.10875700089693	False	(array([-0.1087502, -0.8483881]), (1.1666666666666667, 0.4342105263157896))	False
LOC100652758	ARID2;ENHA_EGR1	1.45827394306534	0.0195927276817171	False	(array([-0.97989786,  0.2367908 ]), (1.1333333333333335, -0.8973684210526316))	False
LOC100652758	ARID2;ENHA_EGR1	1.45827394306534	0.0195927276817171	False	(array([-0.97989786,  0.2367908 ]), (1.1333333333333335, -0.8973684210526316))	False
LOC100652758	DDX3X;ENHA_NFKB2	2.08381292743258	2.6248698510643402e-15	False	(array([-0.8645805 , -0.04214754]), (1.1, 0.11578947368421066))	False
LOC100652758	DDX3X;ENHA_SP1	1.89585547720314	4.46833365364458e-12	False	(array([-0.8645805 , -0.04214754]), (1.1333333333333335, 0.5789473684210527))	False
LOC100652758	ENHA_NFE2L2;YY1	1.58216202605585	9.09557727339381e-06	False	((1.1666666666666667, 0.0), array([0.93355056, 0.21514668]))	False
LOC100652758	ENHA_SP1;YY1	1.81681510655612	9.8845083781159e-11	False	((1.1333333333333335, 0.5789473684210527), array([0.93355056, 0.21514668]))	False
LOC100652758	CBX5;ENHA_ZNF460	1.38879491014481	0.0004064531825038	False	(array([-0.85414714,  0.61476902]), (1.1, 1.0710526315789477))	False
LOC100652758	CBX5;PROM_ZNF460	1.41938704973562	0.000193002194486	False	(array([-0.85414714,  0.61476902]), (-1.1333333333333335, 1.0371428571428574))	False
LOC100652758	ENHA_E2F6;KDM5C	1.39910043172712	0.0006421293023998	False	((1.1666666666666667, -0.9552631578947369), array([0.93003874, 0.28022412]))	False
LOC100652758	ENHA_E2F6;KDM5C	1.39910043172712	0.0006421293023998	False	((1.1666666666666667, -0.9552631578947369), array([0.93003874, 0.28022412]))	False
LOC100652758	ENHA_REST;KDM5C	1.51603097003697	6.97184410978716e-06	False	((1.1, 0.4631578947368422), array([0.93003874, 0.28022412]))	False
LOC100652758	ACTR5;ENHA_ZNF148	1.55386522159962	2.02858871348928e-06	False	(array([-0.76909193,  0.53792159]), (1.1666666666666667, 1.0421052631578949))	False
LOC100652758	ACTR5;ENHA_ZNF148	1.55386522159962	2.02858871348928e-06	False	(array([-0.76909193,  0.53792159]), (1.1666666666666667, 1.0421052631578949))	False
LOC100652758	ACTR5;ENHA_KLF5	1.4529406350252	5.30380815542609e-05	False	(array([-0.76909193,  0.53792159]), (1.1, -0.31842105263157894))	False
LOC100652758	ACTR5;ENHA_KLF5	1.4529406350252	5.30380815542609e-05	False	(array([-0.76909193,  0.53792159]), (1.1, -0.31842105263157894))	False
LOC100652758	ENHA_MEF2C;MAPK14	1.90515534297155	4.01867694939225e-12	False	((1.1333333333333335, -0.11578947368421055), array([-0.72720289, -0.75776429]))	False
LOC100652758	ENHA_NFE2L1;KEAP1	1.12333656666013	0.316799290510591	False	((1.1333333333333335, -0.02894736842105261), array([0.54072831, 0.09290676]))	False
LOC100652758	ENHA_MAZ;KEAP1	1.28701600664439	0.0112497024567423	False	((1.1, -0.14473684210526316), array([0.54072831, 0.09290676]))	False
LOC100652758	ENHA_NFE2L1;KEAP1	1.12333656666013	0.316799290510591	False	((1.1333333333333335, -0.02894736842105261), array([0.54072831, 0.09290676]))	False
LOC100652758	ENHA_NFE2L2;KEAP1	1.19675626405971	0.0968633554919351	False	((1.1666666666666667, 0.0), array([0.54072831, 0.09290676]))	False
LOC100652758	ENHA_RELA;KEAP1	1.02252917981395	0.859778226390059	False	((1.1666666666666667, 0.4342105263157896), array([0.54072831, 0.09290676]))	True
LOC100652758	ENHA_IRF1;KEAP1	1.46616252371832	4.22830679130885e-05	False	((1.1333333333333335, -0.4631578947368421), array([0.54072831, 0.09290676]))	False
LOC100652758	BANP;ENHA_SP2	2.47402450282056	7.138324581619031e-20	False	(array([0.17648178, 0.97345801]), (1.1666666666666667, 0.6078947368421053))	False
LOC100652758	BANP;ENHA_SP2	2.47402450282056	7.138324581619031e-20	False	(array([0.17648178, 0.97345801]), (1.1666666666666667, 0.6078947368421053))	False
LOC100652758	BANP;ENHA_SP2	2.47402450282056	7.138324581619031e-20	False	(array([0.17648178, 0.97345801]), (1.1666666666666667, 0.6078947368421053))	False
LOC100652758	POU2F1;PROM_SP4	1.20001767367436	0.051843682239661	False	(array([-0.36634852,  0.72666267]), (-1.1666666666666667, 0.7228571428571429))	False
LOC100652758	BANP;PROM_SP4	1.30428046578174	0.0040272347379066	False	(array([0.17648178, 0.97345801]), (-1.1666666666666667, 0.7228571428571429))	False
LOC100652758	ENHA_KLF6;GTF3C1	1.87780032856166	7.6025148628532e-06	False	((1.1333333333333335, -0.2894736842105263), array([0.83865874, 0.47904762]))	False
LOC100652758	ENHA_KLF6;PNO1	1.87780032856166	7.6025148628532e-06	False	((1.1333333333333335, -0.2894736842105263), array([ 0.14445614, -0.92886444]))	False
LOC100652758	CDK4;ENHA_E2F4	2.00073131662623	1.53311906099462e-06	False	(array([-0.8856232 , -0.50458278]), (1.1333333333333335, -0.9842105263157895))	False
LOC100652758	CDK4;ENHA_MZF1	1.23702494378811	0.068603221655623	False	(array([-0.8856232 , -0.50458278]), (1.1, -0.05789473684210522))	False
LOC100652758	ENHA_SP2;MCM7	2.51714439321508	3.15145088397207e-20	False	((1.1666666666666667, 0.6078947368421053), array([-0.64832696,  0.44432308]))	False
LOC100652758	ENHA_SP2;MCM7	2.51714439321508	3.15145088397207e-20	False	((1.1666666666666667, 0.6078947368421053), array([-0.64832696,  0.44432308]))	False
LOC100652758	ENHA_SP2;MCM7	2.51714439321508	3.15145088397207e-20	False	((1.1666666666666667, 0.6078947368421053), array([-0.64832696,  0.44432308]))	False
LOC100652758	ENHA_TFAP4;RBPJ	2.48697634288602	2.89017437541273e-14	False	((1.1, 0.8105263157894738), array([-0.03436907, -0.97500609]))	False
LOC100652758	ENHA_NFIA;RBPJ	2.01827852389143	3.45388442443418e-06	False	((1.1, 0.02894736842105261), array([-0.03436907, -0.97500609]))	False
LOC100652758	ENHA_NR2F2;RBPJ	2.04468719529542	4.10016215784562e-08	False	((1.1666666666666667, 0.2605263157894737), array([-0.03436907, -0.97500609]))	False
LOC100652758	ENHA_RELA;PIN1	1.0632328960544	0.588388382135217	False	((1.1666666666666667, 0.4342105263157896), array([-0.6908369,  0.6602743]))	False
LOC100652758	ENHA_IRF3;PIN1	1.4757107015914	0.0001364480236374	False	((1.1666666666666667, -0.4342105263157895), array([-0.6908369,  0.6602743]))	False
LOC100652758	ENHA_IRF3;TRIM21	2.49775554663324	3.88147236498598e-07	False	((1.1666666666666667, -0.4342105263157895), array([0.86598521, 0.52727909]))	False
LOC100652758	ENHA_IRF3;PSMA5	2.41083271768421	3.97883077865528e-07	False	((1.1666666666666667, -0.4342105263157895), array([-0.89625149, -0.20743871]))	False
LOC100652758	ENHA_RELA;KAT2A	1.63877817996654	0.0005907119877438	False	((1.1666666666666667, 0.4342105263157896), array([0.32629622, 0.88293556]))	False
LOC100652758	ENHA_IRF1;KAT2A	2.57694596703153	1.10184733741455e-22	False	((1.1333333333333335, -0.4631578947368421), array([0.32629622, 0.88293556]))	False
LOC100652758	CDKN1B;ENHA_IRF1	2.72373600063114	1.52326741041501e-22	False	(array([-0.4357658 , -0.91720163]), (1.1333333333333335, -0.4631578947368421))	False
LOC100652758	ENHA_KLF5;ZBTB17	1.73314347394106	7.68483348020538e-09	False	((1.1, -0.31842105263157894), array([-0.97929865, -0.04419088]))	False
LOC100652758	ENHA_KLF5;ZBTB17	1.73314347394106	7.68483348020538e-09	False	((1.1, -0.31842105263157894), array([-0.97929865, -0.04419088]))	False
LOC100652758	ENHA_SPIB;MAPK3	2.39663368169089	1.23284113230441e-20	False	((1.1333333333333335, 0.6657894736842107), array([-0.37604809,  0.93923547]))	False
LOC100652758	ENHA_ELK4;MAPK3	1.55138482320913	0.0004679672327939	False	((1.1, -0.7526315789473685), array([-0.37604809,  0.93923547]))	False
LOC100652758	ENHA_KLF4;HUWE1	2.3526089237927	8.30981183521662e-20	False	((1.1666666666666667, -0.34736842105263155), array([ 0.42087356, -0.80497817]))	False
LOC100652758	ENHA_KLF4;HUWE1	2.3526089237927	8.30981183521662e-20	False	((1.1666666666666667, -0.34736842105263155), array([ 0.42087356, -0.80497817]))	False
LOC100652758	ENHA_MZF1;SCAND1	1.2897826721094	0.0989647829438269	False	((1.1, -0.05789473684210522), array([-0.90603616, -0.3725375 ]))	False
LOC100652758	PROM_ZNF449;SCAND1	1.4323904335118	0.0087834917547253	False	((-1.1, 0.9742857142857142), array([-0.90603616, -0.3725375 ]))	False
LOC100652758	CREB1;ENHA_FOXA1	1.95214238066384	7.210841585189949e-11	False	(array([ 0.30760853, -0.91155918]), (1.1, -0.5789473684210527))	False
LOC100652758	CREB1;ENHA_NFYA	1.95482098618521	1.37785669021819e-07	False	(array([ 0.30760853, -0.91155918]), (1.1333333333333335, 0.14473684210526327))	False
LOC100652758	CREB1;ENHA_NFIA	1.8336453265406	2.65132511703682e-05	False	(array([ 0.30760853, -0.91155918]), (1.1, 0.02894736842105261))	False
LOC100652758	ENHA_ELK4;SRF	1.26637648169086	0.142146178012359	False	((1.1, -0.7526315789473685), array([-0.850028  ,  0.39936925]))	False
LOC100652758	ENHA_KLF9;PGR	2.47241064560896	1.39119933621354e-19	False	((1.1666666666666667, -0.2605263157894737), array([-0.3014693 , -0.81724617]))	False
LOC100652758	ENHA_SP1;PGR	2.61569382270882	6.877141121636511e-19	False	((1.1333333333333335, 0.5789473684210527), array([-0.3014693 , -0.81724617]))	False
LOC100652758	ENHA_KLF9;PGR	2.47241064560896	1.39119933621354e-19	False	((1.1666666666666667, -0.2605263157894737), array([-0.3014693 , -0.81724617]))	False
LOC100652758	ENHA_SP1;PGR	2.61569382270882	6.877141121636511e-19	False	((1.1333333333333335, 0.5789473684210527), array([-0.3014693 , -0.81724617]))	False
LOC100652758	ENHA_KLF9;PGR	2.47241064560896	1.39119933621354e-19	False	((1.1666666666666667, -0.2605263157894737), array([-0.3014693 , -0.81724617]))	False
LOC100652758	PGR;PROM_KLF9	1.03449662071454	0.713730716020894	False	(array([-0.3014693 , -0.81724617]), (-1.1, -0.34571428571428575))	False
LOC100652758	ENHA_MAFK;HIF1A	1.65539136544241	2.87033787930492e-07	False	((1.1666666666666667, -0.17368421052631577), array([-0.67767128, -0.27132949]))	False
LOC100652758	ENHA_SP1;HIF1A	2.04173262891147	2.3767644083965397e-12	False	((1.1333333333333335, 0.5789473684210527), array([-0.67767128, -0.27132949]))	False
LOC100652758	ENHA_MAFK;HIF1A	1.65539136544241	2.87033787930492e-07	False	((1.1666666666666667, -0.17368421052631577), array([-0.67767128, -0.27132949]))	False
LOC100652758	ENHA_MAFG;HIF1A	1.63366906478443	1.78637271625111e-07	False	((1.1333333333333335, -0.20263157894736838), array([-0.67767128, -0.27132949]))	False
LOC100652758	ENHA_ESRRA;HIF1A	1.48409065360001	3.29511580062429e-05	False	((1.1333333333333335, -0.7236842105263158), array([-0.67767128, -0.27132949]))	False
LOC100652758	ENHA_SP1;HIF1A	2.04173262891147	2.3767644083965397e-12	False	((1.1333333333333335, 0.5789473684210527), array([-0.67767128, -0.27132949]))	False
LOC100652758	ENHA_ESRRA;HIF1A	1.48409065360001	3.29511580062429e-05	False	((1.1333333333333335, -0.7236842105263158), array([-0.67767128, -0.27132949]))	False
LOC100652758	ENHA_ELF3;NFKB1	1.44648569977936	0.0002677269087151	False	((1.1333333333333335, -0.8105263157894738), array([-0.68927256, -0.49359992]))	False
LOC100652758	ENHA_IRF3;HSP90AA1	1.50394886884892	2.72763147338251e-05	False	((1.1666666666666667, -0.4342105263157895), array([0.82763946, 0.09472789]))	False
LOC100652758	ENHA_E2F4;HCFC1	1.66681695962715	4.53227108619419e-07	False	((1.1333333333333335, -0.9842105263157895), array([0.71073536, 0.73637237]))	False
LOC100652758	ENHA_SP1;HCFC1	4.27799862005614	3.7779524014883e-28	False	((1.1333333333333335, 0.5789473684210527), array([0.71073536, 0.73637237]))	False
LOC100652758	ENHA_IRF1;HCFC1	3.04522161144023	3.26021249160789e-21	False	((1.1333333333333335, -0.4631578947368421), array([0.71073536, 0.73637237]))	False
LOC100652758	AR;ENHA_FOXA1	1.68000114476148	1.84021860136154e-08	False	(array([-0.17579025,  0.6638913 ]), (1.1, -0.5789473684210527))	False
LOC100652758	AR;ENHA_SP1	3.3604226986333	4.4832838849685504e-24	False	(array([-0.17579025,  0.6638913 ]), (1.1333333333333335, 0.5789473684210527))	False
LOC100652758	AR;ENHA_ETV5	1.35409649493571	0.0072484004021953	False	(array([-0.17579025,  0.6638913 ]), (1.1333333333333335, -0.6368421052631579))	False
LOC100652758	AR;ENHA_ELF3	1.74222659362414	2.09216073520626e-09	False	(array([-0.17579025,  0.6638913 ]), (1.1333333333333335, -0.8105263157894738))	False
LOC100652758	AR;ENHA_ZBTB7A	1.57768520611543	1.56238015143099e-06	False	(array([-0.17579025,  0.6638913 ]), (1.1, 0.9842105263157896))	False
LOC100652758	AR;ENHA_NR2C2	1.53472272386369	6.59346479958662e-06	False	(array([-0.17579025,  0.6638913 ]), (1.1333333333333335, 0.2315789473684211))	False
LOC100652758	AR;ENHA_NR2C1	1.39440377224389	0.0013428168454653	False	(array([-0.17579025,  0.6638913 ]), (1.1, 0.2026315789473685))	False
LOC100652758	ENHA_SP1;ESR2	1.86810607458254	4.08856432348846e-11	False	((1.1333333333333335, 0.5789473684210527), array([-0.87713082, -0.3296129 ]))	False
LOC100652758	ENHA_KLF5;ESR2	1.48527398897126	2.03243757432337e-05	False	((1.1, -0.31842105263157894), array([-0.87713082, -0.3296129 ]))	False
LOC100652758	ENHA_SP1;ESR2	1.86810607458254	4.08856432348846e-11	False	((1.1333333333333335, 0.5789473684210527), array([-0.87713082, -0.3296129 ]))	False
LOC100652758	ENHA_KLF5;ESR2	1.48527398897126	2.03243757432337e-05	False	((1.1, -0.31842105263157894), array([-0.87713082, -0.3296129 ]))	False
LOC100652758	ENHA_SPIB;MAPK8	1.69058055104778	1.95861825483943e-08	False	((1.1333333333333335, 0.6657894736842107), array([-0.6999998 ,  0.70547386]))	False
LOC100652758	ENHA_ELK4;MAPK8	1.15096157321023	0.214408596102303	False	((1.1, -0.7526315789473685), array([-0.6999998 ,  0.70547386]))	False
LOC100652758	ENHA_IRF3;MAPK8	1.535813353643	8.49950916502692e-06	False	((1.1666666666666667, -0.4342105263157895), array([-0.6999998 ,  0.70547386]))	False
LOC100652758	ENHA_RORA;PSMC5	1.51957301532958	0.0002178444102917	False	((1.1333333333333335, 0.4921052631578948), array([0.11393455, 0.95690979]))	False
LOC100652758	ENHA_SP1;PSMC5	2.12141207191041	9.0467681187344e-16	False	((1.1333333333333335, 0.5789473684210527), array([0.11393455, 0.95690979]))	False
LOC100652758	ENHA_THRB;PSMC5	1.36350683172273	0.0034345531068189	False	((1.1666666666666667, 0.868421052631579), array([0.11393455, 0.95690979]))	False
LOC100652758	ENHA_ELF4;NPM1	1.34321421693521	0.0176301615904636	False	((1.1666666666666667, -0.7815789473684212), array([ 0.76308593, -0.52328561]))	False
LOC100652758	ENHA_IRF1;NPM1	3.12256266295254	1.2293481128872001e-21	False	((1.1333333333333335, -0.4631578947368421), array([ 0.76308593, -0.52328561]))	False
LOC100652758	ENHA_TFAP2A;NPM1	2.01924539187204	7.808231590019281e-14	False	((1.1333333333333335, 0.7526315789473685), array([ 0.76308593, -0.52328561]))	False
LOC100652758	ENHA_FOSL2;FHL3	1.29052214581507	0.0168597592755672	False	((1.1666666666666667, -0.6078947368421053), array([-0.99138963,  0.14374698]))	False
LOC100652758	ENHA_MZF1;FHL3	1.17599261058516	0.148558426257399	False	((1.1, -0.05789473684210522), array([-0.99138963,  0.14374698]))	False
LOC100652758	ENHA_ELK4;SIRT7	0.936210629313715	0.676538336706608	False	((1.1, -0.7526315789473685), array([-0.20408979,  0.91684995]))	False
LOC100652758	ENHA_KLF2;FBXW7	1.53116946372357	3.9590349305752e-06	False	((1.1333333333333335, -0.37631578947368427), array([-0.31369356,  0.92730691]))	False
LOC100652758	ENHA_NFKB2;FBXW7	1.7813698206722	4.67507801413739e-10	False	((1.1, 0.11578947368421066), array([-0.31369356,  0.92730691]))	False
LOC100652758	ENHA_KLF5;FBXW7	1.34280764266251	0.0015217312202147	False	((1.1, -0.31842105263157894), array([-0.31369356,  0.92730691]))	False
LOC100652758	ENHA_KLF2;FBXW7	1.53116946372357	3.9590349305752e-06	False	((1.1333333333333335, -0.37631578947368427), array([-0.31369356,  0.92730691]))	False
LOC100652758	ENHA_KLF5;FBXW7	1.34280764266251	0.0015217312202147	False	((1.1, -0.31842105263157894), array([-0.31369356,  0.92730691]))	False
LOC100652758	ENHA_KLF2;WWP1	1.13026075774047	0.190292113747306	False	((1.1333333333333335, -0.37631578947368427), array([ 0.1546733 , -0.65209342]))	False
LOC100652758	ENHA_KLF5;WWP1	0.938027025727108	0.513835050437706	False	((1.1, -0.31842105263157894), array([ 0.1546733 , -0.65209342]))	False
LOC100652758	ENHA_KLF2;WWP1	1.13026075774047	0.190292113747306	False	((1.1333333333333335, -0.37631578947368427), array([ 0.1546733 , -0.65209342]))	False
LOC100652758	ENHA_KLF5;WWP1	0.938027025727108	0.513835050437706	False	((1.1, -0.31842105263157894), array([ 0.1546733 , -0.65209342]))	False
LOC100652758	ENHA_JUNB;SET	1.21437587563207	0.0583383492490678	False	((1.1, -0.4052631578947369), array([0.85591028, 0.34601265]))	False
LOC100652758	ENHA_JUNB;SET	1.21437587563207	0.0583383492490678	False	((1.1, -0.4052631578947369), array([0.85591028, 0.34601265]))	False
LOC100652758	ENHA_KLF5;SET	1.6506031034797	2.83463435745392e-07	False	((1.1, -0.31842105263157894), array([0.85591028, 0.34601265]))	False
LOC100652758	ENHA_ELF4;SET	1.18032930251083	0.241031207848951	False	((1.1666666666666667, -0.7815789473684212), array([0.85591028, 0.34601265]))	False
LOC100652758	ENHA_KLF5;SET	1.6506031034797	2.83463435745392e-07	False	((1.1, -0.31842105263157894), array([0.85591028, 0.34601265]))	False
LOC100652758	ENHA_SP1;SMAD2	5.43697205399848	8.47729323890124e-32	False	((1.1333333333333335, 0.5789473684210527), array([-0.98200291, -0.0998151 ]))	False
LOC100652758	ENHA_ETV4;SMAD2	1.38908680040404	0.0004090854958472	False	((1.1, -0.6657894736842105), array([-0.98200291, -0.0998151 ]))	False
LOC100652758	ENHA_KLF5;SMAD2	1.77058842348006	2.8207135749755603e-09	False	((1.1, -0.31842105263157894), array([-0.98200291, -0.0998151 ]))	False
LOC100652758	ENHA_SP1;SMAD2	5.43697205399848	8.47729323890124e-32	False	((1.1333333333333335, 0.5789473684210527), array([-0.98200291, -0.0998151 ]))	False
LOC100652758	ENHA_ETV4;SMAD2	1.38908680040404	0.0004090854958472	False	((1.1, -0.6657894736842105), array([-0.98200291, -0.0998151 ]))	False
LOC100652758	ENHA_IRF3;SMAD2	1.51030510371568	2.14990392696568e-05	False	((1.1666666666666667, -0.4342105263157895), array([-0.98200291, -0.0998151 ]))	False
LOC100652758	ENHA_KLF5;SMAD2	1.77058842348006	2.8207135749755603e-09	False	((1.1, -0.31842105263157894), array([-0.98200291, -0.0998151 ]))	False
LOC100652758	ENHA_NFE2L2;UBA52	1.46634933822195	0.0001989791573726	False	((1.1666666666666667, 0.0), array([-0.66518465,  0.82306944]))	False
LOC100652758	ENHA_NFKB2;UBA52	2.00620977195212	5.07551437851705e-14	False	((1.1, 0.11578947368421066), array([-0.66518465,  0.82306944]))	True
LOC100652758	ENHA_KLF5;UBA52	1.80694609491192	1.45406386999753e-10	False	((1.1, -0.31842105263157894), array([-0.66518465,  0.82306944]))	False
LOC100652758	ENHA_RELA;UBA52	0.900022684462838	0.413411278317844	False	((1.1666666666666667, 0.4342105263157896), array([-0.66518465,  0.82306944]))	False
LOC100652758	ENHA_ETV1;UBA52	1.38461798579033	0.000686620892761	False	((1.1666666666666667, -0.6947368421052632), array([-0.66518465,  0.82306944]))	False
LOC100652758	ENHA_KLF5;UBA52	1.80694609491192	1.45406386999753e-10	False	((1.1, -0.31842105263157894), array([-0.66518465,  0.82306944]))	False
LOC100652758	EHMT2;ENHA_REST	1.33910546991107	0.0017458906048733	False	(array([0.28699701, 0.76799933]), (1.1, 0.4631578947368422))	False
LOC100652758	EHMT2;ENHA_KLF6	1.0366669861506	0.730469248411705	False	(array([0.28699701, 0.76799933]), (1.1333333333333335, -0.2894736842105263))	False
LOC100652758	PROM_ZNF148;SIAH1	1.72717349042113	9.34389608913631e-09	False	((-1.1666666666666667, 0.9114285714285715), array([-0.34275084, -0.89974069]))	False
LOC100652758	ACTR5;PROM_ZNF148	1.75683193427138	4.61572426370041e-09	False	(array([-0.76909193,  0.53792159]), (-1.1666666666666667, 0.9114285714285715))	False
LOC100652758	COMMD1;ENHA_NFKB2	1.63845198003198	1.44896394459836e-07	False	(array([-0.59385451,  0.11208623]), (1.1, 0.11578947368421066))	False
LOC100652758	COMMD1;ENHA_E2F6	1.57436757411622	1.67445814069824e-06	False	(array([-0.59385451,  0.11208623]), (1.1666666666666667, -0.9552631578947369))	False
LOC100652758	COMMD1;ENHA_RELA	1.1576682136915	0.217536323835822	False	(array([-0.59385451,  0.11208623]), (1.1666666666666667, 0.4342105263157896))	False
LOC100652758	COMMD1;ENHA_NFKB1	1.73789614302997	2.9046084881669203e-09	False	(array([-0.59385451,  0.11208623]), (1.1666666666666667, 0.08684210526315783))	False
LOC100652758	COMMD1;ENHA_NFKB1	1.73789614302997	2.9046084881669203e-09	False	(array([-0.59385451,  0.11208623]), (1.1666666666666667, 0.08684210526315783))	False
LOC100652758	COMMD8;ENHA_E2F6	1.57226305964983	2.52533223999805e-06	False	(array([0.78107955, 0.49391856]), (1.1666666666666667, -0.9552631578947369))	False
LOC100652758	COMMD8;ENHA_RELA	1.1576682136915	0.217536323835822	False	(array([0.78107955, 0.49391856]), (1.1666666666666667, 0.4342105263157896))	False
LOC100652758	COMMD8;ENHA_NFKB1	1.73789614302997	2.9046084881669203e-09	False	(array([0.78107955, 0.49391856]), (1.1666666666666667, 0.08684210526315783))	False
LOC100652758	COMMD8;ENHA_NFKB1	1.73789614302997	2.9046084881669203e-09	False	(array([0.78107955, 0.49391856]), (1.1666666666666667, 0.08684210526315783))	False
LOC100652758	COMMD4;ENHA_E2F6	1.57226305964983	2.52533223999805e-06	False	(array([ 0.81214403, -0.49052878]), (1.1666666666666667, -0.9552631578947369))	False
LOC100652758	COMMD4;ENHA_RELA	1.1576682136915	0.217536323835822	False	(array([ 0.81214403, -0.49052878]), (1.1666666666666667, 0.4342105263157896))	False
LOC100652758	COMMD4;ENHA_NFKB1	1.73789614302997	2.9046084881669203e-09	False	(array([ 0.81214403, -0.49052878]), (1.1666666666666667, 0.08684210526315783))	False
LOC100652758	COMMD4;ENHA_NFKB1	1.73789614302997	2.9046084881669203e-09	False	(array([ 0.81214403, -0.49052878]), (1.1666666666666667, 0.08684210526315783))	False
LOC100652758	COMMD6;ENHA_E2F6	1.450437751595	0.0001411893964184	False	(array([ 0.7109281 , -0.48792242]), (1.1666666666666667, -0.9552631578947369))	False
LOC100652758	COMMD6;ENHA_RELA	1.1576682136915	0.217536323835822	False	(array([ 0.7109281 , -0.48792242]), (1.1666666666666667, 0.4342105263157896))	False
LOC100652758	COMMD6;ENHA_NFKB1	1.73789614302997	2.9046084881669203e-09	False	(array([ 0.7109281 , -0.48792242]), (1.1666666666666667, 0.08684210526315783))	False
LOC100652758	COMMD6;ENHA_NFKB1	1.73789614302997	2.9046084881669203e-09	False	(array([ 0.7109281 , -0.48792242]), (1.1666666666666667, 0.08684210526315783))	False
LOC100652758	PROM_E2F6;TFDP2	1.34414056075396	0.0024290573415223	False	((-1.1, -1.1), array([-0.96432067, -0.30570665]))	False
LOC100652758	PROM_E2F6;RING1	1.60775299615696	2.8022457760008e-07	False	((-1.1, -1.1), array([-0.8405045 , -0.16413547]))	False
LOC100652758	PROM_E2F6;WDR5	1.64692026469617	5.83538171712383e-08	False	((-1.1, -1.1), array([ 0.62113072, -0.60621554]))	False
LOC100652758	EPC1;PROM_E2F6	1.63712580572488	7.47424899609601e-06	False	(array([-0.98105079,  0.1095642 ]), (-1.1, -1.1))	False
LOC100652758	KDM5C;PROM_E2F6	1.37210268403992	0.0006510012944259	False	(array([0.93003874, 0.28022412]), (-1.1, -1.1))	False
LOC100652758	COMMD1;PROM_E2F6	1.49013482146761	1.91971151696865e-05	False	(array([-0.59385451,  0.11208623]), (-1.1, -1.1))	False
LOC100652758	COMMD8;PROM_E2F6	1.49069897347912	1.56833403700392e-05	False	(array([0.78107955, 0.49391856]), (-1.1, -1.1))	False
LOC100652758	COMMD4;PROM_E2F6	1.49069897347912	1.56833403700392e-05	False	(array([ 0.81214403, -0.49052878]), (-1.1, -1.1))	False
LOC100652758	COMMD6;PROM_E2F6	1.49823860600629	1.23618752203816e-05	False	(array([ 0.7109281 , -0.48792242]), (-1.1, -1.1))	False
LOC100652758	MAPK14;PROM_MAZ	1.22958007781755	0.0294976442226252	False	(array([-0.72720289, -0.75776429]), (-1.1333333333333335, -0.2828571428571429))	False
LOC100652758	KEAP1;PROM_MAZ	1.17239168907894	0.0889418821247532	False	(array([0.54072831, 0.09290676]), (-1.1333333333333335, -0.2828571428571429))	False
LOC100652758	ENHA_MAF;FOS	1.68768798544059	5.69287014517794e-07	False	((1.1, -0.231578947368421), array([0.95929236, 0.22759246]))	False
LOC100652758	ENHA_JUNB;FOS	1.17304791280397	0.191342739692804	False	((1.1, -0.4052631578947369), array([0.95929236, 0.22759246]))	False
LOC100652758	ENHA_STAT1;FOS	1.67763574191344	2.08097651948428e-08	False	((1.1666666666666667, 0.6947368421052633), array([0.95929236, 0.22759246]))	False
LOC100652758	ENHA_MAZ;FOS	1.55496728466408	2.02074141077841e-06	False	((1.1, -0.14473684210526316), array([0.95929236, 0.22759246]))	False
LOC100652758	ENHA_JUNB;FOS	1.17304791280397	0.191342739692804	False	((1.1, -0.4052631578947369), array([0.95929236, 0.22759246]))	False
LOC100652758	ENHA_RELA;FOS	1.08218237138024	0.515230237606475	False	((1.1666666666666667, 0.4342105263157896), array([0.95929236, 0.22759246]))	False
LOC100652758	ENHA_STAT1;FOS	1.67763574191344	2.08097651948428e-08	False	((1.1666666666666667, 0.6947368421052633), array([0.95929236, 0.22759246]))	False
LOC100652758	ENHA_STAT1;FOS	1.67763574191344	2.08097651948428e-08	False	((1.1666666666666667, 0.6947368421052633), array([0.95929236, 0.22759246]))	False
LOC100652758	FOS;PROM_MAZ	1.10387590309695	0.306427009814974	False	(array([0.95929236, 0.22759246]), (-1.1333333333333335, -0.2828571428571429))	False
LOC100652758	ENHA_AR;LCOR	0.865986759764375	0.306212912032501	False	((1.1, -1.1), array([0.66965414, 0.75652162]))	False
LOC100652758	ENHA_RELA;PROM_KLF6	0.724320432811524	0.0857012707064181	False	((1.1666666666666667, 0.4342105263157896), (-1.1666666666666667, -0.4085714285714286))	False
LOC100652758	GTF3C1;PROM_KLF6	1.34832169384562	0.0202524595322398	False	(array([0.83865874, 0.47904762]), (-1.1666666666666667, -0.4085714285714286))	False
LOC100652758	PNO1;PROM_KLF6	1.34832169384562	0.0202524595322398	False	(array([ 0.14445614, -0.92886444]), (-1.1666666666666667, -0.4085714285714286))	False
LOC100652758	EHMT2;PROM_KLF6	1.02241720779942	0.844941731659205	False	(array([0.28699701, 0.76799933]), (-1.1666666666666667, -0.4085714285714286))	False
LOC100652758	LCOR;PROM_KLF6	0.914346597566245	0.443474493919367	False	(array([0.66965414, 0.75652162]), (-1.1666666666666667, -0.4085714285714286))	False
LOC100652758	FHL3;PROM_KLF3	1.18150521500154	0.0841911625424657	False	(array([-0.99138963,  0.14374698]), (-1.1666666666666667, -0.5971428571428572))	False
LOC100652758	EHMT2;PROM_KLF3	1.11074841060189	0.285448980209942	False	(array([0.28699701, 0.76799933]), (-1.1666666666666667, -0.5971428571428572))	False
LOC100652758	CTBP2;ENHA_ZBTB18	1.2880921111814	0.0211093553054684	False	(array([-0.0854801 ,  0.92902038]), (1.1333333333333335, 0.9263157894736844))	False
LOC100652758	CTBP2;ENHA_SOX13	1.30142279806033	0.0486207380865281	False	(array([-0.0854801 ,  0.92902038]), (1.1, 0.55))	False
LOC100652758	CTBP2;ENHA_ZEB1	1.29533185098599	0.0063261377141339	False	(array([-0.0854801 ,  0.92902038]), (1.1333333333333335, 1.013157894736842))	False
LOC100652758	CTBP2;PROM_KLF3	1.14942706629303	0.151134365285608	False	(array([-0.0854801 ,  0.92902038]), (-1.1666666666666667, -0.5971428571428572))	False
LOC100652758	ENHA_MXI1;MAX	1.08716160828038	0.439180505985341	False	((1.1666666666666667, -0.08684210526315783), array([-0.1944085 , -0.95083149]))	False
LOC100652758	ENHA_TFDP1;MAX	1.10591490304439	0.495276964223469	False	((1.1333333333333335, 0.8394736842105264), array([-0.1944085 , -0.95083149]))	False
LOC100652758	ENHA_E2F6;MAX	1.3529807004842	0.0012144285634385	False	((1.1666666666666667, -0.9552631578947369), array([-0.1944085 , -0.95083149]))	False
LOC100652758	ENHA_TWIST1;MAX	1.50765764351537	0.0001266637771886	False	((1.1, 0.8973684210526318), array([-0.1944085 , -0.95083149]))	False
LOC100652758	ENHA_E2F6;MAX	1.3529807004842	0.0012144285634385	False	((1.1666666666666667, -0.9552631578947369), array([-0.1944085 , -0.95083149]))	False
LOC100652758	ENHA_TFAP2A;MAX	1.23207145966355	0.0245892249368514	False	((1.1333333333333335, 0.7526315789473685), array([-0.1944085 , -0.95083149]))	False
LOC100652758	ENHA_TFAP2A;MAX	1.23207145966355	0.0245892249368514	False	((1.1333333333333335, 0.7526315789473685), array([-0.1944085 , -0.95083149]))	False
LOC100652758	MAX;PROM_E2F6	0.933684536560884	0.462629247388539	False	(array([-0.1944085 , -0.95083149]), (-1.1, -1.1))	False
LOC100652758	MAX;PROM_MXI1	2.15026227139495	1.06909920292885e-07	False	(array([-0.1944085 , -0.95083149]), (-1.1666666666666667, -0.21999999999999997))	False
LOC100652758	PROM_KLF2;SMURF1	0.930188746804187	0.472244302799801	False	((-1.1333333333333335, -0.66), array([0.44510213, 0.84745259]))	False
LOC100652758	FBXW7;PROM_KLF2	0.960546579250477	0.679829577193884	False	(array([-0.31369356,  0.92730691]), (-1.1333333333333335, -0.66))	False
LOC100652758	PROM_KLF2;WWP1	0.970640117384443	0.778501647430439	False	((-1.1333333333333335, -0.66), array([ 0.1546733 , -0.65209342]))	False
LOC100652758	CDK2;ENHA_NFYA	1.19877134658298	0.0795098267344801	False	(array([ 0.21932397, -0.18543208]), (1.1333333333333335, 0.14473684210526327))	False
LOC100652758	CDK2;ENHA_E2F4	1.38465437484701	0.0030442821044144	False	(array([ 0.21932397, -0.18543208]), (1.1333333333333335, -0.9842105263157895))	False
LOC100652758	CDK2;ENHA_E2F1	1.41874660214465	0.0010036948773332	False	(array([ 0.21932397, -0.18543208]), (1.1, -1.0131578947368423))	False
LOC100652758	CDK2;ENHA_TFDP1	1.07513216976762	0.582001874869895	False	(array([ 0.21932397, -0.18543208]), (1.1333333333333335, 0.8394736842105264))	False
LOC100652758	CDK2;ENHA_NFYA	1.19877134658298	0.0795098267344801	False	(array([ 0.21932397, -0.18543208]), (1.1333333333333335, 0.14473684210526327))	False
LOC100652758	PROM_KLF10;SIAH1	0.978119967804561	0.8455815780207	False	((-1.1333333333333335, -0.8485714285714286), array([-0.34275084, -0.89974069]))	False
LOC100652758	CDK2;PROM_KLF10	1.05595728260471	0.565137106200077	False	(array([ 0.21932397, -0.18543208]), (-1.1333333333333335, -0.8485714285714286))	False
LOC100652758	ENHA_NFYA;NFYB	2.13928992439559	0.0018646489926996	False	((1.1333333333333335, 0.14473684210526327), array([-0.47441019, -0.79890266]))	False
LOC100652758	ENHA_IRF1;YBX1	3.02745862218741	1.77203117003821e-32	False	((1.1333333333333335, -0.4631578947368421), array([ 0.19877343, -0.85825024]))	False
LOC100652758	ENHA_CTCF;YBX1	2.42521943608176	4.9829806354574595e-16	False	((1.1666666666666667, -1.0421052631578949), array([ 0.19877343, -0.85825024]))	False
LOC100652758	ENHA_CTCF;POLR2A	2.15107781103476	3.48085037737492e-10	False	((1.1666666666666667, -1.0421052631578949), array([-0.38151388, -0.8940695 ]))	False
LOC100652758	ENHA_RELA;SUZ12	1.33384844786661	0.0393690214233514	False	((1.1666666666666667, 0.4342105263157896), array([-0.73145595,  0.09735772]))	False
LOC100652758	ENHA_CTCF;SUZ12	2.12719873246123	6.138132549274219e-11	False	((1.1666666666666667, -1.0421052631578949), array([-0.73145595,  0.09735772]))	False
LOC100652758	ENHA_AR;SUZ12	1.62353358881753	7.07677753124661e-05	False	((1.1, -1.1), array([-0.73145595,  0.09735772]))	False
LOC100652758	ENHA_RELA;PRKDC	1.53026813946025	0.001529118666473	False	((1.1666666666666667, 0.4342105263157896), array([ 0.6678458 , -0.55107264]))	False
LOC100652758	ENHA_ETV1;PRKDC	2.33517049082037	2.1434980302817002e-16	False	((1.1666666666666667, -0.6947368421052632), array([ 0.6678458 , -0.55107264]))	False
LOC100652758	ENHA_THRB;PRKDC	2.27472115958902	6.93907451871734e-12	False	((1.1666666666666667, 0.868421052631579), array([ 0.6678458 , -0.55107264]))	False
LOC100652758	ENHA_AR;PRKDC	2.07460177813946	2.10442855566874e-10	False	((1.1, -1.1), array([ 0.6678458 , -0.55107264]))	False
LOC100652758	ENHA_AR;FLNA	1.4039011721211	0.0088531879984773	False	((1.1, -1.1), array([-0.57524991,  0.79700411]))	False
LOC100652758	CDK6;ENHA_TFDP1	1.28024045473059	0.0613734915291841	False	(array([-0.64642981, -0.04329722]), (1.1333333333333335, 0.8394736842105264))	False
LOC100652758	CDK6;ENHA_SOX10	1.20202877696209	0.0754786236822292	False	(array([-0.64642981, -0.04329722]), (1.1666666666666667, 0.5210526315789474))	False
LOC100652758	CDK6;ENHA_MZF1	1.3441675630204	0.0044213003535365	False	(array([-0.64642981, -0.04329722]), (1.1, -0.05789473684210522))	False
LOC100652758	CDK6;ENHA_AR	1.2809415364501	0.0178189933459834	False	(array([-0.64642981, -0.04329722]), (1.1, -1.1))	False
LOC100652758	CDK6;PROM_KLF10	0.962145424365245	0.706479927687916	False	(array([-0.64642981, -0.04329722]), (-1.1333333333333335, -0.8485714285714286))	False
LOC100652758	ENHA_AR;ERCC3	2.29443042575731	2.18957528064778e-07	False	((1.1, -1.1), array([-0.49250419, -0.84849009]))	False
LOC100652758	ENHA_E2F1;SKP2	1.90235232245302	1.73029569443259e-08	False	((1.1, -1.0131578947368423), array([-0.40319328, -0.63662777]))	False
LOC100652758	ENHA_ELF4;SKP2	1.38705764623087	0.0245772226376631	False	((1.1666666666666667, -0.7815789473684212), array([-0.40319328, -0.63662777]))	False
LOC100652758	ENHA_GABPA;SKP2	2.00041807920203	1.85932788473143e-13	False	((1.1333333333333335, -0.55), array([-0.40319328, -0.63662777]))	False
LOC100652758	ENHA_AR;SKP2	1.66440621978574	3.02606229180272e-06	False	((1.1, -1.1), array([-0.40319328, -0.63662777]))	False
LOC100652758	ENHA_NR2C2;SMARCC1	2.90614319594791	1.59998051990499e-22	False	((1.1333333333333335, 0.2315789473684211), array([0.00972894, 0.88695074]))	False
LOC100652758	ENHA_AR;SMARCC1	2.37248818543777	2.00267795207377e-10	False	((1.1, -1.1), array([0.00972894, 0.88695074]))	False
LOC100652758	ENHA_AR;TAF1	2.22858087679537	6.14496208516931e-08	False	((1.1, -1.1), array([-0.8629098 ,  0.47158323]))	False
LOC100652758	ENHA_GABPA;MED1	2.69244131668681	1.77145440596338e-25	False	((1.1333333333333335, -0.55), array([-0.91326845,  0.17231965]))	False
LOC100652758	ENHA_AR;MED1	1.86248782052497	3.25802282916664e-08	False	((1.1, -1.1), array([-0.91326845,  0.17231965]))	False
LOC100652758	ENHA_AR;PIAS2	2.21354293195088	1.39295813687855e-07	False	((1.1, -1.1), array([ 0.35410538, -0.93221699]))	False
LOC100652758	CALM1;ENHA_RELA	1.32542971910205	0.177922011481333	False	(array([-0.24757568,  0.93760232]), (1.1666666666666667, 0.4342105263157896))	False
LOC100652758	CALM1;ENHA_AR	1.62057184446591	0.0054329457553984	False	(array([-0.24757568,  0.93760232]), (1.1, -1.1))	True
LOC100652758	ENHA_RELA;EZH2	1.32542971910205	0.177922011481333	False	((1.1666666666666667, 0.4342105263157896), array([ 0.92851498, -0.04926561]))	False
LOC100652758	ENHA_AR;EZH2	1.61609737632817	0.0014915316187444	False	((1.1, -1.1), array([ 0.92851498, -0.04926561]))	False
LOC100652758	ENHA_RELA;USP7	1.50225552746906	0.0029486030590982	False	((1.1666666666666667, 0.4342105263157896), array([0.48246661, 0.89670803]))	False
LOC100652758	ENHA_ZEB1;USP7	3.16677597574382	1.99701620427157e-34	False	((1.1333333333333335, 1.013157894736842), array([0.48246661, 0.89670803]))	False
LOC100652758	ENHA_AR;USP7	1.82960037641982	3.18651728648289e-07	False	((1.1, -1.1), array([0.48246661, 0.89670803]))	False
LOC100652758	ENHA_IRF3;PRDX1	2.40058705003583	1.00395919706308e-07	False	((1.1666666666666667, -0.4342105263157895), array([0.671397 , 0.7212768]))	False
LOC100652758	ENHA_AR;PRDX1	1.73303391421534	0.001336963019906	False	((1.1, -1.1), array([0.671397 , 0.7212768]))	False
LOC100652758	ENHA_AR;PRPF6	1.82469731986236	0.0021993284274601	False	((1.1, -1.1), array([-0.91377951,  0.36122056]))	False
LOC100652758	ENHA_AR;WDR77	1.82469731986236	0.0021993284274601	False	((1.1, -1.1), array([0.80165737, 0.40975912]))	False
LOC100652758	ENHA_IRF1;STUB1	4.10911805925977	3.71681558475827e-51	False	((1.1333333333333335, -0.4631578947368421), array([ 0.50080213, -0.86404562]))	False
LOC100652758	ENHA_AR;STUB1	2.25456526965208	1.46277018161688e-12	False	((1.1, -1.1), array([ 0.50080213, -0.86404562]))	False
LOC100652758	ENHA_RORA;RUVBL1	2.32871248666927	7.43174886078618e-07	False	((1.1333333333333335, 0.4921052631578948), array([0.69892356, 0.63445166]))	False
LOC100652758	ENHA_AR;RUVBL1	2.0104258157926	4.62375305177101e-06	False	((1.1, -1.1), array([0.69892356, 0.63445166]))	False
LOC100652758	ENHA_STAT1;TP73	2.71601415430699	2.8090230362396e-17	False	((1.1666666666666667, 0.6947368421052633), array([-0.54113205, -0.76317286]))	False
LOC100652758	ENHA_STAT1;TP73	2.71601415430699	2.8090230362396e-17	False	((1.1666666666666667, 0.6947368421052633), array([-0.54113205, -0.76317286]))	False
LOC100652758	ENHA_STAT1;TP73	2.71601415430699	2.8090230362396e-17	False	((1.1666666666666667, 0.6947368421052633), array([-0.54113205, -0.76317286]))	False
LOC100652758	ENHA_STAT1;TRIM28	2.31066406875175	2.08495205581761e-17	False	((1.1666666666666667, 0.6947368421052633), array([ 0.50452325, -0.72510554]))	False
LOC100652758	ENHA_NFE2L2;TRIM28	2.44958807144286	1.15009277613142e-16	False	((1.1666666666666667, 0.0), array([ 0.50452325, -0.72510554]))	False
LOC100652758	ENHA_IRF1;TRIM28	3.81059697261297	1.03854457522967e-45	False	((1.1333333333333335, -0.4631578947368421), array([ 0.50452325, -0.72510554]))	False
LOC100652758	ENHA_STAT1;TRIM28	2.31066406875175	2.08495205581761e-17	False	((1.1666666666666667, 0.6947368421052633), array([ 0.50452325, -0.72510554]))	False
LOC100652758	ENHA_STAT1;TRIM28	2.31066406875175	2.08495205581761e-17	False	((1.1666666666666667, 0.6947368421052633), array([ 0.50452325, -0.72510554]))	False
LOC100652758	ENHA_E2F4;XPO1	2.12895492233936	1.6057978335737201e-09	False	((1.1333333333333335, -0.9842105263157895), array([ 0.87425331, -0.0506647 ]))	False
LOC100652758	ENHA_STAT1;XPO1	1.64997747068272	1.14633548239902e-07	False	((1.1666666666666667, 0.6947368421052633), array([ 0.87425331, -0.0506647 ]))	False
LOC100652758	ENHA_IRF3;XPO1	1.37354779476414	0.0036446926933732	False	((1.1666666666666667, -0.4342105263157895), array([ 0.87425331, -0.0506647 ]))	False
LOC100652758	ENHA_STAT1;XPO1	1.64997747068272	1.14633548239902e-07	False	((1.1666666666666667, 0.6947368421052633), array([ 0.87425331, -0.0506647 ]))	False
LOC100652758	ENHA_STAT1;XPO1	1.64997747068272	1.14633548239902e-07	False	((1.1666666666666667, 0.6947368421052633), array([ 0.87425331, -0.0506647 ]))	False
LOC100652758	ENHA_E2F4;PML	1.67063667755538	3.61615241550396e-07	False	((1.1333333333333335, -0.9842105263157895), array([0.36218844, 0.87280429]))	False
LOC100652758	ENHA_SP1;PML	4.47295383855468	6.86501230729576e-33	False	((1.1333333333333335, 0.5789473684210527), array([0.36218844, 0.87280429]))	False
LOC100652758	ENHA_RELA;PML	1.25379346542186	0.0484262636753311	False	((1.1666666666666667, 0.4342105263157896), array([0.36218844, 0.87280429]))	False
LOC100652758	ENHA_NFKB1;PML	2.55651976873102	2.44827269592785e-21	False	((1.1666666666666667, 0.08684210526315783), array([0.36218844, 0.87280429]))	False
LOC100652758	ENHA_ELF4;PML	1.31207278797482	0.0293453546155867	False	((1.1666666666666667, -0.7815789473684212), array([0.36218844, 0.87280429]))	False
LOC100652758	ENHA_NR2C1;PML	1.59621240346736	2.12608256056951e-06	False	((1.1, 0.2026315789473685), array([0.36218844, 0.87280429]))	False
LOC100652758	ENHA_NFKB1;PML	2.55651976873102	2.44827269592785e-21	False	((1.1666666666666667, 0.08684210526315783), array([0.36218844, 0.87280429]))	False
LOC100652758	ECSIT;ENHA_RELA	1.17953679670644	0.465106341012447	False	(array([-0.29307108, -0.90815546]), (1.1666666666666667, 0.4342105263157896))	False
LOC100652758	ECSIT;ENHA_NFKB1	3.22908155021392	5.2830185658487e-25	False	(array([-0.29307108, -0.90815546]), (1.1666666666666667, 0.08684210526315783))	False
LOC100652758	ECSIT;ENHA_NFKB1	3.22908155021392	5.2830185658487e-25	False	(array([-0.29307108, -0.90815546]), (1.1666666666666667, 0.08684210526315783))	False
LOC100652758	CDK9;ENHA_RELA	1.32542971910205	0.177922011481333	False	(array([ 0.94908625, -0.01195339]), (1.1666666666666667, 0.4342105263157896))	False
LOC100652758	CDK9;ENHA_NFKB1	3.60712196253324	3.2436095298038296e-40	False	(array([ 0.94908625, -0.01195339]), (1.1666666666666667, 0.08684210526315783))	False
LOC100652758	CDK9;ENHA_AR	1.70213680518058	8.3429414875694e-06	False	(array([ 0.94908625, -0.01195339]), (1.1, -1.1))	False
LOC100652758	CDK9;ENHA_NFKB1	3.60712196253324	3.2436095298038296e-40	False	(array([ 0.94908625, -0.01195339]), (1.1666666666666667, 0.08684210526315783))	False
LOC100652758	CHUK;ENHA_NFKB2	2.95293534653959	1.7078557939218402e-20	False	(array([0.96721237, 0.1697033 ]), (1.1, 0.11578947368421066))	False
LOC100652758	CHUK;ENHA_RELA	1.17756096009681	0.406109661776122	False	(array([0.96721237, 0.1697033 ]), (1.1666666666666667, 0.4342105263157896))	False
LOC100652758	CHUK;ENHA_NFKB1	2.65812233427248	2.7161160791139e-22	False	(array([0.96721237, 0.1697033 ]), (1.1666666666666667, 0.08684210526315783))	False
LOC100652758	CHUK;ENHA_NFKB1	2.65812233427248	2.7161160791139e-22	False	(array([0.96721237, 0.1697033 ]), (1.1666666666666667, 0.08684210526315783))	False
LOC100652758	ENHA_NFKB1;TXN	3.22908155021392	5.2830185658487e-25	False	((1.1666666666666667, 0.08684210526315783), array([ 0.98070002, -0.0226701 ]))	False
LOC100652758	ENHA_NFKB1;TXN	3.22908155021392	5.2830185658487e-25	False	((1.1666666666666667, 0.08684210526315783), array([ 0.98070002, -0.0226701 ]))	False
LOC100652758	ENHA_RELA;RUVBL2	1.52452816791554	0.0101555373427254	False	((1.1666666666666667, 0.4342105263157896), array([ 0.04433509, -0.93870809]))	False
LOC100652758	ENHA_NFKB1;RUVBL2	2.73447236045794	5.590210034842259e-26	False	((1.1666666666666667, 0.08684210526315783), array([ 0.04433509, -0.93870809]))	False
LOC100652758	ENHA_NFKB1;RUVBL2	2.73447236045794	5.590210034842259e-26	False	((1.1666666666666667, 0.08684210526315783), array([ 0.04433509, -0.93870809]))	False
LOC100652758	ENHA_NFKB2;MEN1	1.98049920437898	4.44060854231328e-12	False	((1.1, 0.11578947368421066), array([-0.11844177, -0.97374357]))	False
LOC100652758	ENHA_RELA;MEN1	1.2042391256385	0.16287257871713	False	((1.1666666666666667, 0.4342105263157896), array([-0.11844177, -0.97374357]))	False
LOC100652758	ENHA_NFKB1;MEN1	1.87635388786601	1.0823300788771899e-11	False	((1.1666666666666667, 0.08684210526315783), array([-0.11844177, -0.97374357]))	False
LOC100652758	ENHA_NFKB1;MEN1	1.87635388786601	1.0823300788771899e-11	False	((1.1666666666666667, 0.08684210526315783), array([-0.11844177, -0.97374357]))	False
LOC100652758	ENHA_NFKB2;IKBKG	3.34062638729323	1.15566530695932e-21	False	((1.1, 0.11578947368421066), array([-0.74988087,  0.62669798]))	False
LOC100652758	ENHA_NFKB1;IKBKG	3.21108907884789	1.59815656079927e-26	False	((1.1666666666666667, 0.08684210526315783), array([-0.74988087,  0.62669798]))	False
LOC100652758	ENHA_NFKB1;IKBKG	3.21108907884789	1.59815656079927e-26	False	((1.1666666666666667, 0.08684210526315783), array([-0.74988087,  0.62669798]))	False
LOC100652758	ENHA_NFYB;PROM_NFYC	2.0342091590785	0.101520171311982	False	((1.1666666666666667, 0.17368421052631589), (-1.1666666666666667, -0.03142857142857136))	False
LOC100652758	FOXK2;PROM_NFYC	1.47253169015947	0.0446010030575576	False	(array([ 0.95597803, -0.13465172]), (-1.1666666666666667, -0.03142857142857136))	False
LOC100652758	ARID2;PROM_NFYC	1.57358438007471	0.0274060372752997	False	(array([-0.97989786,  0.2367908 ]), (-1.1666666666666667, -0.03142857142857136))	False
LOC100652758	ENHA_AR;NONO	1.82431187933631	0.0006468539103419	False	((1.1, -1.1), array([0.88036514, 0.37016058]))	False
LOC100652758	NONO;PROM_HEY1	2.75467082014632	1.0539110326858101e-09	False	(array([0.88036514, 0.37016058]), (-1.1, -0.9114285714285715))	False
LOC100652758	ENHA_GLI3;SMAD1	1.54261194994211	0.0013188645513745	False	((1.1666666666666667, -0.5210526315789474), array([ 0.90013683, -0.44248106]))	False
LOC100652758	ENHA_AR;SMAD1	1.24815933401678	0.119105024675343	False	((1.1, -1.1), array([ 0.90013683, -0.44248106]))	False
LOC100652758	ENHA_NFKB1;NOTCH1	1.66898516853483	5.40315840310471e-08	False	((1.1666666666666667, 0.08684210526315783), array([-0.6076727 , -0.71357202]))	False
LOC100652758	ENHA_NFKB1;NOTCH1	1.66898516853483	5.40315840310471e-08	False	((1.1666666666666667, 0.08684210526315783), array([-0.6076727 , -0.71357202]))	False
LOC100652758	PROM_RFX1;SMAD1	1.55324271463329	0.0544643540496291	False	((-1.1333333333333335, 0.2828571428571429), array([ 0.90013683, -0.44248106]))	False
LOC100652758	NOTCH1;PROM_RFX1	1.49979381217326	0.0493087703770237	False	(array([-0.6076727 , -0.71357202]), (-1.1333333333333335, 0.2828571428571429))	False
LOC100652758	ENHA_FOXA1;PIAS1	1.39111104149695	0.0003693563102276	False	((1.1, -0.5789473684210527), array([-0.98442428,  0.03559337]))	False
LOC100652758	ENHA_STAT1;PIAS1	1.64921933882118	7.19303677529357e-08	False	((1.1666666666666667, 0.6947368421052633), array([-0.98442428,  0.03559337]))	False
LOC100652758	ENHA_SP3;PIAS1	1.811181084072	1.44354137825784e-10	False	((1.1, 0.6368421052631581), array([-0.98442428,  0.03559337]))	False
LOC100652758	ENHA_PRDM1;PIAS1	1.6145813518854	6.2096791015627e-07	False	((1.1, 0.3763157894736844), array([-0.98442428,  0.03559337]))	False
LOC100652758	ENHA_STAT1;PIAS1	1.64921933882118	7.19303677529357e-08	False	((1.1666666666666667, 0.6947368421052633), array([-0.98442428,  0.03559337]))	False
LOC100652758	ENHA_PRDM1;PIAS1	1.6145813518854	6.2096791015627e-07	False	((1.1, 0.3763157894736844), array([-0.98442428,  0.03559337]))	False
LOC100652758	ENHA_AR;PIAS1	1.21324679655627	0.0589465208052896	False	((1.1, -1.1), array([-0.98442428,  0.03559337]))	False
LOC100652758	ENHA_STAT1;PIAS1	1.64921933882118	7.19303677529357e-08	False	((1.1666666666666667, 0.6947368421052633), array([-0.98442428,  0.03559337]))	False
LOC100652758	PIAS1;PROM_SP3	0.981918551078162	0.851707936682666	False	(array([-0.98442428,  0.03559337]), (-1.1333333333333335, 0.6600000000000001))	False
LOC100652758	ENHA_FOXA1;HMGA1	1.71091504294649	6.599298852293181e-09	False	((1.1, -0.5789473684210527), array([-0.38261095,  0.82649627]))	False
LOC100652758	ENHA_SP1;HMGA1	2.00280143110359	1.24283560436503e-12	False	((1.1333333333333335, 0.5789473684210527), array([-0.38261095,  0.82649627]))	False
LOC100652758	ENHA_POU2F2;HMGA1	1.47887446359537	4.92121372842858e-05	False	((1.1666666666666667, 0.34736842105263155), array([-0.38261095,  0.82649627]))	False
LOC100652758	BRCA1;ENHA_JUNB	1.34285460075349	0.0018856530624029	False	(array([0.8880781 , 0.45553061]), (1.1, -0.4052631578947369))	False
LOC100652758	BRCA1;ENHA_E2F1	1.95983815620958	2.1988859253569e-09	False	(array([0.8880781 , 0.45553061]), (1.1, -1.0131578947368423))	False
LOC100652758	BRCA1;ENHA_STAT1	2.16013559216739	5.83159627839645e-16	False	(array([0.8880781 , 0.45553061]), (1.1666666666666667, 0.6947368421052633))	False
LOC100652758	BRCA1;ENHA_SP1	2.37949697217697	8.56366094516007e-19	False	(array([0.8880781 , 0.45553061]), (1.1333333333333335, 0.5789473684210527))	False
LOC100652758	BRCA1;ENHA_JUNB	1.34285460075349	0.0018856530624029	False	(array([0.8880781 , 0.45553061]), (1.1, -0.4052631578947369))	False
LOC100652758	BRCA1;ENHA_SP1	2.37949697217697	8.56366094516007e-19	False	(array([0.8880781 , 0.45553061]), (1.1333333333333335, 0.5789473684210527))	False
LOC100652758	BRCA1;ENHA_RELA	1.19738139864669	0.136270229774609	False	(array([0.8880781 , 0.45553061]), (1.1666666666666667, 0.4342105263157896))	False
LOC100652758	BRCA1;ENHA_ELK4	1.14909768712742	0.214650439385041	False	(array([0.8880781 , 0.45553061]), (1.1, -0.7526315789473685))	False
LOC100652758	BRCA1;ENHA_STAT1	2.16013559216739	5.83159627839645e-16	False	(array([0.8880781 , 0.45553061]), (1.1666666666666667, 0.6947368421052633))	False
LOC100652758	BRCA1;ENHA_AR	1.47433478113883	0.0002628617305333	False	(array([0.8880781 , 0.45553061]), (1.1, -1.1))	False
LOC100652758	BRCA1;ENHA_STAT1	2.16013559216739	5.83159627839645e-16	False	(array([0.8880781 , 0.45553061]), (1.1666666666666667, 0.6947368421052633))	False
LOC100652758	ENHA_STAT1;PRKCD	2.10627866004746	1.99839448332875e-15	False	((1.1666666666666667, 0.6947368421052633), array([-0.91991623,  0.4143034 ]))	False
LOC100652758	ENHA_SP1;PRKCD	1.91487228707679	2.18676219362066e-12	False	((1.1333333333333335, 0.5789473684210527), array([-0.91991623,  0.4143034 ]))	False
LOC100652758	ENHA_NFE2L2;PRKCD	1.51215352097663	3.2181845559279e-05	False	((1.1666666666666667, 0.0), array([-0.91991623,  0.4143034 ]))	False
LOC100652758	ENHA_SP1;PRKCD	1.91487228707679	2.18676219362066e-12	False	((1.1333333333333335, 0.5789473684210527), array([-0.91991623,  0.4143034 ]))	False
LOC100652758	ENHA_STAT1;PRKCD	2.10627866004746	1.99839448332875e-15	False	((1.1666666666666667, 0.6947368421052633), array([-0.91991623,  0.4143034 ]))	False
LOC100652758	ENHA_STAT1;PRKCD	2.10627866004746	1.99839448332875e-15	False	((1.1666666666666667, 0.6947368421052633), array([-0.91991623,  0.4143034 ]))	False
LOC100652758	E2F1;ENHA_STAT1	2.27685924040972	5.770523261725149e-18	False	(array([-0.07343591,  0.98260436]), (1.1666666666666667, 0.6947368421052633))	False
LOC100652758	E2F1;ENHA_STAT1	2.27685924040972	5.770523261725149e-18	False	(array([-0.07343591,  0.98260436]), (1.1666666666666667, 0.6947368421052633))	False
LOC100652758	APP;ENHA_ZNF740	1.77824764232803	4.93069864367763e-10	False	(array([-0.45586173, -0.49582547]), (1.1333333333333335, 1.1))	False
LOC100652758	APP;ENHA_MXI1	1.86906695933633	1.2955787903470499e-11	False	(array([-0.45586173, -0.49582547]), (1.1666666666666667, -0.08684210526315783))	False
LOC100652758	APP;ENHA_SP2	3.33813761984658	2.3846193310173e-27	False	(array([-0.45586173, -0.49582547]), (1.1666666666666667, 0.6078947368421053))	False
LOC100652758	APP;ENHA_NFYA	1.390041456996	0.0008013790932687	False	(array([-0.45586173, -0.49582547]), (1.1333333333333335, 0.14473684210526327))	False
LOC100652758	APP;ENHA_SP2	3.33813761984658	2.3846193310173e-27	False	(array([-0.45586173, -0.49582547]), (1.1666666666666667, 0.6078947368421053))	False
LOC100652758	APP;ENHA_SP2	3.33813761984658	2.3846193310173e-27	False	(array([-0.45586173, -0.49582547]), (1.1666666666666667, 0.6078947368421053))	False
LOC100652758	APP;ENHA_GABPA	1.83885019026323	5.5436172341536695e-11	False	(array([-0.45586173, -0.49582547]), (1.1333333333333335, -0.55))	False
LOC100652758	APP;ENHA_NFYA	1.390041456996	0.0008013790932687	False	(array([-0.45586173, -0.49582547]), (1.1333333333333335, 0.14473684210526327))	False
LOC100652758	APP;PROM_MXI1	2.87429247030904	1.63356716153196e-23	False	(array([-0.45586173, -0.49582547]), (-1.1666666666666667, -0.21999999999999997))	False
LOC100652758	APP;PROM_ZNF740	1.1461180095216	0.142061167237808	False	(array([-0.45586173, -0.49582547]), (-1.1666666666666667, 1.1))	False
LOC100652758	BANP;PROM_SP2	2.15383663076433	3.84575309940763e-13	False	(array([0.17648178, 0.97345801]), (-1.1, 0.5971428571428572))	False
LOC100652758	MCM7;PROM_SP2	2.08815551052774	1.57757191203342e-14	False	(array([-0.64832696,  0.44432308]), (-1.1, 0.5971428571428572))	False
LOC100652758	APP;PROM_SP2	1.63735456868537	8.9616925936778e-06	False	(array([-0.45586173, -0.49582547]), (-1.1, 0.5971428571428572))	False
LOC100652758	ENHA_E2F1;KAT2B	1.57590710690647	7.49467258574243e-06	False	((1.1, -1.0131578947368423), array([0.37485539, 0.10248145]))	False
LOC100652758	ENHA_KLF2;KAT2B	1.78157068490963	1.0970460371834e-09	False	((1.1333333333333335, -0.37631578947368427), array([0.37485539, 0.10248145]))	False
LOC100652758	ENHA_ESRRA;KAT2B	1.74392621086544	2.1919129111893e-09	False	((1.1333333333333335, -0.7236842105263158), array([0.37485539, 0.10248145]))	False
LOC100652758	ENHA_TWIST1;KAT2B	1.74517670552153	1.11220832974868e-08	False	((1.1, 0.8973684210526318), array([0.37485539, 0.10248145]))	False
LOC100652758	ENHA_KLF2;KAT2B	1.78157068490963	1.0970460371834e-09	False	((1.1333333333333335, -0.37631578947368427), array([0.37485539, 0.10248145]))	False
LOC100652758	ENHA_ETV1;KAT2B	1.45671776933755	5.51297723230302e-05	False	((1.1666666666666667, -0.6947368421052632), array([0.37485539, 0.10248145]))	False
LOC100652758	ENHA_IRF1;KAT2B	2.60500274597862	4.09200448136311e-17	False	((1.1333333333333335, -0.4631578947368421), array([0.37485539, 0.10248145]))	False
LOC100652758	ENHA_ESRRA;KAT2B	1.74392621086544	2.1919129111893e-09	False	((1.1333333333333335, -0.7236842105263158), array([0.37485539, 0.10248145]))	False
LOC100652758	ENHA_AR;KAT2B	1.39723788035473	0.0007666694611182	False	((1.1, -1.1), array([0.37485539, 0.10248145]))	False
LOC100652758	KAT2B;PROM_KLF2	0.848405649761244	0.0800596127409294	False	(array([0.37485539, 0.10248145]), (-1.1333333333333335, -0.66))	False
LOC100652758	KAT2B;PROM_KLF15	1.05559788487114	0.594996830295408	False	(array([0.37485539, 0.10248145]), (-1.1, -0.7228571428571429))	False
LOC100652758	ENHA_NFIB;XRCC5	2.02108506435427	5.20033507629845e-14	False	((1.1333333333333335, 0.05789473684210522), array([-0.39947981, -0.89069619]))	False
LOC100652758	ENHA_EHF;XRCC5	1.46838864571728	3.55494054499762e-05	False	((1.1666666666666667, -0.868421052631579), array([-0.39947981, -0.89069619]))	False
LOC100652758	ENHA_ELF3;XRCC5	1.72760506675905	3.3194901104923304e-09	False	((1.1333333333333335, -0.8105263157894738), array([-0.39947981, -0.89069619]))	False
LOC100652758	ENHA_TFAP2A;XRCC5	2.13478830778196	7.50282287388382e-15	False	((1.1333333333333335, 0.7526315789473685), array([-0.39947981, -0.89069619]))	False
LOC100652758	ENHA_EHF;XRCC5	1.46838864571728	3.55494054499762e-05	False	((1.1666666666666667, -0.868421052631579), array([-0.39947981, -0.89069619]))	False
LOC100652758	ENHA_TFAP2A;XRCC5	2.13478830778196	7.50282287388382e-15	False	((1.1333333333333335, 0.7526315789473685), array([-0.39947981, -0.89069619]))	False
LOC100652758	ENHA_EHF;XRCC6	1.54397072468882	2.79580814390172e-06	False	((1.1666666666666667, -0.868421052631579), array([ 0.01109502, -0.94157973]))	False
LOC100652758	ENHA_ELF3;XRCC6	1.78433995073996	4.29889625998686e-10	False	((1.1333333333333335, -0.8105263157894738), array([ 0.01109502, -0.94157973]))	False
LOC100652758	ENHA_TFAP2A;XRCC6	1.91422191875741	6.2176610554969e-12	False	((1.1333333333333335, 0.7526315789473685), array([ 0.01109502, -0.94157973]))	False
LOC100652758	ENHA_EHF;XRCC6	1.54397072468882	2.79580814390172e-06	False	((1.1666666666666667, -0.868421052631579), array([ 0.01109502, -0.94157973]))	False
LOC100652758	ENHA_POU2F2;XRCC6	1.5237853554945	1.44218805497946e-05	False	((1.1666666666666667, 0.34736842105263155), array([ 0.01109502, -0.94157973]))	False
LOC100652758	ENHA_TFAP2A;XRCC6	1.91422191875741	6.2176610554969e-12	False	((1.1333333333333335, 0.7526315789473685), array([ 0.01109502, -0.94157973]))	False
LOC100652758	EED;ENHA_TFAP2A	1.49985262023746	1.81422673169552e-05	False	(array([-0.87427761,  0.51947952]), (1.1333333333333335, 0.7526315789473685))	False
LOC100652758	EED;ENHA_NR2C2	1.40455505182671	0.0005152942178814	False	(array([-0.87427761,  0.51947952]), (1.1333333333333335, 0.2315789473684211))	False
LOC100652758	EED;ENHA_TFAP2A	1.49985262023746	1.81422673169552e-05	False	(array([-0.87427761,  0.51947952]), (1.1333333333333335, 0.7526315789473685))	False
LOC100652758	EED;ENHA_AR	1.26456575048459	0.0262108246345698	False	(array([-0.87427761,  0.51947952]), (1.1, -1.1))	False
LOC100652758	ENHA_NFE2L1;JUN	1.28484392950025	0.0178885960560736	False	((1.1333333333333335, -0.02894736842105261), array([0.00164271, 0.14414497]))	False
LOC100652758	ENHA_JUNB;JUN	1.28738293970732	0.0093093651719392	False	((1.1, -0.4052631578947369), array([0.00164271, 0.14414497]))	False
LOC100652758	ENHA_SP1;JUN	2.42086653881483	1.38812233679793e-13	False	((1.1333333333333335, 0.5789473684210527), array([0.00164271, 0.14414497]))	False
LOC100652758	ENHA_MAZ;JUN	1.70001580172427	1.04380945578834e-08	False	((1.1, -0.14473684210526316), array([0.00164271, 0.14414497]))	False
LOC100652758	ENHA_FOSL2;JUN	1.34440916041738	0.0021937992632794	False	((1.1666666666666667, -0.6078947368421053), array([0.00164271, 0.14414497]))	False
LOC100652758	ENHA_NFE2L1;JUN	1.28484392950025	0.0178885960560736	False	((1.1333333333333335, -0.02894736842105261), array([0.00164271, 0.14414497]))	False
LOC100652758	ENHA_JUNB;JUN	1.28738293970732	0.0093093651719392	False	((1.1, -0.4052631578947369), array([0.00164271, 0.14414497]))	False
LOC100652758	ENHA_NFE2L2;JUN	1.41942567623469	0.0004331986664982	False	((1.1666666666666667, 0.0), array([0.00164271, 0.14414497]))	False
LOC100652758	ENHA_SP1;JUN	2.42086653881483	1.38812233679793e-13	False	((1.1333333333333335, 0.5789473684210527), array([0.00164271, 0.14414497]))	False
LOC100652758	ENHA_EBF3;JUN	1.39151136051441	0.0005318763710675	False	((1.1, -0.9263157894736843), array([0.00164271, 0.14414497]))	False
LOC100652758	ENHA_TFAP2A;JUN	1.83028801961001	2.33008989490183e-09	False	((1.1333333333333335, 0.7526315789473685), array([0.00164271, 0.14414497]))	False
LOC100652758	ENHA_TFAP2A;JUN	1.83028801961001	2.33008989490183e-09	False	((1.1333333333333335, 0.7526315789473685), array([0.00164271, 0.14414497]))	False
LOC100652758	ENHA_AR;JUN	1.28435251594973	0.0144505133241111	False	((1.1, -1.1), array([0.00164271, 0.14414497]))	False
LOC100652758	JUN;PROM_MAZ	0.825890603366481	0.0429473965722458	False	(array([0.00164271, 0.14414497]), (-1.1333333333333335, -0.2828571428571429))	False
LOC100652758	ENHA_E2F4;RB1	1.6731035312295	4.46210031340321e-07	False	((1.1333333333333335, -0.9842105263157895), array([-0.35344641, -0.10400343]))	False
LOC100652758	ENHA_E2F1;RB1	1.56351489719419	1.16880734120454e-05	False	((1.1, -1.0131578947368423), array([-0.35344641, -0.10400343]))	False
LOC100652758	ENHA_TFDP1;RB1	1.38621599711157	0.0080404129964795	False	((1.1333333333333335, 0.8394736842105264), array([-0.35344641, -0.10400343]))	False
LOC100652758	ENHA_ELF1;RB1	1.79595129447966	2.40561178236933e-10	False	((1.1, -0.8394736842105264), array([-0.35344641, -0.10400343]))	False
LOC100652758	ENHA_ELF1;RB1	1.79595129447966	2.40561178236933e-10	False	((1.1, -0.8394736842105264), array([-0.35344641, -0.10400343]))	False
LOC100652758	ENHA_IRF3;RB1	1.51205269228069	2.02508516393144e-05	False	((1.1666666666666667, -0.4342105263157895), array([-0.35344641, -0.10400343]))	False
LOC100652758	ENHA_TFAP2A;RB1	2.39417512467577	1.0565833351233899e-16	False	((1.1333333333333335, 0.7526315789473685), array([-0.35344641, -0.10400343]))	False
LOC100652758	ENHA_ELF1;RB1	1.79595129447966	2.40561178236933e-10	False	((1.1, -0.8394736842105264), array([-0.35344641, -0.10400343]))	False
LOC100652758	ENHA_TFAP2A;RB1	2.39417512467577	1.0565833351233899e-16	False	((1.1333333333333335, 0.7526315789473685), array([-0.35344641, -0.10400343]))	False
LOC100652758	ENHA_AR;RB1	1.34915531939741	0.0028425255666873	False	((1.1, -1.1), array([-0.35344641, -0.10400343]))	False
LOC100652758	PBX1;PROM_PKNOX1	1.11600895579877	0.517481904099086	False	(array([-0.74108451,  0.3459413 ]), (-1.1666666666666667, 0.15714285714285703))	False
LOC100652758	ENHA_POU2F2;HMGB2	1.22398100024583	0.426591365903467	False	((1.1666666666666667, 0.34736842105263155), array([ 0.57259793, -0.78209873]))	False
LOC100652758	HMGB2;PROM_PKNOX1	1.21300720628015	0.428994316686935	False	(array([ 0.57259793, -0.78209873]), (-1.1666666666666667, 0.15714285714285703))	False
LOC100652758	FHL3;PROM_RFX3	1.68737236153102	0.0007165688906786	False	(array([-0.99138963,  0.14374698]), (-1.1666666666666667, 0.34571428571428564))	False
LOC100652758	ENHA_NFYA;SREBF2	1.16333985470909	0.155410738757343	False	((1.1333333333333335, 0.14473684210526327), array([-0.06621445, -0.97984004]))	False
LOC100652758	ENHA_EGR1;SREBF2	1.5109659325309	1.53825943966137e-05	False	((1.1333333333333335, -0.8973684210526316), array([-0.06621445, -0.97984004]))	False
LOC100652758	ENHA_EGR1;SREBF2	1.5109659325309	1.53825943966137e-05	False	((1.1333333333333335, -0.8973684210526316), array([-0.06621445, -0.97984004]))	False
LOC100652758	ENHA_NFYA;SREBF2	1.16333985470909	0.155410738757343	False	((1.1333333333333335, 0.14473684210526327), array([-0.06621445, -0.97984004]))	False
LOC100652758	PROM_NFYC;SREBF2	1.44724551256605	0.0631121419852302	False	((-1.1666666666666667, -0.03142857142857136), array([-0.06621445, -0.97984004]))	False
LOC100652758	ENHA_AR;JUND	1.22084344909673	0.0633826801055578	False	((1.1, -1.1), array([0.80235599, 0.63577802]))	False
LOC100652758	ENHA_TFAP4;MDM2	1.84814260025104	7.75090892785574e-11	False	((1.1, 0.8105263157894738), array([0.3723183 , 0.78389361]))	False
LOC100652758	ENHA_EGR1;MDM2	2.23189568746946	2.32401667720944e-16	False	((1.1333333333333335, -0.8973684210526316), array([0.3723183 , 0.78389361]))	False
LOC100652758	ENHA_E2F1;MDM2	1.59684891283941	3.75786357544257e-06	False	((1.1, -1.0131578947368423), array([0.3723183 , 0.78389361]))	False
LOC100652758	ENHA_SP1;MDM2	4.14794627492201	4.9919593111154094e-30	False	((1.1333333333333335, 0.5789473684210527), array([0.3723183 , 0.78389361]))	False
LOC100652758	ENHA_IRF1;MDM2	3.03129453010843	6.61749630515615e-20	False	((1.1333333333333335, -0.4631578947368421), array([0.3723183 , 0.78389361]))	False
LOC100652758	ENHA_AR;MDM2	1.38942195327591	0.0008986545496419	False	((1.1, -1.1), array([0.3723183 , 0.78389361]))	False
LOC100652758	ENHA_EGR1;RELA	2.23857380055727	9.05598758079166e-17	False	((1.1333333333333335, -0.8973684210526316), array([-0.23126596, -0.32013086]))	False
LOC100652758	ENHA_STAT1;RELA	1.97276724402481	4.51108224558881e-13	False	((1.1666666666666667, 0.6947368421052633), array([-0.23126596, -0.32013086]))	False
LOC100652758	ENHA_SP1;RELA	3.67881190469903	7.457676347694501e-26	False	((1.1333333333333335, 0.5789473684210527), array([-0.23126596, -0.32013086]))	False
LOC100652758	ENHA_ELF3;RELA	1.69277881248392	1.47468412996643e-08	False	((1.1333333333333335, -0.8105263157894738), array([-0.23126596, -0.32013086]))	False
LOC100652758	ENHA_KLF6;RELA	1.57528130507236	9.82614549198056e-07	False	((1.1333333333333335, -0.2894736842105263), array([-0.23126596, -0.32013086]))	False
LOC100652758	ENHA_TFAP2A;RELA	2.31543126044145	4.25736476783324e-16	False	((1.1333333333333335, 0.7526315789473685), array([-0.23126596, -0.32013086]))	False
LOC100652758	ENHA_ZBTB7A;RELA	1.73695908823666	5.3570450340924804e-09	False	((1.1, 0.9842105263157896), array([-0.23126596, -0.32013086]))	False
LOC100652758	ENHA_STAT1;RELA	1.97276724402481	4.51108224558881e-13	False	((1.1666666666666667, 0.6947368421052633), array([-0.23126596, -0.32013086]))	False
LOC100652758	ENHA_TFAP2A;RELA	2.31543126044145	4.25736476783324e-16	False	((1.1333333333333335, 0.7526315789473685), array([-0.23126596, -0.32013086]))	False
LOC100652758	ENHA_STAT1;RELA	1.97276724402481	4.51108224558881e-13	False	((1.1666666666666667, 0.6947368421052633), array([-0.23126596, -0.32013086]))	False
LOC100652758	ENHA_NFKB1;RELA	2.43720841584591	3.5454079915413997e-19	False	((1.1666666666666667, 0.08684210526315783), array([-0.23126596, -0.32013086]))	False
LOC100652758	PROM_KLF6;RELA	0.957843268813264	0.670558412911286	False	((-1.1666666666666667, -0.4085714285714286), array([-0.23126596, -0.32013086]))	False
LOC100652758	CTNNB1;ENHA_EGR1	2.39525166449443	1.3339284055402599e-18	False	(array([-0.4559429 ,  0.42673001]), (1.1333333333333335, -0.8973684210526316))	False
LOC100652758	CTNNB1;ENHA_EGR1	2.39525166449443	1.3339284055402599e-18	False	(array([-0.4559429 ,  0.42673001]), (1.1333333333333335, -0.8973684210526316))	False
LOC100652758	CTNNB1;ENHA_RELA	1.48477576205754	0.0011253699434723	False	(array([-0.4559429 ,  0.42673001]), (1.1666666666666667, 0.4342105263157896))	False
LOC100652758	CTNNB1;ENHA_NFKB1	2.90387003697106	1.03875459805382e-22	False	(array([-0.4559429 ,  0.42673001]), (1.1666666666666667, 0.08684210526315783))	False
LOC100652758	CTNNB1;ENHA_TCF7	1.52267990045856	7.75532628341606e-05	False	(array([-0.4559429 ,  0.42673001]), (1.1, 0.7236842105263159))	False
LOC100652758	CTNNB1;ENHA_AR	1.41211233671135	0.0005027188621727	False	(array([-0.4559429 ,  0.42673001]), (1.1, -1.1))	False
LOC100652758	CTNNB1;ENHA_NFKB1	2.90387003697106	1.03875459805382e-22	False	(array([-0.4559429 ,  0.42673001]), (1.1666666666666667, 0.08684210526315783))	False
LOC100652758	ENHA_SP1;PROM_EGR1	1.37414483455965	0.0005402601465304	False	((1.1333333333333335, 0.5789473684210527), (-1.1333333333333335, -1.0371428571428571))	False
LOC100652758	ENHA_SP1;PROM_EGR1	1.37414483455965	0.0005402601465304	False	((1.1333333333333335, 0.5789473684210527), (-1.1333333333333335, -1.0371428571428571))	False
LOC100652758	PROM_EGR1;PSMD2	1.99595688104116	3.3913351138704597e-12	False	((-1.1333333333333335, -1.0371428571428571), array([0.96128257, 0.12290173]))	False
LOC100652758	PROM_EGR1;PSMA3	1.83866802214511	5.96421965280646e-11	False	((-1.1333333333333335, -1.0371428571428571), array([ 0.74290061, -0.66129681]))	False
LOC100652758	ARID2;PROM_EGR1	1.33670082293057	0.0180253959614141	False	(array([-0.97989786,  0.2367908 ]), (-1.1333333333333335, -1.0371428571428571))	False
LOC100652758	PROM_EGR1;SREBF2	1.72699190156181	3.82020898798785e-09	False	((-1.1333333333333335, -1.0371428571428571), array([-0.06621445, -0.97984004]))	False
LOC100652758	JUND;PROM_EGR1	1.52162457335354	3.01898552388304e-05	False	(array([0.80235599, 0.63577802]), (-1.1333333333333335, -1.0371428571428571))	False
LOC100652758	MDM2;PROM_EGR1	1.35987961028143	0.0047778383467791	False	(array([0.3723183 , 0.78389361]), (-1.1333333333333335, -1.0371428571428571))	False
LOC100652758	PROM_EGR1;RELA	1.21441489179062	0.0605698321285862	False	((-1.1333333333333335, -1.0371428571428571), array([-0.23126596, -0.32013086]))	False
LOC100652758	CTNNB1;PROM_EGR1	1.32993800728034	0.0084830268359234	False	(array([-0.4559429 ,  0.42673001]), (-1.1333333333333335, -1.0371428571428571))	False
LOC100652758	ATXN1;ENHA_ESRRA	1.5059274097545	2.69417905490048e-05	False	(array([ 0.94250866, -0.16412019]), (1.1333333333333335, -0.7236842105263158))	False
LOC100652758	ATXN1;ENHA_ESRRA	1.5059274097545	2.69417905490048e-05	False	(array([ 0.94250866, -0.16412019]), (1.1333333333333335, -0.7236842105263158))	False
LOC100652758	ATXN1;ENHA_PRDM1	1.43674884606877	9.46357172987708e-05	False	(array([ 0.94250866, -0.16412019]), (1.1, 0.3763157894736844))	False
LOC100652758	ATXN1;ENHA_PRDM1	1.43674884606877	9.46357172987708e-05	False	(array([ 0.94250866, -0.16412019]), (1.1, 0.3763157894736844))	False
LOC100652758	APPBP2;ENHA_NFYA	0.926829930240847	0.585241632189062	False	(array([-0.66484757, -0.68423343]), (1.1333333333333335, 0.14473684210526327))	False
LOC100652758	APPBP2;ENHA_NFYA	0.926829930240847	0.585241632189062	False	(array([-0.66484757, -0.68423343]), (1.1333333333333335, 0.14473684210526327))	False
LOC100652758	CBX5;PROM_KLF11	1.04514572995505	0.64245282517015	False	(array([-0.85414714,  0.61476902]), (-1.1666666666666667, -0.7857142857142858))	False
LOC100652758	ATXN1;PROM_KLF11	1.02119427033409	0.818038340232385	False	(array([ 0.94250866, -0.16412019]), (-1.1666666666666667, -0.7857142857142858))	False
LOC100652758	APPBP2;PROM_KLF11	0.996864503655418	1.0	False	(array([-0.66484757, -0.68423343]), (-1.1666666666666667, -0.7857142857142858))	False
LOC100652758	ENHA_HIC2;FOXJ2	1.66717144964235	3.90833318721993e-08	False	((1.1, -0.4921052631578947), array([ 0.35393775, -0.4307228 ]))	False
LOC100652758	ENHA_ZNF148;FOXJ2	2.08107894600116	8.63990278665161e-15	False	((1.1666666666666667, 1.0421052631578949), array([ 0.35393775, -0.4307228 ]))	False
LOC100652758	ENHA_ZNF148;FOXJ2	2.08107894600116	8.63990278665161e-15	False	((1.1666666666666667, 1.0421052631578949), array([ 0.35393775, -0.4307228 ]))	False
LOC100652758	ENHA_GABPA;FOXJ2	1.82645735514712	7.68219204060611e-11	False	((1.1333333333333335, -0.55), array([ 0.35393775, -0.4307228 ]))	False
LOC100652758	ENHA_POU2F2;FOXJ2	1.62078685973759	4.91486088310472e-07	False	((1.1666666666666667, 0.34736842105263155), array([ 0.35393775, -0.4307228 ]))	False
LOC100652758	FOXJ2;PROM_ZNF148	1.73362827557928	2.00199892706194e-07	False	(array([ 0.35393775, -0.4307228 ]), (-1.1666666666666667, 0.9114285714285715))	False
LOC100652758	FOXJ2;PROM_NFYC	1.27561037522926	0.19382574516701	False	(array([ 0.35393775, -0.4307228 ]), (-1.1666666666666667, -0.03142857142857136))	False
LOC100652758	FOXJ2;PROM_RFX1	1.39051166388389	0.114725994211312	False	(array([ 0.35393775, -0.4307228 ]), (-1.1333333333333335, 0.2828571428571429))	False
LOC100652758	FOXJ2;PROM_RFX3	1.48253996210676	0.0086284201500218	False	(array([ 0.35393775, -0.4307228 ]), (-1.1666666666666667, 0.34571428571428564))	False
LOC100652758	CSNK2A1;ENHA_NFYA	1.19786121726135	0.0984656118730384	False	(array([ 0.93456323, -0.33154135]), (1.1333333333333335, 0.14473684210526327))	False
LOC100652758	CSNK2A1;ENHA_RELA	1.22384802928673	0.082472668245913	False	(array([ 0.93456323, -0.33154135]), (1.1666666666666667, 0.4342105263157896))	False
LOC100652758	CSNK2A1;ENHA_NFYA	1.19786121726135	0.0984656118730384	False	(array([ 0.93456323, -0.33154135]), (1.1333333333333335, 0.14473684210526327))	False
LOC100652758	ENHA_NFYA;POGZ	1.04019190166608	0.719927034774238	False	((1.1333333333333335, 0.14473684210526327), array([-0.07918206, -0.87218532]))	False
LOC100652758	ENHA_SP1;POGZ	2.08119142668854	2.57484408498342e-13	False	((1.1333333333333335, 0.5789473684210527), array([-0.07918206, -0.87218532]))	False
LOC100652758	ENHA_SP1;POGZ	2.08119142668854	2.57484408498342e-13	False	((1.1333333333333335, 0.5789473684210527), array([-0.07918206, -0.87218532]))	False
LOC100652758	ENHA_NFYA;POGZ	1.04019190166608	0.719927034774238	False	((1.1333333333333335, 0.14473684210526327), array([-0.07918206, -0.87218532]))	False
LOC100652758	CCND1;ENHA_RELA	1.07010768305203	0.611110470586545	False	(array([ 0.93701489, -0.20750219]), (1.1666666666666667, 0.4342105263157896))	False
LOC100652758	CCND1;ENHA_THRB	1.01555915486215	0.900462922890728	False	(array([ 0.93701489, -0.20750219]), (1.1666666666666667, 0.868421052631579))	False
LOC100652758	CCND1;ENHA_AR	1.07453943478028	0.554921127781838	False	(array([ 0.93701489, -0.20750219]), (1.1, -1.1))	False
LOC100652758	FOXK2;PROM_NRF1	1.41850779919214	0.0001657334846712	False	(array([ 0.95597803, -0.13465172]), (-1.1, 0.03142857142857136))	False
LOC100652758	PROM_NRF1;SIRT7	0.968268054435998	0.89278994670967	False	((-1.1, 0.03142857142857136), array([-0.20408979,  0.91684995]))	False
LOC100652758	FOXJ2;PROM_NRF1	1.24006287594502	0.0193626285868599	False	(array([ 0.35393775, -0.4307228 ]), (-1.1, 0.03142857142857136))	False
LOC100652758	CSNK2A1;PROM_NRF1	1.32025381139412	0.0026958611014402	False	(array([ 0.93456323, -0.33154135]), (-1.1, 0.03142857142857136))	False
LOC100652758	POGZ;PROM_NRF1	1.27614235671887	0.0088680395506794	False	(array([-0.07918206, -0.87218532]), (-1.1, 0.03142857142857136))	False
LOC100652758	CCND1;PROM_NRF1	1.16061491688049	0.124812522828639	False	(array([ 0.93701489, -0.20750219]), (-1.1, 0.03142857142857136))	False
LOC100652758	ENHA_SP2;FHL2	2.76750540676827	4.0527690565226296e-22	False	((1.1666666666666667, 0.6078947368421053), array([ 0.7224182 , -0.73006841]))	False
LOC100652758	ENHA_SP2;FHL2	2.76750540676827	4.0527690565226296e-22	False	((1.1666666666666667, 0.6078947368421053), array([ 0.7224182 , -0.73006841]))	False
LOC100652758	ENHA_SP2;FHL2	2.76750540676827	4.0527690565226296e-22	False	((1.1666666666666667, 0.6078947368421053), array([ 0.7224182 , -0.73006841]))	False
LOC100652758	ENHA_AR;FHL2	1.42533643086719	0.0003758843695828	False	((1.1, -1.1), array([ 0.7224182 , -0.73006841]))	False
LOC100652758	FHL2;PROM_SP2	1.82921582337222	2.47338405027011e-08	False	(array([ 0.7224182 , -0.73006841]), (-1.1, 0.5971428571428572))	False
LOC100652758	FHL2;PROM_RFX3	1.55410430209939	0.0034910514490625	False	(array([ 0.7224182 , -0.73006841]), (-1.1666666666666667, 0.34571428571428564))	False
LOC100652758	FHL2;PROM_NRF1	1.22051957737216	0.0311124756683596	False	(array([ 0.7224182 , -0.73006841]), (-1.1, 0.03142857142857136))	False
LOC100652758	ENHA_JUNB;SMAD3	1.36598230519655	0.0011417176747354	False	((1.1, -0.4052631578947369), array([0.26905661, 0.49184622]))	False
LOC100652758	ENHA_E2F4;SMAD3	1.68440774619898	2.45239075059415e-07	False	((1.1333333333333335, -0.9842105263157895), array([0.26905661, 0.49184622]))	False
LOC100652758	ENHA_SP1;SMAD3	6.9724531737654	3.56786735278135e-33	False	((1.1333333333333335, 0.5789473684210527), array([0.26905661, 0.49184622]))	False
LOC100652758	ENHA_PLAG1;SMAD3	1.91252279614579	4.72709168770772e-12	False	((1.1333333333333335, 0.31842105263157894), array([0.26905661, 0.49184622]))	False
LOC100652758	ENHA_JUNB;SMAD3	1.36598230519655	0.0011417176747354	False	((1.1, -0.4052631578947369), array([0.26905661, 0.49184622]))	False
LOC100652758	ENHA_KLF5;SMAD3	1.76284564660301	3.6576778832164705e-09	False	((1.1, -0.31842105263157894), array([0.26905661, 0.49184622]))	False
LOC100652758	ENHA_SP1;SMAD3	6.9724531737654	3.56786735278135e-33	False	((1.1333333333333335, 0.5789473684210527), array([0.26905661, 0.49184622]))	False
LOC100652758	ENHA_RELA;SMAD3	1.26809385412038	0.0257034588738112	False	((1.1666666666666667, 0.4342105263157896), array([0.26905661, 0.49184622]))	False
LOC100652758	ENHA_PRDM4;SMAD3	1.42812773310671	0.0001638223838684	False	((1.1333333333333335, 0.405263157894737), array([0.26905661, 0.49184622]))	False
LOC100652758	ENHA_KLF5;SMAD3	1.76284564660301	3.6576778832164705e-09	False	((1.1, -0.31842105263157894), array([0.26905661, 0.49184622]))	False
LOC100652758	ENHA_CTCF;SMAD3	1.49635181336849	1.85854677674142e-05	False	((1.1666666666666667, -1.0421052631578949), array([0.26905661, 0.49184622]))	False
LOC100652758	ENHA_AR;SMAD3	1.40428385392041	0.0005944096495155	False	((1.1, -1.1), array([0.26905661, 0.49184622]))	False
LOC100652758	PROM_HEY1;SMAD3	2.2781272358937	4.07341702428745e-11	False	((-1.1, -0.9114285714285715), array([0.26905661, 0.49184622]))	False
LOC100652758	ENHA_E2F1;NCOR2	1.48189606341905	0.0001530308865877	False	((1.1, -1.0131578947368423), array([-0.33426852,  0.90446952]))	False
LOC100652758	ENHA_SP1;NCOR2	4.52158250563758	1.83731671979973e-26	False	((1.1333333333333335, 0.5789473684210527), array([-0.33426852,  0.90446952]))	False
LOC100652758	ENHA_NFE2L2;NCOR2	1.53063713203562	1.38304925747598e-05	False	((1.1666666666666667, 0.0), array([-0.33426852,  0.90446952]))	False
LOC100652758	ENHA_KLF5;NCOR2	1.75361740736634	4.899203053305921e-09	False	((1.1, -0.31842105263157894), array([-0.33426852,  0.90446952]))	False
LOC100652758	ENHA_SP1;NCOR2	4.52158250563758	1.83731671979973e-26	False	((1.1333333333333335, 0.5789473684210527), array([-0.33426852,  0.90446952]))	False
LOC100652758	ENHA_RELA;NCOR2	1.12087461257302	0.294112296041704	False	((1.1666666666666667, 0.4342105263157896), array([-0.33426852,  0.90446952]))	False
LOC100652758	ENHA_KLF5;NCOR2	1.75361740736634	4.899203053305921e-09	False	((1.1, -0.31842105263157894), array([-0.33426852,  0.90446952]))	False
LOC100652758	ENHA_THRB;NCOR2	1.37456634498026	0.0021050802219038	False	((1.1666666666666667, 0.868421052631579), array([-0.33426852,  0.90446952]))	False
LOC100652758	ENHA_AR;NCOR2	1.33741269510432	0.0038253513460456	False	((1.1, -1.1), array([-0.33426852,  0.90446952]))	False
LOC100652758	ENHA_STAT1;RXRA	2.23235810429299	2.6580001956767302e-17	False	((1.1666666666666667, 0.6947368421052633), array([0.19815336, 0.85444405]))	False
LOC100652758	ENHA_SP1;RXRA	4.21720156902841	1.72003423434646e-28	False	((1.1333333333333335, 0.5789473684210527), array([0.19815336, 0.85444405]))	False
LOC100652758	ENHA_NR4A2;RXRA	1.41690103565438	0.0012744040213806	False	((1.1, 0.2894736842105263), array([0.19815336, 0.85444405]))	False
LOC100652758	ENHA_KLF5;RXRA	1.73795499782458	5.8139977950211404e-09	False	((1.1, -0.31842105263157894), array([0.19815336, 0.85444405]))	False
LOC100652758	ENHA_SP1;RXRA	4.21720156902841	1.72003423434646e-28	False	((1.1333333333333335, 0.5789473684210527), array([0.19815336, 0.85444405]))	False
LOC100652758	ENHA_RELA;RXRA	0.874896689320858	0.287414414426409	False	((1.1666666666666667, 0.4342105263157896), array([0.19815336, 0.85444405]))	False
LOC100652758	ENHA_NR4A2;RXRA	1.41690103565438	0.0012744040213806	False	((1.1, 0.2894736842105263), array([0.19815336, 0.85444405]))	False
LOC100652758	ENHA_KLF5;RXRA	1.73795499782458	5.8139977950211404e-09	False	((1.1, -0.31842105263157894), array([0.19815336, 0.85444405]))	False
LOC100652758	ENHA_THRB;RXRA	1.362986822534	0.0031151624331978	False	((1.1666666666666667, 0.868421052631579), array([0.19815336, 0.85444405]))	False
LOC100652758	ENHA_STAT1;RXRA	2.23235810429299	2.6580001956767302e-17	False	((1.1666666666666667, 0.6947368421052633), array([0.19815336, 0.85444405]))	False
LOC100652758	ENHA_STAT1;RXRA	2.23235810429299	2.6580001956767302e-17	False	((1.1666666666666667, 0.6947368421052633), array([0.19815336, 0.85444405]))	False
LOC100652758	ENHA_E2F1;PARP1	1.48696726776915	0.0001187358836817	False	((1.1, -1.0131578947368423), array([-0.22283126, -0.72785757]))	False
LOC100652758	ENHA_SP1;PARP1	5.49906851833927	8.23387220263054e-34	False	((1.1333333333333335, 0.5789473684210527), array([-0.22283126, -0.72785757]))	False
LOC100652758	ENHA_KLF5;PARP1	1.93963194954946	6.1586843386244194e-12	False	((1.1, -0.31842105263157894), array([-0.22283126, -0.72785757]))	False
LOC100652758	ENHA_SP1;PARP1	5.49906851833927	8.23387220263054e-34	False	((1.1333333333333335, 0.5789473684210527), array([-0.22283126, -0.72785757]))	False
LOC100652758	ENHA_RELA;PARP1	1.15583115101695	0.186474819160162	False	((1.1666666666666667, 0.4342105263157896), array([-0.22283126, -0.72785757]))	False
LOC100652758	ENHA_NFKB1;PARP1	2.27951711536684	5.01880837298315e-16	False	((1.1666666666666667, 0.08684210526315783), array([-0.22283126, -0.72785757]))	False
LOC100652758	ENHA_KLF5;PARP1	1.93963194954946	6.1586843386244194e-12	False	((1.1, -0.31842105263157894), array([-0.22283126, -0.72785757]))	False
LOC100652758	ENHA_CTCF;PARP1	1.56408395191508	2.01984953789619e-06	False	((1.1666666666666667, -1.0421052631578949), array([-0.22283126, -0.72785757]))	False
LOC100652758	ENHA_NFKB1;PARP1	2.27951711536684	5.01880837298315e-16	False	((1.1666666666666667, 0.08684210526315783), array([-0.22283126, -0.72785757]))	False
LOC100652758	ENHA_NFE2L1;GSK3B	1.30709288698055	0.0135356525101876	False	((1.1333333333333335, -0.02894736842105261), array([-0.2610931 , -0.55432982]))	False
LOC100652758	ENHA_NFE2L1;GSK3B	1.30709288698055	0.0135356525101876	False	((1.1333333333333335, -0.02894736842105261), array([-0.2610931 , -0.55432982]))	False
LOC100652758	ENHA_SOX10;GSK3B	1.31857735636298	0.0056865023427653	False	((1.1666666666666667, 0.5210526315789474), array([-0.2610931 , -0.55432982]))	False
LOC100652758	ENHA_KLF5;GSK3B	1.63296384153274	1.23425861253672e-07	False	((1.1, -0.31842105263157894), array([-0.2610931 , -0.55432982]))	False
LOC100652758	ENHA_RELA;GSK3B	0.995860722041384	1.0	False	((1.1666666666666667, 0.4342105263157896), array([-0.2610931 , -0.55432982]))	False
LOC100652758	ENHA_NFKB1;GSK3B	2.14856701260641	1.31396161824426e-14	False	((1.1666666666666667, 0.08684210526315783), array([-0.2610931 , -0.55432982]))	False
LOC100652758	ENHA_KLF5;GSK3B	1.63296384153274	1.23425861253672e-07	False	((1.1, -0.31842105263157894), array([-0.2610931 , -0.55432982]))	False
LOC100652758	ENHA_AR;GSK3B	1.33372371007354	0.0046287031282753	False	((1.1, -1.1), array([-0.2610931 , -0.55432982]))	False
LOC100652758	ENHA_NFKB1;GSK3B	2.14856701260641	1.31396161824426e-14	False	((1.1666666666666667, 0.08684210526315783), array([-0.2610931 , -0.55432982]))	False
LOC100652758	CEBPB;ENHA_EGR1	1.87079632101313	3.09234870071203e-11	False	(array([-0.02486045,  0.97338651]), (1.1333333333333335, -0.8973684210526316))	False
LOC100652758	CEBPB;ENHA_EGR1	1.87079632101313	3.09234870071203e-11	False	(array([-0.02486045,  0.97338651]), (1.1333333333333335, -0.8973684210526316))	False
LOC100652758	CEBPB;ENHA_KLF5	1.39210997613662	0.0003416937764455	False	(array([-0.02486045,  0.97338651]), (1.1, -0.31842105263157894))	False
LOC100652758	CEBPB;ENHA_RELA	0.846429164383485	0.217995768973905	False	(array([-0.02486045,  0.97338651]), (1.1666666666666667, 0.4342105263157896))	False
LOC100652758	CEBPB;ENHA_NFKB1	1.86940162690759	6.2960277968518e-11	False	(array([-0.02486045,  0.97338651]), (1.1666666666666667, 0.08684210526315783))	False
LOC100652758	CEBPB;ENHA_KLF5	1.39210997613662	0.0003416937764455	False	(array([-0.02486045,  0.97338651]), (1.1, -0.31842105263157894))	False
LOC100652758	CEBPB;ENHA_NFKB1	1.86940162690759	6.2960277968518e-11	False	(array([-0.02486045,  0.97338651]), (1.1666666666666667, 0.08684210526315783))	False
LOC100652758	CEBPB;PROM_EGR1	1.49441811832512	8.95307904499622e-05	False	(array([-0.02486045,  0.97338651]), (-1.1333333333333335, -1.0371428571428571))	False
LOC100652758	ENHA_JUNB;SMAD4	1.38593994647786	0.0005813053228795	False	((1.1, -0.4052631578947369), array([-0.24929896, -0.10609905]))	False
LOC100652758	ENHA_SP1;SMAD4	6.64129164088631	3.3503141613995e-34	False	((1.1333333333333335, 0.5789473684210527), array([-0.24929896, -0.10609905]))	False
LOC100652758	ENHA_JUNB;SMAD4	1.38593994647786	0.0005813053228795	False	((1.1, -0.4052631578947369), array([-0.24929896, -0.10609905]))	False
LOC100652758	ENHA_KLF5;SMAD4	1.8439464276826	2.4580091676966303e-10	False	((1.1, -0.31842105263157894), array([-0.24929896, -0.10609905]))	False
LOC100652758	ENHA_SP1;SMAD4	6.64129164088631	3.3503141613995e-34	False	((1.1333333333333335, 0.5789473684210527), array([-0.24929896, -0.10609905]))	False
LOC100652758	ENHA_RELA;SMAD4	1.10654745496884	0.369944838711294	False	((1.1666666666666667, 0.4342105263157896), array([-0.24929896, -0.10609905]))	False
LOC100652758	ENHA_NFKB1;SMAD4	2.63602417464143	7.799962789312051e-20	False	((1.1666666666666667, 0.08684210526315783), array([-0.24929896, -0.10609905]))	False
LOC100652758	ENHA_NFIA;SMAD4	1.43820530453523	0.0008137814046798	False	((1.1, 0.02894736842105261), array([-0.24929896, -0.10609905]))	False
LOC100652758	ENHA_NR2F2;SMAD4	1.72652940651531	1.89450615018886e-08	False	((1.1666666666666667, 0.2605263157894737), array([-0.24929896, -0.10609905]))	False
LOC100652758	ENHA_IRF3;SMAD4	1.56592957877001	2.91003859501879e-06	False	((1.1666666666666667, -0.4342105263157895), array([-0.24929896, -0.10609905]))	False
LOC100652758	ENHA_ZBTB7A;SMAD4	1.78648155022825	4.56996772808414e-10	False	((1.1, 0.9842105263157896), array([-0.24929896, -0.10609905]))	False
LOC100652758	ENHA_KLF5;SMAD4	1.8439464276826	2.4580091676966303e-10	False	((1.1, -0.31842105263157894), array([-0.24929896, -0.10609905]))	False
LOC100652758	ENHA_AR;SMAD4	1.40174670207685	0.0008235493335497	False	((1.1, -1.1), array([-0.24929896, -0.10609905]))	False
LOC100652758	ENHA_NFKB1;SMAD4	2.63602417464143	7.799962789312051e-20	False	((1.1666666666666667, 0.08684210526315783), array([-0.24929896, -0.10609905]))	False
LOC100652758	PROM_RFX1;SMAD4	1.26401200630268	0.2343615634389	False	((-1.1333333333333335, 0.2828571428571429), array([-0.24929896, -0.10609905]))	False
LOC100652758	ACTR5;PROM_KLF5	1.26136938701709	0.0116368971455409	False	(array([-0.76909193,  0.53792159]), (-1.1333333333333335, -0.47142857142857153))	False
LOC100652758	PROM_KLF5;ZBTB17	1.49547023739173	1.33017643708045e-05	False	((-1.1333333333333335, -0.47142857142857153), array([-0.97929865, -0.04419088]))	False
LOC100652758	ESR2;PROM_KLF5	1.18619233966934	0.0648592509246717	False	(array([-0.87713082, -0.3296129 ]), (-1.1333333333333335, -0.47142857142857153))	False
LOC100652758	FBXW7;PROM_KLF5	1.17503848129214	0.0871991879715809	False	(array([-0.31369356,  0.92730691]), (-1.1333333333333335, -0.47142857142857153))	False
LOC100652758	PROM_KLF5;WWP1	1.14758918517448	0.138950934202521	False	((-1.1333333333333335, -0.47142857142857153), array([ 0.1546733 , -0.65209342]))	False
LOC100652758	PROM_KLF5;SET	1.29346874509544	0.0057729591189529	False	((-1.1333333333333335, -0.47142857142857153), array([0.85591028, 0.34601265]))	False
LOC100652758	PROM_KLF5;SMAD2	1.00090217272763	1.0	False	((-1.1333333333333335, -0.47142857142857153), array([-0.98200291, -0.0998151 ]))	False
LOC100652758	PROM_KLF5;UBA52	1.28932605854491	0.0065323251894131	False	((-1.1333333333333335, -0.47142857142857153), array([-0.66518465,  0.82306944]))	False
LOC100652758	PROM_KLF5;SMAD3	0.985774159481605	0.888091022688899	False	((-1.1333333333333335, -0.47142857142857153), array([0.26905661, 0.49184622]))	False
LOC100652758	NCOR2;PROM_KLF5	0.987578782326748	0.924990444307564	False	(array([-0.33426852,  0.90446952]), (-1.1333333333333335, -0.47142857142857153))	False
LOC100652758	PROM_KLF5;RXRA	1.08982284295018	0.375398884035606	False	((-1.1333333333333335, -0.47142857142857153), array([0.19815336, 0.85444405]))	False
LOC100652758	PARP1;PROM_KLF5	1.02114661699304	0.851140898152789	False	(array([-0.22283126, -0.72785757]), (-1.1333333333333335, -0.47142857142857153))	False
LOC100652758	GSK3B;PROM_KLF5	1.08505082389433	0.400890524971097	False	(array([-0.2610931 , -0.55432982]), (-1.1333333333333335, -0.47142857142857153))	False
LOC100652758	CEBPB;PROM_KLF5	1.13976720172997	0.165672119989929	False	(array([-0.02486045,  0.97338651]), (-1.1333333333333335, -0.47142857142857153))	False
LOC100652758	PROM_KLF5;SMAD4	0.996446441547941	1.0	False	((-1.1333333333333335, -0.47142857142857153), array([-0.24929896, -0.10609905]))	False
LOC100652758	CTBP1;ENHA_ZBTB18	1.50749613828089	2.04967182372334e-05	False	(array([0.61452837, 0.53991573]), (1.1333333333333335, 0.9263157894736844))	False
LOC100652758	CTBP1;ENHA_KLF4	1.83076498639625	4.18004578520187e-10	False	(array([0.61452837, 0.53991573]), (1.1666666666666667, -0.34736842105263155))	False
LOC100652758	CTBP1;ENHA_KLF4	1.83076498639625	4.18004578520187e-10	False	(array([0.61452837, 0.53991573]), (1.1666666666666667, -0.34736842105263155))	False
LOC100652758	CTBP1;ENHA_ZEB1	1.88218970045803	3.667023781398e-11	False	(array([0.61452837, 0.53991573]), (1.1333333333333335, 1.013157894736842))	False
LOC100652758	CTBP1;PROM_KLF3	0.969301243836695	0.744661886265028	False	(array([0.61452837, 0.53991573]), (-1.1666666666666667, -0.5971428571428572))	False
LOC100652758	ENHA_AR;VHL	1.02197363090695	0.826272169773075	False	((1.1, -1.1), array([ 0.79840222, -0.57009068]))	False
LOC100652758	CREBBP;ENHA_EGR1	2.37783217269489	4.48270359918663e-17	False	(array([-0.40685332, -0.09002598]), (1.1333333333333335, -0.8973684210526316))	False
LOC100652758	CREBBP;ENHA_E2F1	1.59484653460237	2.9921839040842e-06	False	(array([-0.40685332, -0.09002598]), (1.1, -1.0131578947368423))	False
LOC100652758	CREBBP;ENHA_TFDP1	1.35399684842391	0.0103457783851385	False	(array([-0.40685332, -0.09002598]), (1.1333333333333335, 0.8394736842105264))	False
LOC100652758	CREBBP;ENHA_STAT1	2.21831848890062	2.62060588882181e-16	False	(array([-0.40685332, -0.09002598]), (1.1666666666666667, 0.6947368421052633))	False
LOC100652758	CREBBP;ENHA_NFE2L2	1.54181351744487	8.86881759871213e-06	False	(array([-0.40685332, -0.09002598]), (1.1666666666666667, 0.0))	False
LOC100652758	CREBBP;ENHA_EGR1	2.37783217269489	4.48270359918663e-17	False	(array([-0.40685332, -0.09002598]), (1.1333333333333335, -0.8973684210526316))	False
LOC100652758	CREBBP;ENHA_KLF5	1.77651129468502	3.80448715514467e-09	False	(array([-0.40685332, -0.09002598]), (1.1, -0.31842105263157894))	False
LOC100652758	CREBBP;ENHA_KLF4	2.67836249702137	5.9242893084015e-19	False	(array([-0.40685332, -0.09002598]), (1.1666666666666667, -0.34736842105263155))	False
LOC100652758	CREBBP;ENHA_RELA	1.2221783805726	0.055073126530511	False	(array([-0.40685332, -0.09002598]), (1.1666666666666667, 0.4342105263157896))	False
LOC100652758	CREBBP;ENHA_IRF3	1.54317651984996	5.7352830760772e-06	False	(array([-0.40685332, -0.09002598]), (1.1666666666666667, -0.4342105263157895))	False
LOC100652758	CREBBP;ENHA_IRF1	2.91847417646359	2.8845751897585698e-18	False	(array([-0.40685332, -0.09002598]), (1.1333333333333335, -0.4631578947368421))	False
LOC100652758	CREBBP;ENHA_GLI3	1.60798422310144	2.97692947402427e-07	False	(array([-0.40685332, -0.09002598]), (1.1666666666666667, -0.5210526315789474))	False
LOC100652758	CREBBP;ENHA_KLF5	1.77651129468502	3.80448715514467e-09	False	(array([-0.40685332, -0.09002598]), (1.1, -0.31842105263157894))	False
LOC100652758	CREBBP;ENHA_KLF4	2.67836249702137	5.9242893084015e-19	False	(array([-0.40685332, -0.09002598]), (1.1666666666666667, -0.34736842105263155))	False
LOC100652758	CREBBP;ENHA_STAT1	2.21831848890062	2.62060588882181e-16	False	(array([-0.40685332, -0.09002598]), (1.1666666666666667, 0.6947368421052633))	False
LOC100652758	CREBBP;ENHA_AR	1.38470921188745	0.0009203680739849	False	(array([-0.40685332, -0.09002598]), (1.1, -1.1))	False
LOC100652758	CREBBP;ENHA_STAT1	2.21831848890062	2.62060588882181e-16	False	(array([-0.40685332, -0.09002598]), (1.1666666666666667, 0.6947368421052633))	False
LOC100652758	CREBBP;PROM_EGR1	1.1197752503203	0.309558479388536	False	(array([-0.40685332, -0.09002598]), (-1.1333333333333335, -1.0371428571428571))	False
LOC100652758	CREBBP;PROM_KLF5	0.955976374321604	0.636881916547444	False	(array([-0.40685332, -0.09002598]), (-1.1333333333333335, -0.47142857142857153))	False
LOC100652758	ENHA_NFYA;PROM_SP1	1.01286015504258	0.898267748036513	False	((1.1333333333333335, 0.14473684210526327), (-1.1666666666666667, 0.5342857142857143))	False
LOC100652758	ENHA_EGR1;PROM_SP1	1.3731917850868	0.0006268746524908	False	((1.1333333333333335, -0.8973684210526316), (-1.1666666666666667, 0.5342857142857143))	False
LOC100652758	ENHA_EGR1;PROM_SP1	1.3731917850868	0.0006268746524908	False	((1.1333333333333335, -0.8973684210526316), (-1.1666666666666667, 0.5342857142857143))	False
LOC100652758	ENHA_KLF4;PROM_SP1	1.37766303416447	0.0005429459927927	False	((1.1666666666666667, -0.34736842105263155), (-1.1666666666666667, 0.5342857142857143))	False
LOC100652758	POU2F1;PROM_SP1	2.93351169787919	3.75668475042572e-20	False	(array([-0.36634852,  0.72666267]), (-1.1666666666666667, 0.5342857142857143))	False
LOC100652758	DDX3X;PROM_SP1	1.99539891121601	1.51610368818908e-13	False	(array([-0.8645805 , -0.04214754]), (-1.1666666666666667, 0.5342857142857143))	False
LOC100652758	PROM_SP1;YY1	2.08648408114563	6.09602789445687e-15	False	((-1.1666666666666667, 0.5342857142857143), array([0.93355056, 0.21514668]))	False
LOC100652758	ENHA_ELF1;PROM_SP1	1.44163248656493	0.0003011394213335	False	((1.1, -0.8394736842105264), (-1.1666666666666667, 0.5342857142857143))	False
LOC100652758	ENHA_MEF2C;PROM_SP1	1.74295447457738	3.03866679876559e-09	False	((1.1333333333333335, -0.11578947368421055), (-1.1666666666666667, 0.5342857142857143))	False
LOC100652758	ENHA_GABPA;PROM_SP1	1.62678573879159	1.00440039961457e-06	False	((1.1333333333333335, -0.55), (-1.1666666666666667, 0.5342857142857143))	False
LOC100652758	PGR;PROM_SP1	3.18148099442301	8.949481504132351e-23	False	(array([-0.3014693 , -0.81724617]), (-1.1666666666666667, 0.5342857142857143))	False
LOC100652758	HIF1A;PROM_SP1	1.73114635591542	6.75783446123802e-07	False	(array([-0.67767128, -0.27132949]), (-1.1666666666666667, 0.5342857142857143))	False
LOC100652758	NFKB1;PROM_SP1	1.73244260323251	3.2720850771284504e-09	False	(array([-0.68927256, -0.49359992]), (-1.1666666666666667, 0.5342857142857143))	False
LOC100652758	HSP90AA1;PROM_SP1	2.52718891671679	3.84128016520449e-18	False	(array([0.82763946, 0.09472789]), (-1.1666666666666667, 0.5342857142857143))	False
LOC100652758	HCFC1;PROM_SP1	2.53596966343987	2.41911961536645e-12	False	(array([0.71073536, 0.73637237]), (-1.1666666666666667, 0.5342857142857143))	False
LOC100652758	AR;PROM_SP1	1.99379905422241	1.02862159507603e-08	False	(array([-0.17579025,  0.6638913 ]), (-1.1666666666666667, 0.5342857142857143))	False
LOC100652758	ESR2;PROM_SP1	1.78285817562475	1.08545197795917e-09	False	(array([-0.87713082, -0.3296129 ]), (-1.1666666666666667, 0.5342857142857143))	False
LOC100652758	MAPK8;PROM_SP1	2.99735967762035	3.99074343984488e-17	False	(array([-0.6999998 ,  0.70547386]), (-1.1666666666666667, 0.5342857142857143))	False
LOC100652758	PROM_SP1;PSMC5	2.26723435392263	5.90368169595551e-16	False	((-1.1666666666666667, 0.5342857142857143), array([0.11393455, 0.95690979]))	False
LOC100652758	NPM1;PROM_SP1	3.08526586264654	8.00057211861545e-20	False	(array([ 0.76308593, -0.52328561]), (-1.1666666666666667, 0.5342857142857143))	False
LOC100652758	PROM_SP1;SMAD2	2.31951225681852	1.08675911524369e-09	False	((-1.1666666666666667, 0.5342857142857143), array([-0.98200291, -0.0998151 ]))	False
LOC100652758	ENHA_ELF1;PROM_SP1	1.44163248656493	0.0003011394213335	False	((1.1, -0.8394736842105264), (-1.1666666666666667, 0.5342857142857143))	False
LOC100652758	ENHA_AR;PROM_SP1	1.18736777415011	0.16077418959802	False	((1.1, -1.1), (-1.1666666666666667, 0.5342857142857143))	False
LOC100652758	ENHA_NFKB1;PROM_SP1	1.54750235871932	2.34785563337307e-06	False	((1.1666666666666667, 0.08684210526315783), (-1.1666666666666667, 0.5342857142857143))	False
LOC100652758	PML;PROM_SP1	2.70080811163467	6.678932792293891e-15	False	(array([0.36218844, 0.87280429]), (-1.1666666666666667, 0.5342857142857143))	False
LOC100652758	HMGA1;PROM_SP1	2.71424097334391	6.4208707518927595e-18	False	(array([-0.38261095,  0.82649627]), (-1.1666666666666667, 0.5342857142857143))	False
LOC100652758	BRCA1;PROM_SP1	2.91760677613372	4.0478323383592498e-22	False	(array([0.8880781 , 0.45553061]), (-1.1666666666666667, 0.5342857142857143))	False
LOC100652758	PRKCD;PROM_SP1	2.47612140898616	1.28097063327613e-19	False	(array([-0.91991623,  0.4143034 ]), (-1.1666666666666667, 0.5342857142857143))	False
LOC100652758	E2F1;PROM_SP1	2.10590257994185	3.0090964594796e-15	False	(array([-0.07343591,  0.98260436]), (-1.1666666666666667, 0.5342857142857143))	False
LOC100652758	JUN;PROM_SP1	1.36079679581432	0.0107726273582907	False	(array([0.00164271, 0.14414497]), (-1.1666666666666667, 0.5342857142857143))	False
LOC100652758	MDM2;PROM_SP1	2.6608733393829	1.31478869241559e-13	False	(array([0.3723183 , 0.78389361]), (-1.1666666666666667, 0.5342857142857143))	False
LOC100652758	PROM_SP1;RELA	1.83958556569632	2.65520822973376e-07	False	((-1.1666666666666667, 0.5342857142857143), array([-0.23126596, -0.32013086]))	False
LOC100652758	POGZ;PROM_SP1	2.21701420696064	7.7352077131101e-15	False	(array([-0.07918206, -0.87218532]), (-1.1666666666666667, 0.5342857142857143))	False
LOC100652758	PROM_SP1;SMAD3	1.91120963387745	1.25402285793798e-06	False	((-1.1666666666666667, 0.5342857142857143), array([0.26905661, 0.49184622]))	False
LOC100652758	NCOR2;PROM_SP1	2.1158002152627	9.05214466395437e-08	False	(array([-0.33426852,  0.90446952]), (-1.1666666666666667, 0.5342857142857143))	False
LOC100652758	PROM_SP1;RXRA	2.81202877984472	1.22974707847582e-14	False	((-1.1666666666666667, 0.5342857142857143), array([0.19815336, 0.85444405]))	False
LOC100652758	PARP1;PROM_SP1	2.45214753686071	2.07492013005309e-11	False	(array([-0.22283126, -0.72785757]), (-1.1666666666666667, 0.5342857142857143))	False
LOC100652758	PROM_SP1;SMAD4	2.32335444630458	1.0820863484189801e-09	False	((-1.1666666666666667, 0.5342857142857143), array([-0.24929896, -0.10609905]))	False
LOC100652758	AURKA;ENHA_KLF4	1.6011342961776	4.24448515296758e-07	False	(array([ 0.26025017, -0.80395327]), (1.1666666666666667, -0.34736842105263155))	False
LOC100652758	AURKA;ENHA_NFKB1	1.63455067828569	2.61630505601955e-07	False	(array([ 0.26025017, -0.80395327]), (1.1666666666666667, 0.08684210526315783))	False
LOC100652758	AURKA;ENHA_NFKB1	1.63455067828569	2.61630505601955e-07	False	(array([ 0.26025017, -0.80395327]), (1.1666666666666667, 0.08684210526315783))	False
LOC100652758	ENHA_KLF4;KAT5	2.55385591470904	2.38112418780943e-19	False	((1.1666666666666667, -0.34736842105263155), array([ 0.54377356, -0.62756168]))	False
LOC100652758	ENHA_RELA;KAT5	1.15730736664867	0.171293873849925	False	((1.1666666666666667, 0.4342105263157896), array([ 0.54377356, -0.62756168]))	False
LOC100652758	ENHA_NFKB1;KAT5	2.72539739542431	6.7730430320506205e-21	False	((1.1666666666666667, 0.08684210526315783), array([ 0.54377356, -0.62756168]))	False
LOC100652758	ENHA_KLF4;KAT5	2.55385591470904	2.38112418780943e-19	False	((1.1666666666666667, -0.34736842105263155), array([ 0.54377356, -0.62756168]))	False
LOC100652758	ENHA_ZEB1;KAT5	2.31152942678716	3.237733044306e-17	False	((1.1333333333333335, 1.013157894736842), array([ 0.54377356, -0.62756168]))	False
LOC100652758	ENHA_AR;KAT5	1.34424751137129	0.0029758429619041	False	((1.1, -1.1), array([ 0.54377356, -0.62756168]))	False
LOC100652758	ENHA_NFKB1;KAT5	2.72539739542431	6.7730430320506205e-21	False	((1.1666666666666667, 0.08684210526315783), array([ 0.54377356, -0.62756168]))	False
LOC100652758	ENHA_STAT1;PPARG	2.05166453266318	2.55200491121708e-14	False	((1.1666666666666667, 0.6947368421052633), array([ 0.34174304, -0.33267076]))	False
LOC100652758	ENHA_SP1;PPARG	2.62304041577827	7.30191680289217e-17	False	((1.1333333333333335, 0.5789473684210527), array([ 0.34174304, -0.33267076]))	False
LOC100652758	ENHA_KLF5;PPARG	1.59138260350065	6.72066552520414e-07	False	((1.1, -0.31842105263157894), array([ 0.34174304, -0.33267076]))	False
LOC100652758	ENHA_KLF4;PPARG	1.77579446533368	2.6195431121543504e-09	False	((1.1666666666666667, -0.34736842105263155), array([ 0.34174304, -0.33267076]))	False
LOC100652758	ENHA_SP1;PPARG	2.62304041577827	7.30191680289217e-17	False	((1.1333333333333335, 0.5789473684210527), array([ 0.34174304, -0.33267076]))	False
LOC100652758	ENHA_RELA;PPARG	0.833074311604716	0.164499930333271	False	((1.1666666666666667, 0.4342105263157896), array([ 0.34174304, -0.33267076]))	False
LOC100652758	ENHA_NFKB1;PPARG	1.90536456227048	2.7539594707941397e-11	False	((1.1666666666666667, 0.08684210526315783), array([ 0.34174304, -0.33267076]))	False
LOC100652758	ENHA_KLF5;PPARG	1.59138260350065	6.72066552520414e-07	False	((1.1, -0.31842105263157894), array([ 0.34174304, -0.33267076]))	False
LOC100652758	ENHA_KLF4;PPARG	1.77579446533368	2.6195431121543504e-09	False	((1.1666666666666667, -0.34736842105263155), array([ 0.34174304, -0.33267076]))	False
LOC100652758	ENHA_STAT1;PPARG	2.05166453266318	2.55200491121708e-14	False	((1.1666666666666667, 0.6947368421052633), array([ 0.34174304, -0.33267076]))	False
LOC100652758	ENHA_STAT1;PPARG	2.05166453266318	2.55200491121708e-14	False	((1.1666666666666667, 0.6947368421052633), array([ 0.34174304, -0.33267076]))	False
LOC100652758	ENHA_NFKB1;PPARG	1.90536456227048	2.7539594707941397e-11	False	((1.1666666666666667, 0.08684210526315783), array([ 0.34174304, -0.33267076]))	False
LOC100652758	PPARG;PROM_KLF5	0.979694281984119	0.852593009736088	False	(array([ 0.34174304, -0.33267076]), (-1.1333333333333335, -0.47142857142857153))	False
LOC100652758	PPARG;PROM_SP1	1.79246878542007	1.46776468742919e-06	False	(array([ 0.34174304, -0.33267076]), (-1.1666666666666667, 0.5342857142857143))	False
LOC100652758	ENHA_RORA;EP300	1.53018042063206	0.0001059726024078	False	((1.1333333333333335, 0.4921052631578948), array([-0.12019842,  0.15293425]))	False
LOC100652758	ENHA_MAF;EP300	1.87009364405736	1.95714988595356e-10	False	((1.1, -0.231578947368421), array([-0.12019842,  0.15293425]))	False
LOC100652758	ENHA_JUNB;EP300	1.33282704781952	0.0022217518491664	False	((1.1, -0.4052631578947369), array([-0.12019842,  0.15293425]))	False
LOC100652758	ENHA_NFYB;EP300	1.48375080170455	3.55779578193244e-05	False	((1.1666666666666667, 0.17368421052631589), array([-0.12019842,  0.15293425]))	False
LOC100652758	ENHA_EGR1;EP300	2.28217343151461	1.7714522701382301e-15	False	((1.1333333333333335, -0.8973684210526316), array([-0.12019842,  0.15293425]))	False
LOC100652758	ENHA_STAT1;EP300	2.1736259957299	2.87711932669434e-15	False	((1.1666666666666667, 0.6947368421052633), array([-0.12019842,  0.15293425]))	False
LOC100652758	ENHA_SP1;EP300	8.90215407103956	8.49654157394271e-31	False	((1.1333333333333335, 0.5789473684210527), array([-0.12019842,  0.15293425]))	False
LOC100652758	ENHA_KLF2;EP300	1.86166615612752	1.05440505631368e-10	False	((1.1333333333333335, -0.37631578947368427), array([-0.12019842,  0.15293425]))	False
LOC100652758	ENHA_JUNB;EP300	1.33282704781952	0.0022217518491664	False	((1.1, -0.4052631578947369), array([-0.12019842,  0.15293425]))	False
LOC100652758	ENHA_EGR1;EP300	2.28217343151461	1.7714522701382301e-15	False	((1.1333333333333335, -0.8973684210526316), array([-0.12019842,  0.15293425]))	False
LOC100652758	ENHA_TWIST1;EP300	1.77359118599554	2.7004601225271804e-09	False	((1.1, 0.8973684210526318), array([-0.12019842,  0.15293425]))	False
LOC100652758	ENHA_KLF5;EP300	1.71776232606674	3.18974849806053e-08	False	((1.1, -0.31842105263157894), array([-0.12019842,  0.15293425]))	False
LOC100652758	ENHA_KLF4;EP300	2.5675755144157	2.84303553986844e-17	False	((1.1666666666666667, -0.34736842105263155), array([-0.12019842,  0.15293425]))	False
LOC100652758	ENHA_SP1;EP300	8.90215407103956	8.49654157394271e-31	False	((1.1333333333333335, 0.5789473684210527), array([-0.12019842,  0.15293425]))	False
LOC100652758	ENHA_RELA;EP300	1.22656135795355	0.0510083857541784	False	((1.1666666666666667, 0.4342105263157896), array([-0.12019842,  0.15293425]))	False
LOC100652758	ENHA_NFKB1;EP300	2.79791293210388	4.1480235083497705e-19	False	((1.1666666666666667, 0.08684210526315783), array([-0.12019842,  0.15293425]))	False
LOC100652758	ENHA_KLF2;EP300	1.86166615612752	1.05440505631368e-10	False	((1.1333333333333335, -0.37631578947368427), array([-0.12019842,  0.15293425]))	False
LOC100652758	ENHA_MEF2C;EP300	2.06846640135092	2.85340054981436e-13	False	((1.1333333333333335, -0.11578947368421055), array([-0.12019842,  0.15293425]))	False
LOC100652758	ENHA_IRF3;EP300	1.51283484291765	1.52641467478737e-05	False	((1.1666666666666667, -0.4342105263157895), array([-0.12019842,  0.15293425]))	False
LOC100652758	ENHA_GABPA;EP300	1.81140193775215	2.70990426609082e-10	False	((1.1333333333333335, -0.55), array([-0.12019842,  0.15293425]))	False
LOC100652758	ENHA_ETV1;EP300	1.41760332380964	0.0001761507782606	False	((1.1666666666666667, -0.6947368421052632), array([-0.12019842,  0.15293425]))	False
LOC100652758	ENHA_IRF1;EP300	2.72927060584666	5.97224481298657e-16	False	((1.1333333333333335, -0.4631578947368421), array([-0.12019842,  0.15293425]))	False
LOC100652758	ENHA_TFAP2A;EP300	2.57492778127866	3.2348295919771e-16	False	((1.1333333333333335, 0.7526315789473685), array([-0.12019842,  0.15293425]))	False
LOC100652758	ENHA_KLF5;EP300	1.71776232606674	3.18974849806053e-08	False	((1.1, -0.31842105263157894), array([-0.12019842,  0.15293425]))	False
LOC100652758	ENHA_KLF4;EP300	2.5675755144157	2.84303553986844e-17	False	((1.1666666666666667, -0.34736842105263155), array([-0.12019842,  0.15293425]))	False
LOC100652758	ENHA_STAT1;EP300	2.1736259957299	2.87711932669434e-15	False	((1.1666666666666667, 0.6947368421052633), array([-0.12019842,  0.15293425]))	False
LOC100652758	ENHA_ZEB1;EP300	2.30349374008661	6.43194497508023e-16	False	((1.1333333333333335, 1.013157894736842), array([-0.12019842,  0.15293425]))	False
LOC100652758	ENHA_TFAP2A;EP300	2.57492778127866	3.2348295919771e-16	False	((1.1333333333333335, 0.7526315789473685), array([-0.12019842,  0.15293425]))	False
LOC100652758	ENHA_AR;EP300	1.35654672188367	0.001926120254707	False	((1.1, -1.1), array([-0.12019842,  0.15293425]))	False
LOC100652758	ENHA_STAT1;EP300	2.1736259957299	2.87711932669434e-15	False	((1.1666666666666667, 0.6947368421052633), array([-0.12019842,  0.15293425]))	False
LOC100652758	ENHA_NFKB1;EP300	2.79791293210388	4.1480235083497705e-19	False	((1.1666666666666667, 0.08684210526315783), array([-0.12019842,  0.15293425]))	False
LOC100652758	EP300;PROM_KLF2	0.78685074517585	0.0096302538238163	False	(array([-0.12019842,  0.15293425]), (-1.1333333333333335, -0.66))	False
LOC100652758	EP300;PROM_EGR1	1.07678759497281	0.517196047411512	False	(array([-0.12019842,  0.15293425]), (-1.1333333333333335, -1.0371428571428571))	False
LOC100652758	EP300;PROM_KLF5	0.933538593209067	0.477603161500789	False	(array([-0.12019842,  0.15293425]), (-1.1333333333333335, -0.47142857142857153))	False
LOC100652758	EP300;PROM_SP1	1.78454696354335	5.79773429752739e-05	False	(array([-0.12019842,  0.15293425]), (-1.1666666666666667, 0.5342857142857143))	False
LOC100652758	ENHA_SP1;PROM_KLF4	1.03720317207936	0.710400686351144	False	((1.1333333333333335, 0.5789473684210527), (-1.1, -0.5342857142857144))	False
LOC100652758	HUWE1;PROM_KLF4	1.66221543135688	3.85447729653304e-08	False	(array([ 0.42087356, -0.80497817]), (-1.1, -0.5342857142857144))	False
LOC100652758	CTBP1;PROM_KLF4	0.955278972409964	0.63310242197777	False	(array([0.61452837, 0.53991573]), (-1.1, -0.5342857142857144))	False
LOC100652758	PROM_KLF4;VHL	1.38328825272005	0.0004771028824565	False	((-1.1, -0.5342857142857144), array([ 0.79840222, -0.57009068]))	False
LOC100652758	CREBBP;PROM_KLF4	0.850562349296252	0.0898109173803857	False	(array([-0.40685332, -0.09002598]), (-1.1, -0.5342857142857144))	False
LOC100652758	AURKA;PROM_KLF4	0.990424884772278	0.924708467609283	False	(array([ 0.26025017, -0.80395327]), (-1.1, -0.5342857142857144))	False
LOC100652758	KAT5;PROM_KLF4	0.924791000608926	0.415126584168083	False	(array([ 0.54377356, -0.62756168]), (-1.1, -0.5342857142857144))	False
LOC100652758	PPARG;PROM_KLF4	0.908375922082301	0.322602167049769	False	(array([ 0.34174304, -0.33267076]), (-1.1, -0.5342857142857144))	False
LOC100652758	EP300;PROM_KLF4	0.827408466461378	0.0513410441882323	False	(array([-0.12019842,  0.15293425]), (-1.1, -0.5342857142857144))	False
LOC100652758	ENHA_NFYB;TBP	1.41473624681205	0.0003767876196071	False	((1.1666666666666667, 0.17368421052631589), array([ 0.25870535, -0.47386992]))	False
LOC100652758	ENHA_SP1;TBP	3.28712895411113	2.3308767920401e-22	False	((1.1333333333333335, 0.5789473684210527), array([ 0.25870535, -0.47386992]))	False
LOC100652758	ENHA_REST;TBP	1.97650906277165	2.1074155476129698e-12	False	((1.1, 0.4631578947368422), array([ 0.25870535, -0.47386992]))	False
LOC100652758	ENHA_SP1;TBP	3.28712895411113	2.3308767920401e-22	False	((1.1333333333333335, 0.5789473684210527), array([ 0.25870535, -0.47386992]))	False
LOC100652758	ENHA_RELA;TBP	1.15155087313454	0.22570084449012	False	((1.1666666666666667, 0.4342105263157896), array([ 0.25870535, -0.47386992]))	False
LOC100652758	ENHA_POU2F2;TBP	1.51066603470608	1.50920807622102e-05	False	((1.1666666666666667, 0.34736842105263155), array([ 0.25870535, -0.47386992]))	False
LOC100652758	PROM_SP1;TBP	2.65536155624592	1.09970167478642e-13	False	((-1.1666666666666667, 0.5342857142857143), array([ 0.25870535, -0.47386992]))	False
LOC100652758	ENHA_SP1;NCOR1	5.61533024933936	1.22377180818165e-32	False	((1.1333333333333335, 0.5789473684210527), array([ 0.01584713, -0.14546324]))	False
LOC100652758	ENHA_KLF5;NCOR1	1.81311042734061	5.331983871593961e-10	False	((1.1, -0.31842105263157894), array([ 0.01584713, -0.14546324]))	False
LOC100652758	ENHA_REST;NCOR1	2.02515441029501	2.96448329002864e-13	False	((1.1, 0.4631578947368422), array([ 0.01584713, -0.14546324]))	False
LOC100652758	ENHA_SP1;NCOR1	5.61533024933936	1.22377180818165e-32	False	((1.1333333333333335, 0.5789473684210527), array([ 0.01584713, -0.14546324]))	False
LOC100652758	ENHA_KLF5;NCOR1	1.81311042734061	5.331983871593961e-10	False	((1.1, -0.31842105263157894), array([ 0.01584713, -0.14546324]))	False
LOC100652758	ENHA_THRB;NCOR1	1.34829377526934	0.0045785616590093	False	((1.1666666666666667, 0.868421052631579), array([ 0.01584713, -0.14546324]))	False
LOC100652758	ENHA_AR;NCOR1	1.34763145754227	0.0029863823783822	False	((1.1, -1.1), array([ 0.01584713, -0.14546324]))	False
LOC100652758	NCOR1;PROM_KLF5	1.06261785042447	0.5433050590883	False	(array([ 0.01584713, -0.14546324]), (-1.1333333333333335, -0.47142857142857153))	False
LOC100652758	NCOR1;PROM_SP1	2.5907387452885	2.33267095243569e-12	False	(array([ 0.01584713, -0.14546324]), (-1.1666666666666667, 0.5342857142857143))	False
LOC100652758	ENHA_AR;SMARCE1	1.39029667733153	0.0036290359775215	False	((1.1, -1.1), array([0.04141389, 1.        ]))	False
LOC100652758	ENHA_JUNB;SMARCA4	1.36024309959509	0.0012165011324097	False	((1.1, -0.4052631578947369), array([0.34416137, 0.32135329]))	False
LOC100652758	ENHA_STAT1;SMARCA4	2.13791168770413	2.38372730207334e-15	False	((1.1666666666666667, 0.6947368421052633), array([0.34416137, 0.32135329]))	False
LOC100652758	ENHA_SP1;SMARCA4	4.69313980190392	2.31407274348208e-26	False	((1.1333333333333335, 0.5789473684210527), array([0.34416137, 0.32135329]))	False
LOC100652758	ENHA_NR4A2;SMARCA4	1.4933121380143	0.0001309600749251	False	((1.1, 0.2894736842105263), array([0.34416137, 0.32135329]))	False
LOC100652758	ENHA_JUNB;SMARCA4	1.36024309959509	0.0012165011324097	False	((1.1, -0.4052631578947369), array([0.34416137, 0.32135329]))	False
LOC100652758	ENHA_REST;SMARCA4	1.97261190898044	2.7019705239565997e-12	False	((1.1, 0.4631578947368422), array([0.34416137, 0.32135329]))	False
LOC100652758	ENHA_SP1;SMARCA4	4.69313980190392	2.31407274348208e-26	False	((1.1333333333333335, 0.5789473684210527), array([0.34416137, 0.32135329]))	False
LOC100652758	ENHA_NR4A2;SMARCA4	1.4933121380143	0.0001309600749251	False	((1.1, 0.2894736842105263), array([0.34416137, 0.32135329]))	False
LOC100652758	ENHA_IRF1;SMARCA4	2.71516478617385	1.33057270006145e-17	False	((1.1333333333333335, -0.4631578947368421), array([0.34416137, 0.32135329]))	False
LOC100652758	ENHA_STAT1;SMARCA4	2.13791168770413	2.38372730207334e-15	False	((1.1666666666666667, 0.6947368421052633), array([0.34416137, 0.32135329]))	False
LOC100652758	ENHA_AR;SMARCA4	1.69006742943056	2.93349742972815e-07	False	((1.1, -1.1), array([0.34416137, 0.32135329]))	False
LOC100652758	ENHA_STAT1;SMARCA4	2.13791168770413	2.38372730207334e-15	False	((1.1666666666666667, 0.6947368421052633), array([0.34416137, 0.32135329]))	False
LOC100652758	PROM_SP1;SMARCA4	2.18289728237228	2.16361917104395e-08	False	((-1.1666666666666667, 0.5342857142857143), array([0.34416137, 0.32135329]))	False
LOC100652758	BTRC;ENHA_NFE2L1	1.27021772784694	0.0322207576042288	False	(array([0.44703478, 0.41607981]), (1.1333333333333335, -0.02894736842105261))	False
LOC100652758	BTRC;ENHA_TFAP4	1.89429750784497	1.0302184551463401e-10	False	(array([0.44703478, 0.41607981]), (1.1, 0.8105263157894738))	False
LOC100652758	BTRC;ENHA_NFE2L1	1.27021772784694	0.0322207576042288	False	(array([0.44703478, 0.41607981]), (1.1333333333333335, -0.02894736842105261))	False
LOC100652758	BTRC;ENHA_NFE2L2	1.4836402852015	0.000138623396325	False	(array([0.44703478, 0.41607981]), (1.1666666666666667, 0.0))	False
LOC100652758	BTRC;ENHA_NFKB2	2.14719151612916	1.6143758320631002e-16	False	(array([0.44703478, 0.41607981]), (1.1, 0.11578947368421066))	False
LOC100652758	BTRC;ENHA_TWIST1	1.71723602449228	1.70410315415716e-07	False	(array([0.44703478, 0.41607981]), (1.1, 0.8973684210526318))	False
LOC100652758	BTRC;ENHA_REST	2.0653521271526	6.7654450776166205e-15	False	(array([0.44703478, 0.41607981]), (1.1, 0.4631578947368422))	False
LOC100652758	BTRC;ENHA_RELA	0.962042661696514	0.806343512503266	False	(array([0.44703478, 0.41607981]), (1.1666666666666667, 0.4342105263157896))	False
LOC100652758	BTRC;ENHA_NFKB1	2.2265431947266	7.53635481695334e-17	False	(array([0.44703478, 0.41607981]), (1.1666666666666667, 0.08684210526315783))	False
LOC100652758	BTRC;ENHA_GLI3	1.50075023371779	1.3926300984211e-05	False	(array([0.44703478, 0.41607981]), (1.1666666666666667, -0.5210526315789474))	False
LOC100652758	BTRC;ENHA_NFKB1	2.2265431947266	7.53635481695334e-17	False	(array([0.44703478, 0.41607981]), (1.1666666666666667, 0.08684210526315783))	False
LOC100652758	ENHA_TFAP4;FBXW11	1.703295464294	3.00880062119605e-07	False	((1.1, 0.8105263157894738), array([ 0.12924636, -0.96740047]))	False
LOC100652758	ENHA_NFKB2;FBXW11	1.91731599885952	1.8398847651547698e-11	False	((1.1, 0.11578947368421066), array([ 0.12924636, -0.96740047]))	False
LOC100652758	ENHA_REST;FBXW11	1.71763473018297	6.621335521580711e-09	False	((1.1, 0.4631578947368422), array([ 0.12924636, -0.96740047]))	False
LOC100652758	ENHA_NFKB1;FBXW11	1.81985697571749	9.665342291943269e-11	False	((1.1666666666666667, 0.08684210526315783), array([ 0.12924636, -0.96740047]))	False
LOC100652758	ENHA_NFKB1;FBXW11	1.81985697571749	9.665342291943269e-11	False	((1.1666666666666667, 0.08684210526315783), array([ 0.12924636, -0.96740047]))	False
LOC100652758	PLK1;PROM_REST	1.37629573031172	0.0012339982857796	False	(array([-0.24755781, -0.90404681]), (-1.1, 0.21999999999999997))	False
LOC100652758	CDYL;PROM_REST	1.99793711615472	4.73159075512836e-08	False	(array([ 0.92466966, -0.28027237]), (-1.1, 0.21999999999999997))	False
LOC100652758	KDM5C;PROM_REST	1.22405986866422	0.0398947277415267	False	(array([0.93003874, 0.28022412]), (-1.1, 0.21999999999999997))	False
LOC100652758	EHMT2;PROM_REST	1.07947814426208	0.468546095422886	False	(array([0.28699701, 0.76799933]), (-1.1, 0.21999999999999997))	False
LOC100652758	PROM_REST;TBP	1.05472969562799	0.597710639690294	False	((-1.1, 0.21999999999999997), array([ 0.25870535, -0.47386992]))	False
LOC100652758	NCOR1;PROM_REST	1.04983119083041	0.631629667414173	False	(array([ 0.01584713, -0.14546324]), (-1.1, 0.21999999999999997))	False
LOC100652758	PROM_REST;SMARCE1	1.21437028273447	0.0473297247603755	False	((-1.1, 0.21999999999999997), array([0.04141389, 1.        ]))	False
LOC100652758	PROM_REST;SMARCA4	1.02582924289245	0.81109518217076	False	((-1.1, 0.21999999999999997), array([0.34416137, 0.32135329]))	False
LOC100652758	BTRC;PROM_REST	1.10924192715082	0.288037063824665	False	(array([0.44703478, 0.41607981]), (-1.1, 0.21999999999999997))	False
LOC100652758	FBXW11;PROM_REST	1.18350324116599	0.0866111030896559	False	(array([ 0.12924636, -0.96740047]), (-1.1, 0.21999999999999997))	False
LOC100652758	ENHA_NFYB;PROM_MYC	2.02144384881751	0.0008663405049654	False	((1.1666666666666667, 0.17368421052631589), (-1.1, -0.15714285714285714))	False
LOC100652758	PROM_MYC;TRRAP	3.44250886840937	7.128195130053351e-14	False	((-1.1, -0.15714285714285714), array([-0.57875458,  0.68980089]))	False
LOC100652758	ATAD2;PROM_MYC	3.56542904136503	6.38697303787698e-18	False	(array([-0.53503815,  0.8424562 ]), (-1.1, -0.15714285714285714))	False
LOC100652758	AXIN1;PROM_MYC	2.3339125074169	5.51555568631982e-07	False	(array([-0.96334167,  0.28662531]), (-1.1, -0.15714285714285714))	False
LOC100652758	MSH3;PROM_MYC	3.18158476149168	1.94245987877913e-16	False	(array([0.38349892, 0.93610559]), (-1.1, -0.15714285714285714))	False
LOC100652758	DNMT3A;PROM_MYC	2.48897346754429	4.11674856213221e-08	False	(array([-0.95540756,  0.32638737]), (-1.1, -0.15714285714285714))	False
LOC100652758	NMI;PROM_MYC	2.39589662058785	1.4429583810681e-06	False	(array([ 0.18461253, -0.92010398]), (-1.1, -0.15714285714285714))	False
LOC100652758	PROM_MYC;SQSTM1	3.80297284931336	3.96307155407249e-22	False	((-1.1, -0.15714285714285714), array([-0.92937334, -0.25921239]))	False
LOC100652758	PROM_MYC;WDR5	3.91020279075326	9.40852124975639e-31	False	((-1.1, -0.15714285714285714), array([ 0.62113072, -0.60621554]))	False
LOC100652758	EPC1;PROM_MYC	3.54338267625348	1.63199415945206e-22	False	(array([-0.98105079,  0.1095642 ]), (-1.1, -0.15714285714285714))	False
LOC100652758	PROM_MYC;PSMD2	4.26541219071601	4.72495631595122e-33	False	((-1.1, -0.15714285714285714), array([0.96128257, 0.12290173]))	False
LOC100652758	PROM_MYC;PSMA3	3.89037311149784	2.79283533746752e-31	False	((-1.1, -0.15714285714285714), array([ 0.74290061, -0.66129681]))	False
LOC100652758	PLK1;PROM_MYC	3.87264359167996	1.7550584181726e-30	False	(array([-0.24755781, -0.90404681]), (-1.1, -0.15714285714285714))	False
LOC100652758	CDYL;PROM_MYC	4.05419923626808	1.1024889467531299e-28	False	(array([ 0.92466966, -0.28027237]), (-1.1, -0.15714285714285714))	False
LOC100652758	PROM_MYC;TDG	3.15886879516875	7.443128487356861e-20	False	((-1.1, -0.15714285714285714), array([0.65072884, 0.67752812]))	False
LOC100652758	KPNA2;PROM_MYC	3.4092515995853	1.08922607666483e-22	False	(array([ 0.8010123 , -0.40496814]), (-1.1, -0.15714285714285714))	False
LOC100652758	PROM_MYC;SNRNP70	1.875789400133	0.0011664093082935	False	((-1.1, -0.15714285714285714), array([-0.42826107,  0.89302297]))	False
LOC100652758	PPP2CA;PROM_MYC	2.89448016790728	7.17134022012054e-15	False	(array([0.62899933, 0.62671516]), (-1.1, -0.15714285714285714))	False
LOC100652758	AKAP8L;PROM_MYC	1.36184375455095	0.180403064129387	False	(array([-0.56128832,  0.86729379]), (-1.1, -0.15714285714285714))	False
LOC100652758	PROM_MYC;SIRT6	1.71796403638993	0.0030423156848802	False	((-1.1, -0.15714285714285714), array([-0.47981248,  0.70633167]))	False
LOC100652758	DNAJA3;PROM_MYC	2.25735609642563	9.10161284642683e-08	False	(array([-0.1087502, -0.8483881]), (-1.1, -0.15714285714285714))	False
LOC100652758	PROM_MYC;YY1	3.71562548782298	4.49054080574715e-23	False	((-1.1, -0.15714285714285714), array([0.93355056, 0.21514668]))	False
LOC100652758	GTF3C1;PROM_MYC	3.20935492719686	5.580929996202001e-16	False	(array([0.83865874, 0.47904762]), (-1.1, -0.15714285714285714))	False
LOC100652758	PNO1;PROM_MYC	3.20935492719686	5.580929996202001e-16	False	(array([ 0.14445614, -0.92886444]), (-1.1, -0.15714285714285714))	False
LOC100652758	CDK4;PROM_MYC	3.89733057769586	4.01559579268713e-27	False	(array([-0.8856232 , -0.50458278]), (-1.1, -0.15714285714285714))	False
LOC100652758	MCM7;PROM_MYC	4.26633004132845	1.52658724633188e-35	False	(array([-0.64832696,  0.44432308]), (-1.1, -0.15714285714285714))	False
LOC100652758	PROM_MYC;RBPJ	3.49439628879079	1.84249618376792e-23	False	((-1.1, -0.15714285714285714), array([-0.03436907, -0.97500609]))	False
LOC100652758	PIN1;PROM_MYC	3.49954683827588	7.2596856410516e-28	False	(array([-0.6908369,  0.6602743]), (-1.1, -0.15714285714285714))	False
LOC100652758	PROM_MYC;TRIM21	3.35444369228216	2.34103777432974e-16	False	((-1.1, -0.15714285714285714), array([0.86598521, 0.52727909]))	False
LOC100652758	PROM_MYC;PSMA5	2.86384668562872	6.03143812503989e-10	False	((-1.1, -0.15714285714285714), array([-0.89625149, -0.20743871]))	False
LOC100652758	KAT2A;PROM_MYC	3.74876420389542	2.9169216704415496e-30	False	(array([0.32629622, 0.88293556]), (-1.1, -0.15714285714285714))	False
LOC100652758	CDKN1B;PROM_MYC	3.68394801073375	3.0494935232695998e-28	False	(array([-0.4357658 , -0.91720163]), (-1.1, -0.15714285714285714))	False
LOC100652758	PROM_MYC;ZBTB17	4.0930147036504	5.81167247681928e-32	False	((-1.1, -0.15714285714285714), array([-0.97929865, -0.04419088]))	False
LOC100652758	MAPK3;PROM_MYC	3.75978546283079	1.6313864407733098e-30	False	(array([-0.37604809,  0.93923547]), (-1.1, -0.15714285714285714))	False
LOC100652758	HUWE1;PROM_MYC	3.9436796560755	1.1451756768605599e-30	False	(array([ 0.42087356, -0.80497817]), (-1.1, -0.15714285714285714))	False
LOC100652758	MAPK8;PROM_MYC	3.6666073189283	2.1954797516247197e-30	False	(array([-0.6999998 ,  0.70547386]), (-1.1, -0.15714285714285714))	False
LOC100652758	FBXW7;PROM_MYC	3.81622408899444	3.6128362198901e-32	False	(array([-0.31369356,  0.92730691]), (-1.1, -0.15714285714285714))	False
LOC100652758	PROM_MYC;SMAD2	3.66191063119942	6.06311704485142e-31	False	((-1.1, -0.15714285714285714), array([-0.98200291, -0.0998151 ]))	False
LOC100652758	PROM_MYC;UBA52	3.81546176755879	4.3542768899930303e-32	False	((-1.1, -0.15714285714285714), array([-0.66518465,  0.82306944]))	False
LOC100652758	MAX;PROM_MYC	3.10042544503839	4.24220878394744e-12	False	(array([-0.1944085 , -0.95083149]), (-1.1, -0.15714285714285714))	False
LOC100652758	NFYB;PROM_MYC	2.35172217306335	0.000432294360153	False	(array([-0.47441019, -0.79890266]), (-1.1, -0.15714285714285714))	False
LOC100652758	PROM_MYC;YBX1	3.83952425779955	3.8074909438477904e-31	False	((-1.1, -0.15714285714285714), array([ 0.19877343, -0.85825024]))	False
LOC100652758	POLR2A;PROM_MYC	3.60226106540511	2.68032679343036e-23	False	(array([-0.38151388, -0.8940695 ]), (-1.1, -0.15714285714285714))	False
LOC100652758	PROM_MYC;SUZ12	3.0870758513847	4.21102903206453e-17	False	((-1.1, -0.15714285714285714), array([-0.73145595,  0.09735772]))	False
LOC100652758	PRKDC;PROM_MYC	2.74751405277705	9.60592122093684e-15	False	(array([ 0.6678458 , -0.55107264]), (-1.1, -0.15714285714285714))	False
LOC100652758	FLNA;PROM_MYC	3.72083409518061	1.7767180777912398e-28	False	(array([-0.57524991,  0.79700411]), (-1.1, -0.15714285714285714))	False
LOC100652758	CDK6;PROM_MYC	3.67585834393803	2.7943640982733098e-30	False	(array([-0.64642981, -0.04329722]), (-1.1, -0.15714285714285714))	False
LOC100652758	ERCC3;PROM_MYC	1.83751389598125	0.0021042679485576	False	(array([-0.49250419, -0.84849009]), (-1.1, -0.15714285714285714))	False
LOC100652758	PROM_MYC;SKP2	3.90713271652914	2.21285401018623e-32	False	((-1.1, -0.15714285714285714), array([-0.40319328, -0.63662777]))	False
LOC100652758	PROM_MYC;SMARCC1	3.37169133876317	3.6018537358960904e-23	False	((-1.1, -0.15714285714285714), array([0.00972894, 0.88695074]))	False
LOC100652758	PROM_MYC;TAF1	1.83751389598125	0.0021042679485576	False	((-1.1, -0.15714285714285714), array([-0.8629098 ,  0.47158323]))	False
LOC100652758	MED1;PROM_MYC	3.63892566439928	1.9451905110191697e-30	False	(array([-0.91326845,  0.17231965]), (-1.1, -0.15714285714285714))	False
LOC100652758	PIAS2;PROM_MYC	2.56362319698858	3.40626551639515e-10	False	(array([ 0.35410538, -0.93221699]), (-1.1, -0.15714285714285714))	False
LOC100652758	CALM1;PROM_MYC	1.82034036885505	0.0003678612638833	False	(array([-0.24757568,  0.93760232]), (-1.1, -0.15714285714285714))	False
LOC100652758	EZH2;PROM_MYC	3.53017125015814	8.60469445765045e-24	False	(array([ 0.92851498, -0.04926561]), (-1.1, -0.15714285714285714))	False
LOC100652758	PROM_MYC;USP7	3.60811106436448	7.79973789007263e-29	False	((-1.1, -0.15714285714285714), array([0.48246661, 0.89670803]))	False
LOC100652758	PRDX1;PROM_MYC	2.49159580406883	1.97326595680616e-09	False	(array([0.671397 , 0.7212768]), (-1.1, -0.15714285714285714))	False
LOC100652758	PROM_MYC;PRPF6	1.83751389598125	0.0021042679485576	False	((-1.1, -0.15714285714285714), array([-0.91377951,  0.36122056]))	False
LOC100652758	PROM_MYC;WDR77	1.83751389598125	0.0021042679485576	False	((-1.1, -0.15714285714285714), array([0.80165737, 0.40975912]))	False
LOC100652758	PROM_MYC;STUB1	3.48593473295709	2.81860465659028e-28	False	((-1.1, -0.15714285714285714), array([ 0.50080213, -0.86404562]))	False
LOC100652758	PROM_MYC;RUVBL1	2.50341089596273	1.3142741230587e-08	False	((-1.1, -0.15714285714285714), array([0.69892356, 0.63445166]))	False
LOC100652758	PROM_MYC;TP73	3.31919023019246	4.5761124804308005e-21	False	((-1.1, -0.15714285714285714), array([-0.54113205, -0.76317286]))	False
LOC100652758	PROM_MYC;TRIM28	3.59342397250932	3.2412681254634796e-30	False	((-1.1, -0.15714285714285714), array([ 0.50452325, -0.72510554]))	False
LOC100652758	PROM_MYC;XPO1	3.84038722505965	6.7358735489912e-29	False	((-1.1, -0.15714285714285714), array([ 0.87425331, -0.0506647 ]))	False
LOC100652758	PML;PROM_MYC	3.54164198393376	2.6630862765935e-29	False	(array([0.36218844, 0.87280429]), (-1.1, -0.15714285714285714))	False
LOC100652758	ECSIT;PROM_MYC	3.79661036160628	4.48957628581478e-28	False	(array([-0.29307108, -0.90815546]), (-1.1, -0.15714285714285714))	False
LOC100652758	CDK9;PROM_MYC	3.56097683920137	4.76982356248385e-27	False	(array([ 0.94908625, -0.01195339]), (-1.1, -0.15714285714285714))	False
LOC100652758	CHUK;PROM_MYC	3.92336195239958	3.64889782190205e-30	False	(array([0.96721237, 0.1697033 ]), (-1.1, -0.15714285714285714))	False
LOC100652758	PROM_MYC;TXN	3.65413813254982	2.65147748872903e-27	False	((-1.1, -0.15714285714285714), array([ 0.98070002, -0.0226701 ]))	False
LOC100652758	PROM_MYC;RUVBL2	4.03381951477938	1.27573566320653e-31	False	((-1.1, -0.15714285714285714), array([ 0.04433509, -0.93870809]))	False
LOC100652758	MEN1;PROM_MYC	3.63746697302624	2.78549922401943e-30	False	(array([-0.11844177, -0.97374357]), (-1.1, -0.15714285714285714))	False
LOC100652758	IKBKG;PROM_MYC	3.86091880774616	2.21172480470667e-29	False	(array([-0.74988087,  0.62669798]), (-1.1, -0.15714285714285714))	False
LOC100652758	NONO;PROM_MYC	3.23575230054845	2.46265776467179e-15	False	(array([0.88036514, 0.37016058]), (-1.1, -0.15714285714285714))	False
LOC100652758	BRCA1;PROM_MYC	3.62705532431559	3.28232387519824e-28	False	(array([0.8880781 , 0.45553061]), (-1.1, -0.15714285714285714))	False
LOC100652758	PROM_MYC;XRCC5	3.80409865991633	1.11357844684679e-31	False	((-1.1, -0.15714285714285714), array([-0.39947981, -0.89069619]))	False
LOC100652758	PROM_MYC;XRCC6	3.47070813818396	5.73523187266805e-27	False	((-1.1, -0.15714285714285714), array([ 0.01109502, -0.94157973]))	False
LOC100652758	JUN;PROM_MYC	3.32226669728478	3.36567179076869e-26	False	(array([0.00164271, 0.14414497]), (-1.1, -0.15714285714285714))	False
LOC100652758	CTNNB1;PROM_MYC	3.42716065138813	2.5964756753038397e-28	False	(array([-0.4559429 ,  0.42673001]), (-1.1, -0.15714285714285714))	False
LOC100652758	FHL2;PROM_MYC	3.60120461419187	3.88291181465331e-30	False	(array([ 0.7224182 , -0.73006841]), (-1.1, -0.15714285714285714))	False
LOC100652758	PROM_MYC;SMAD3	3.41265639090527	6.7588070186922e-28	False	((-1.1, -0.15714285714285714), array([0.26905661, 0.49184622]))	False
LOC100652758	GSK3B;PROM_MYC	3.58382578464044	3.99555971821314e-30	False	(array([-0.2610931 , -0.55432982]), (-1.1, -0.15714285714285714))	False
LOC100652758	CREBBP;PROM_MYC	3.33214130635664	2.14374505291534e-27	False	(array([-0.40685332, -0.09002598]), (-1.1, -0.15714285714285714))	False
LOC100652758	KAT5;PROM_MYC	3.43603820330031	2.37355902639322e-28	False	(array([ 0.54377356, -0.62756168]), (-1.1, -0.15714285714285714))	False
LOC100652758	EP300;PROM_MYC	3.26592775138554	1.1205318485036299e-26	False	(array([-0.12019842,  0.15293425]), (-1.1, -0.15714285714285714))	False
LOC100652758	PROM_MYC;TBP	3.75969503073346	1.1586985149385e-30	False	((-1.1, -0.15714285714285714), array([ 0.25870535, -0.47386992]))	False
LOC100652758	PROM_MYC;SMARCA4	3.48105023372	6.01829224569343e-29	False	((-1.1, -0.15714285714285714), array([0.34416137, 0.32135329]))	False
LOC100652758	BTRC;PROM_MYC	3.61095082847569	3.25557973555428e-30	False	(array([0.44703478, 0.41607981]), (-1.1, -0.15714285714285714))	False
LOC100652758	CITED2;ENHA_TFAP2C	1.43038167799561	0.0001107878857399	False	(array([ 0.80310208, -0.60578828]), (1.1666666666666667, 0.7815789473684212))	False
LOC100652758	CITED2;ENHA_TFAP2A	1.51729663154719	8.22629404510186e-06	False	(array([ 0.80310208, -0.60578828]), (1.1333333333333335, 0.7526315789473685))	False
LOC100652758	CITED2;ENHA_TFAP2C	1.43038167799561	0.0001107878857399	False	(array([ 0.80310208, -0.60578828]), (1.1666666666666667, 0.7815789473684212))	False
LOC100652758	CITED2;ENHA_TFAP2A	1.51729663154719	8.22629404510186e-06	False	(array([ 0.80310208, -0.60578828]), (1.1333333333333335, 0.7526315789473685))	False
LOC100652758	CITED2;ENHA_TFAP2C	1.43038167799561	0.0001107878857399	False	(array([ 0.80310208, -0.60578828]), (1.1666666666666667, 0.7815789473684212))	False
LOC100652758	ENHA_RELA;PROM_TFAP2A	1.36413576384128	0.024772499648823	False	((1.1666666666666667, 0.4342105263157896), (-1.1, 0.7857142857142858))	False
LOC100652758	PROM_TFAP2A;YY1	1.81212708154575	1.1423287007087301e-10	False	((-1.1, 0.7857142857142858), array([0.93355056, 0.21514668]))	False
LOC100652758	NPM1;PROM_TFAP2A	1.82515620682924	1.3910786819923801e-09	False	(array([ 0.76308593, -0.52328561]), (-1.1, 0.7857142857142858))	False
LOC100652758	MAX;PROM_TFAP2A	1.0914421129541	0.356463167420922	False	(array([-0.1944085 , -0.95083149]), (-1.1, 0.7857142857142858))	False
LOC100652758	PROM_TFAP2A;XRCC5	1.64504146171555	7.66491865117107e-07	False	((-1.1, 0.7857142857142858), array([-0.39947981, -0.89069619]))	False
LOC100652758	PROM_TFAP2A;XRCC6	1.64189391247123	7.1341644301279e-07	False	((-1.1, 0.7857142857142858), array([ 0.01109502, -0.94157973]))	False
LOC100652758	EED;PROM_TFAP2A	1.46721885294414	3.10102474340295e-05	False	(array([-0.87427761,  0.51947952]), (-1.1, 0.7857142857142858))	False
LOC100652758	JUN;PROM_TFAP2A	1.07466321677642	0.492260135591186	False	(array([0.00164271, 0.14414497]), (-1.1, 0.7857142857142858))	False
LOC100652758	PROM_TFAP2A;RB1	1.50354768082459	9.54857970879214e-05	False	((-1.1, 0.7857142857142858), array([-0.35344641, -0.10400343]))	False
LOC100652758	PROM_TFAP2A;RELA	1.28887528888913	0.0107264708837149	False	((-1.1, 0.7857142857142858), array([-0.23126596, -0.32013086]))	False
LOC100652758	EP300;PROM_TFAP2A	1.21499317546398	0.0729175762616042	False	(array([-0.12019842,  0.15293425]), (-1.1, 0.7857142857142858))	False
LOC100652758	CITED2;PROM_TFAP2A	1.62562630657937	1.99531893487534e-07	False	(array([ 0.80310208, -0.60578828]), (-1.1, 0.7857142857142858))	False
LOC100652758	ENHA_SP1;PROM_NFYA	0.967164229357271	1.0	False	((1.1333333333333335, 0.5789473684210527), (-1.1333333333333335, -0.0942857142857143))	False
LOC100652758	CREB1;PROM_NFYA	0.999618518318598	1.0	False	(array([ 0.30760853, -0.91155918]), (-1.1333333333333335, -0.0942857142857143))	False
LOC100652758	PROM_NFYA;SRF	1.20860202418684	0.144550333831053	False	((-1.1333333333333335, -0.0942857142857143), array([-0.850028  ,  0.39936925]))	False
LOC100652758	CDK2;PROM_NFYA	1.26823542375393	0.0600628611449371	False	(array([ 0.21932397, -0.18543208]), (-1.1333333333333335, -0.0942857142857143))	False
LOC100652758	NFYB;PROM_NFYA	1.72383311316699	0.078192260006029	False	(array([-0.47441019, -0.79890266]), (-1.1333333333333335, -0.0942857142857143))	False
LOC100652758	APP;PROM_NFYA	1.108742947622	0.395353205511882	False	(array([-0.45586173, -0.49582547]), (-1.1333333333333335, -0.0942857142857143))	False
LOC100652758	PROM_NFYA;SREBF2	1.29147293908863	0.054067128766871	False	((-1.1333333333333335, -0.0942857142857143), array([-0.06621445, -0.97984004]))	False
LOC100652758	APPBP2;PROM_NFYA	1.31207402519057	0.0528049203095671	False	(array([-0.66484757, -0.68423343]), (-1.1333333333333335, -0.0942857142857143))	False
LOC100652758	CSNK2A1;PROM_NFYA	1.1806134864522	0.194361242552168	False	(array([ 0.93456323, -0.33154135]), (-1.1333333333333335, -0.0942857142857143))	False
LOC100652758	POGZ;PROM_NFYA	0.973402330347935	0.936783479868486	False	(array([-0.07918206, -0.87218532]), (-1.1333333333333335, -0.0942857142857143))	False
LOC100652758	ENHA_TFAP2C;KDM5B	1.37263152721212	0.0007190978015955	False	((1.1666666666666667, 0.7815789473684212), array([-0.83209662, -0.27835601]))	False
LOC100652758	ENHA_TFAP2C;KDM5B	1.37263152721212	0.0007190978015955	False	((1.1666666666666667, 0.7815789473684212), array([-0.83209662, -0.27835601]))	False
LOC100652758	ENHA_CTCF;KDM5B	1.38820304183191	0.0009544693869646	False	((1.1666666666666667, -1.0421052631578949), array([-0.83209662, -0.27835601]))	False
LOC100652758	ENHA_TFAP2C;KDM5B	1.37263152721212	0.0007190978015955	False	((1.1666666666666667, 0.7815789473684212), array([-0.83209662, -0.27835601]))	False
LOC100652758	KDM5B;PROM_KLF10	1.01653520373477	0.881527644599274	False	(array([-0.83209662, -0.27835601]), (-1.1333333333333335, -0.8485714285714286))	False
LOC100652758	ENHA_FOXA1;RARA	1.49623748140186	1.17522074138784e-05	False	((1.1, -0.5789473684210527), array([0.14273093, 0.55649058]))	False
LOC100652758	ENHA_STAT1;RARA	1.77921840089924	6.63159204092623e-10	False	((1.1666666666666667, 0.6947368421052633), array([0.14273093, 0.55649058]))	False
LOC100652758	ENHA_SP1;RARA	2.48970938146405	4.11856242731063e-15	False	((1.1333333333333335, 0.5789473684210527), array([0.14273093, 0.55649058]))	False
LOC100652758	ENHA_NFE2L2;RARA	1.32792326877697	0.0066402616101774	False	((1.1666666666666667, 0.0), array([0.14273093, 0.55649058]))	False
LOC100652758	ENHA_TFAP2C;RARA	1.35386177929608	0.0010773722926678	False	((1.1666666666666667, 0.7815789473684212), array([0.14273093, 0.55649058]))	False
LOC100652758	ENHA_KLF5;RARA	1.53579464808224	4.25564388900462e-06	False	((1.1, -0.31842105263157894), array([0.14273093, 0.55649058]))	False
LOC100652758	ENHA_SP1;RARA	2.48970938146405	4.11856242731063e-15	False	((1.1333333333333335, 0.5789473684210527), array([0.14273093, 0.55649058]))	False
LOC100652758	ENHA_TFAP2C;RARA	1.35386177929608	0.0010773722926678	False	((1.1666666666666667, 0.7815789473684212), array([0.14273093, 0.55649058]))	False
LOC100652758	ENHA_KLF5;RARA	1.53579464808224	4.25564388900462e-06	False	((1.1, -0.31842105263157894), array([0.14273093, 0.55649058]))	False
LOC100652758	ENHA_STAT1;RARA	1.77921840089924	6.63159204092623e-10	False	((1.1666666666666667, 0.6947368421052633), array([0.14273093, 0.55649058]))	False
LOC100652758	ENHA_TFAP2C;RARA	1.35386177929608	0.0010773722926678	False	((1.1666666666666667, 0.7815789473684212), array([0.14273093, 0.55649058]))	False
LOC100652758	ENHA_STAT1;RARA	1.77921840089924	6.63159204092623e-10	False	((1.1666666666666667, 0.6947368421052633), array([0.14273093, 0.55649058]))	False
LOC100652758	PROM_KLF5;RARA	0.995973212339311	0.963067793526353	False	((-1.1333333333333335, -0.47142857142857153), array([0.14273093, 0.55649058]))	False
LOC100652758	PROM_SP1;RARA	1.69060735619592	1.04073857096257e-05	False	((-1.1666666666666667, 0.5342857142857143), array([0.14273093, 0.55649058]))	False
LOC100652758	ENHA_NFYB;TP53	1.14144482527124	0.193617879018454	False	((1.1666666666666667, 0.17368421052631589), array([ 0.11807941, -0.28694002]))	False
LOC100652758	ENHA_NFYA;TP53	1.0342016063039	0.751912282055662	False	((1.1333333333333335, 0.14473684210526327), array([ 0.11807941, -0.28694002]))	False
LOC100652758	ENHA_BACH1;TP53	1.21078082463992	0.0514600411749405	False	((1.1333333333333335, -1.0710526315789475), array([ 0.11807941, -0.28694002]))	False
LOC100652758	ENHA_EGR1;TP53	1.33808150747017	0.0017538582282706	False	((1.1333333333333335, -0.8973684210526316), array([ 0.11807941, -0.28694002]))	False
LOC100652758	ENHA_ZNF148;TP53	1.2705585614416	0.0101687286380338	False	((1.1666666666666667, 1.0421052631578949), array([ 0.11807941, -0.28694002]))	False
LOC100652758	ENHA_TFDP1;TP53	1.15610058628408	0.257186706154967	False	((1.1333333333333335, 0.8394736842105264), array([ 0.11807941, -0.28694002]))	False
LOC100652758	ENHA_STAT1;TP53	1.28826516199265	0.005919860450736	False	((1.1666666666666667, 0.6947368421052633), array([ 0.11807941, -0.28694002]))	False
LOC100652758	ENHA_SP1;TP53	1.44623884231069	0.0006261848714187	False	((1.1333333333333335, 0.5789473684210527), array([ 0.11807941, -0.28694002]))	False
LOC100652758	ENHA_BACH1;TP53	1.21078082463992	0.0514600411749405	False	((1.1333333333333335, -1.0710526315789475), array([ 0.11807941, -0.28694002]))	False
LOC100652758	ENHA_EGR1;TP53	1.33808150747017	0.0017538582282706	False	((1.1333333333333335, -0.8973684210526316), array([ 0.11807941, -0.28694002]))	False
LOC100652758	ENHA_TFAP2C;TP53	1.07158495911632	0.46188002050845	False	((1.1666666666666667, 0.7815789473684212), array([ 0.11807941, -0.28694002]))	False
LOC100652758	ENHA_ZNF148;TP53	1.2705585614416	0.0101687286380338	False	((1.1666666666666667, 1.0421052631578949), array([ 0.11807941, -0.28694002]))	False
LOC100652758	ENHA_TWIST1;TP53	1.33444675452976	0.0055033863984047	False	((1.1, 0.8973684210526318), array([ 0.11807941, -0.28694002]))	False
LOC100652758	ENHA_SP1;TP53	1.44623884231069	0.0006261848714187	False	((1.1333333333333335, 0.5789473684210527), array([ 0.11807941, -0.28694002]))	False
LOC100652758	ENHA_RELA;TP53	1.13578166065589	0.253629399030439	False	((1.1666666666666667, 0.4342105263157896), array([ 0.11807941, -0.28694002]))	False
LOC100652758	ENHA_TFAP2A;TP53	1.2607311056191	0.0161834019692942	False	((1.1333333333333335, 0.7526315789473685), array([ 0.11807941, -0.28694002]))	False
LOC100652758	ENHA_TFAP2C;TP53	1.07158495911632	0.46188002050845	False	((1.1666666666666667, 0.7815789473684212), array([ 0.11807941, -0.28694002]))	False
LOC100652758	ENHA_ZBTB7A;TP53	1.38153174271318	0.0007823282598399	False	((1.1, 0.9842105263157896), array([ 0.11807941, -0.28694002]))	False
LOC100652758	ENHA_STAT1;TP53	1.28826516199265	0.005919860450736	False	((1.1666666666666667, 0.6947368421052633), array([ 0.11807941, -0.28694002]))	False
LOC100652758	ENHA_TFAP2A;TP53	1.2607311056191	0.0161834019692942	False	((1.1333333333333335, 0.7526315789473685), array([ 0.11807941, -0.28694002]))	False
LOC100652758	ENHA_NFYA;TP53	1.0342016063039	0.751912282055662	False	((1.1333333333333335, 0.14473684210526327), array([ 0.11807941, -0.28694002]))	False
LOC100652758	ENHA_TFAP2C;TP53	1.07158495911632	0.46188002050845	False	((1.1666666666666667, 0.7815789473684212), array([ 0.11807941, -0.28694002]))	False
LOC100652758	ENHA_STAT1;TP53	1.28826516199265	0.005919860450736	False	((1.1666666666666667, 0.6947368421052633), array([ 0.11807941, -0.28694002]))	False
LOC100652758	PROM_ZNF148;TP53	0.842438384860275	0.0775401879158559	False	((-1.1666666666666667, 0.9114285714285715), array([ 0.11807941, -0.28694002]))	False
LOC100652758	PROM_EGR1;TP53	0.79033602857541	0.0157634099559221	False	((-1.1333333333333335, -1.0371428571428571), array([ 0.11807941, -0.28694002]))	False
LOC100652758	PROM_SP1;TP53	0.883875641932745	0.240492157640689	False	((-1.1666666666666667, 0.5342857142857143), array([ 0.11807941, -0.28694002]))	False
LOC100652758	PROM_MYC;TP53	3.42287938014895	1.37206225647703e-26	False	((-1.1, -0.15714285714285714), array([ 0.11807941, -0.28694002]))	False
LOC100652758	PROM_TFAP2A;TP53	0.858601690649211	0.113328681458039	False	((-1.1, 0.7857142857142858), array([ 0.11807941, -0.28694002]))	False
LOC100652758	PROM_NFYA;TP53	0.889744180781727	0.390746842418872	False	((-1.1333333333333335, -0.0942857142857143), array([ 0.11807941, -0.28694002]))	False
LOC100652758	ENHA_ZBTB26;UBE2I	1.37646660138038	0.0008100341354934	False	((1.1666666666666667, 0.9552631578947368), array([ 0.60558404, -0.52332705]))	False
LOC100652758	ENHA_STAT1;UBE2I	2.08660418778311	1.5207910502265902e-14	False	((1.1666666666666667, 0.6947368421052633), array([ 0.60558404, -0.52332705]))	False
LOC100652758	ENHA_SOX10;UBE2I	1.34075460067896	0.0024552609343161	False	((1.1666666666666667, 0.5210526315789474), array([ 0.60558404, -0.52332705]))	False
LOC100652758	ENHA_TFAP2C;UBE2I	1.57585940557094	1.08828991091114e-06	False	((1.1666666666666667, 0.7815789473684212), array([ 0.60558404, -0.52332705]))	False
LOC100652758	ENHA_TFAP2A;UBE2I	2.39321134450792	1.33366875089848e-15	False	((1.1333333333333335, 0.7526315789473685), array([ 0.60558404, -0.52332705]))	False
LOC100652758	ENHA_TFAP2C;UBE2I	1.57585940557094	1.08828991091114e-06	False	((1.1666666666666667, 0.7815789473684212), array([ 0.60558404, -0.52332705]))	False
LOC100652758	ENHA_STAT1;UBE2I	2.08660418778311	1.5207910502265902e-14	False	((1.1666666666666667, 0.6947368421052633), array([ 0.60558404, -0.52332705]))	False
LOC100652758	ENHA_TFAP2A;UBE2I	2.39321134450792	1.33366875089848e-15	False	((1.1333333333333335, 0.7526315789473685), array([ 0.60558404, -0.52332705]))	False
LOC100652758	ENHA_TFAP2C;UBE2I	1.57585940557094	1.08828991091114e-06	False	((1.1666666666666667, 0.7815789473684212), array([ 0.60558404, -0.52332705]))	False
LOC100652758	ENHA_AR;UBE2I	1.37334828208868	0.0013712647915605	False	((1.1, -1.1), array([ 0.60558404, -0.52332705]))	False
LOC100652758	ENHA_STAT1;UBE2I	2.08660418778311	1.5207910502265902e-14	False	((1.1666666666666667, 0.6947368421052633), array([ 0.60558404, -0.52332705]))	False
LOC100652758	PROM_TFAP2A;UBE2I	1.30267987028456	0.0131970331184277	False	((-1.1, 0.7857142857142858), array([ 0.60558404, -0.52332705]))	False
LOC100652758	CITED2;PROM_TFAP2C	1.44686433668677	5.9385827255559e-05	False	(array([ 0.80310208, -0.60578828]), (-1.1333333333333335, 0.8485714285714285))	False
LOC100652758	KDM5B;PROM_TFAP2C	1.44304754245991	7.24599412447794e-05	False	(array([-0.83209662, -0.27835601]), (-1.1333333333333335, 0.8485714285714285))	False
LOC100652758	PROM_TFAP2C;RARA	1.10319600710942	0.290633819832613	False	((-1.1333333333333335, 0.8485714285714285), array([0.14273093, 0.55649058]))	False
LOC100652758	PROM_TFAP2C;TP53	0.785814808366411	0.0088572766610157	False	((-1.1333333333333335, 0.8485714285714285), array([ 0.11807941, -0.28694002]))	False
LOC100652758	PROM_TFAP2C;UBE2I	1.11700426939638	0.246167621747754	False	((-1.1333333333333335, 0.8485714285714285), array([ 0.60558404, -0.52332705]))	False
LOC100652758	ENHA_TFAP2C;IKBKB	1.28044414218601	0.0116764486331358	False	((1.1666666666666667, 0.7815789473684212), array([-0.11896373, -0.19021761]))	False
LOC100652758	ENHA_RELA;IKBKB	1.11391689275752	0.375035185518083	False	((1.1666666666666667, 0.4342105263157896), array([-0.11896373, -0.19021761]))	False
LOC100652758	ENHA_NFKB1;IKBKB	1.83166733263505	7.98296907077316e-11	False	((1.1666666666666667, 0.08684210526315783), array([-0.11896373, -0.19021761]))	True
LOC100652758	ENHA_TFAP2C;IKBKB	1.28044414218601	0.0116764486331358	False	((1.1666666666666667, 0.7815789473684212), array([-0.11896373, -0.19021761]))	False
LOC100652758	ENHA_NFKB1;IKBKB	1.83166733263505	7.98296907077316e-11	False	((1.1666666666666667, 0.08684210526315783), array([-0.11896373, -0.19021761]))	True
LOC100652758	IKBKB;PROM_TFAP2C	1.51118886560845	7.91491634908885e-06	False	(array([-0.11896373, -0.19021761]), (-1.1333333333333335, 0.8485714285714285))	False
LOC100652758	ENHA_E2F1;SIRT1	1.78723585628307	1.58477111868096e-07	False	((1.1, -1.0131578947368423), array([ 0.68006963, -0.17933145]))	False
LOC100652758	ENHA_ESRRA;SIRT1	1.74199529887849	1.35412216841111e-08	False	((1.1333333333333335, -0.7236842105263158), array([ 0.68006963, -0.17933145]))	False
LOC100652758	ENHA_RELA;SIRT1	1.10567735150935	0.390728651198855	False	((1.1666666666666667, 0.4342105263157896), array([ 0.68006963, -0.17933145]))	False
LOC100652758	ENHA_ESRRA;SIRT1	1.74199529887849	1.35412216841111e-08	False	((1.1333333333333335, -0.7236842105263158), array([ 0.68006963, -0.17933145]))	False
LOC100652758	ENHA_AR;SIRT1	1.40105165137943	0.0020281915562766	False	((1.1, -1.1), array([ 0.68006963, -0.17933145]))	False
LOC100652758	PROM_MYC;SIRT1	3.71773357448636	8.22151325171043e-31	False	((-1.1, -0.15714285714285714), array([ 0.68006963, -0.17933145]))	False
LOC100652758	PROM_HES1;SIRT1	1.69611957933861	1.6354822987929e-06	False	((-1.1666666666666667, -0.9742857142857144), array([ 0.68006963, -0.17933145]))	False
LOC100652758	ENHA_STAT1;STAT3	1.79731605293228	2.03407620926252e-10	False	((1.1666666666666667, 0.6947368421052633), array([0.16169771, 0.41222976]))	False
LOC100652758	ENHA_SP1;STAT3	2.30877066852573	2.89507745656699e-14	False	((1.1333333333333335, 0.5789473684210527), array([0.16169771, 0.41222976]))	False
LOC100652758	ENHA_NFKB2;STAT3	1.96119637272415	3.16033854253087e-13	False	((1.1, 0.11578947368421066), array([0.16169771, 0.41222976]))	False
LOC100652758	ENHA_TWIST1;STAT3	1.7091910196265	1.3754004857724e-07	False	((1.1, 0.8973684210526318), array([0.16169771, 0.41222976]))	False
LOC100652758	ENHA_SP1;STAT3	2.30877066852573	2.89507745656699e-14	False	((1.1333333333333335, 0.5789473684210527), array([0.16169771, 0.41222976]))	False
LOC100652758	ENHA_RELA;STAT3	0.959307617414533	0.802949987841335	False	((1.1666666666666667, 0.4342105263157896), array([0.16169771, 0.41222976]))	False
LOC100652758	ENHA_NFKB1;STAT3	1.71782147701992	1.03955290078976e-08	False	((1.1666666666666667, 0.08684210526315783), array([0.16169771, 0.41222976]))	False
LOC100652758	ENHA_STAT1;STAT3	1.79731605293228	2.03407620926252e-10	False	((1.1666666666666667, 0.6947368421052633), array([0.16169771, 0.41222976]))	False
LOC100652758	ENHA_AR;STAT3	1.12100733843666	0.299187557150041	False	((1.1, -1.1), array([0.16169771, 0.41222976]))	False
LOC100652758	ENHA_STAT1;STAT3	1.79731605293228	2.03407620926252e-10	False	((1.1666666666666667, 0.6947368421052633), array([0.16169771, 0.41222976]))	False
LOC100652758	ENHA_NFKB1;STAT3	1.71782147701992	1.03955290078976e-08	False	((1.1666666666666667, 0.08684210526315783), array([0.16169771, 0.41222976]))	False
LOC100652758	PROM_KLF15;STAT3	0.951500501344636	0.607181895817463	False	((-1.1, -0.7228571428571429), array([0.16169771, 0.41222976]))	False
LOC100652758	PROM_SP1;STAT3	1.49176774287132	0.0002641620958571	False	((-1.1666666666666667, 0.5342857142857143), array([0.16169771, 0.41222976]))	False
LOC100652758	PROM_HES1;STAT3	1.61030702799455	1.98799960565074e-05	False	((-1.1666666666666667, -0.9742857142857144), array([0.16169771, 0.41222976]))	False
LOC100652758	ENHA_SP1;HDAC2	7.97582818329573	4.60236598857417e-34	False	((1.1333333333333335, 0.5789473684210527), array([ 0.00204937, -0.21560326]))	False
LOC100652758	ENHA_TWIST1;HDAC2	1.82067517148675	5.32131629375334e-10	False	((1.1, 0.8973684210526318), array([ 0.00204937, -0.21560326]))	False
LOC100652758	ENHA_KLF5;HDAC2	1.8386642763239	3.12414093969477e-10	False	((1.1, -0.31842105263157894), array([ 0.00204937, -0.21560326]))	False
LOC100652758	ENHA_REST;HDAC2	2.10694967372076	3.4869809213234e-14	False	((1.1, 0.4631578947368422), array([ 0.00204937, -0.21560326]))	False
LOC100652758	ENHA_KLF4;HDAC2	2.54947726552607	4.10519150861772e-18	False	((1.1666666666666667, -0.34736842105263155), array([ 0.00204937, -0.21560326]))	False
LOC100652758	ENHA_SP1;HDAC2	7.97582818329573	4.60236598857417e-34	False	((1.1333333333333335, 0.5789473684210527), array([ 0.00204937, -0.21560326]))	False
LOC100652758	ENHA_RELA;HDAC2	1.18746208600471	0.105482312234408	False	((1.1666666666666667, 0.4342105263157896), array([ 0.00204937, -0.21560326]))	False
LOC100652758	ENHA_ZBTB7A;HDAC2	1.79451069101994	3.63191626896522e-10	False	((1.1, 0.9842105263157896), array([ 0.00204937, -0.21560326]))	False
LOC100652758	ENHA_PRDM1;HDAC2	1.992025439946	5.0293640221309894e-11	False	((1.1, 0.3763157894736844), array([ 0.00204937, -0.21560326]))	False
LOC100652758	ENHA_KLF5;HDAC2	1.8386642763239	3.12414093969477e-10	False	((1.1, -0.31842105263157894), array([ 0.00204937, -0.21560326]))	False
LOC100652758	ENHA_KLF4;HDAC2	2.54947726552607	4.10519150861772e-18	False	((1.1666666666666667, -0.34736842105263155), array([ 0.00204937, -0.21560326]))	False
LOC100652758	ENHA_PRDM1;HDAC2	1.992025439946	5.0293640221309894e-11	False	((1.1, 0.3763157894736844), array([ 0.00204937, -0.21560326]))	False
LOC100652758	HDAC2;PROM_RFX5	0.919470062257384	0.532628162694236	False	(array([ 0.00204937, -0.21560326]), (-1.1, 0.4085714285714286))	False
LOC100652758	HDAC2;PROM_KLF5	0.976575597595577	0.813761647240497	False	(array([ 0.00204937, -0.21560326]), (-1.1333333333333335, -0.47142857142857153))	False
LOC100652758	HDAC2;PROM_SP1	2.17165979462036	2.88850773815627e-08	False	(array([ 0.00204937, -0.21560326]), (-1.1666666666666667, 0.5342857142857143))	False
LOC100652758	HDAC2;PROM_KLF4	0.884533994744582	0.20968624306186	False	(array([ 0.00204937, -0.21560326]), (-1.1, -0.5342857142857144))	False
LOC100652758	HDAC2;PROM_REST	1.01057712275672	0.92398955616235	False	(array([ 0.00204937, -0.21560326]), (-1.1, 0.21999999999999997))	False
LOC100652758	HDAC2;PROM_MYC	3.40077211605259	3.95794609463336e-28	False	(array([ 0.00204937, -0.21560326]), (-1.1, -0.15714285714285714))	False
LOC100652758	ENHA_NR2C2;KDM1A	1.72137815435542	7.6915864248166e-08	False	((1.1333333333333335, 0.2315789473684211), array([ 0.3925065 , -0.87286291]))	False
LOC100652758	ENHA_PRDM1;KDM1A	1.66745754329861	3.03576527585581e-08	False	((1.1, 0.3763157894736844), array([ 0.3925065 , -0.87286291]))	False
LOC100652758	ENHA_PRDM1;KDM1A	1.66745754329861	3.03576527585581e-08	False	((1.1, 0.3763157894736844), array([ 0.3925065 , -0.87286291]))	False
LOC100652758	ENHA_AR;KDM1A	1.48393214099517	0.0005654317824318	False	((1.1, -1.1), array([ 0.3925065 , -0.87286291]))	False
LOC100652758	ENHA_E2F4;HDAC1	1.65512871026208	5.84009683020348e-07	False	((1.1333333333333335, -0.9842105263157895), array([-0.26476388,  0.09219161]))	False
LOC100652758	ENHA_E2F1;HDAC1	1.58932396651993	3.62065947668317e-06	False	((1.1, -1.0131578947368423), array([-0.26476388,  0.09219161]))	False
LOC100652758	ENHA_TFDP1;HDAC1	1.32286302528266	0.0203762387501792	False	((1.1333333333333335, 0.8394736842105264), array([-0.26476388,  0.09219161]))	False
LOC100652758	ENHA_E2F6;HDAC1	1.93556445864476	3.1285863070135097e-12	False	((1.1666666666666667, -0.9552631578947369), array([-0.26476388,  0.09219161]))	False
LOC100652758	ENHA_STAT1;HDAC1	2.18201551717325	1.1508421275178801e-15	False	((1.1666666666666667, 0.6947368421052633), array([-0.26476388,  0.09219161]))	False
LOC100652758	ENHA_SP1;HDAC1	7.63089871886942	7.8299407755641205e-31	False	((1.1333333333333335, 0.5789473684210527), array([-0.26476388,  0.09219161]))	False
LOC100652758	ENHA_KLF5;HDAC1	1.73427142169841	1.56254429661003e-08	False	((1.1, -0.31842105263157894), array([-0.26476388,  0.09219161]))	False
LOC100652758	ENHA_E2F6;HDAC1	1.93556445864476	3.1285863070135097e-12	False	((1.1666666666666667, -0.9552631578947369), array([-0.26476388,  0.09219161]))	False
LOC100652758	ENHA_REST;HDAC1	1.97140346557803	5.61021011481832e-12	False	((1.1, 0.4631578947368422), array([-0.26476388,  0.09219161]))	False
LOC100652758	ENHA_SP1;HDAC1	7.63089871886942	7.8299407755641205e-31	False	((1.1333333333333335, 0.5789473684210527), array([-0.26476388,  0.09219161]))	False
LOC100652758	ENHA_RELA;HDAC1	1.22652115325142	0.0536929637339648	False	((1.1666666666666667, 0.4342105263157896), array([-0.26476388,  0.09219161]))	False
LOC100652758	ENHA_NFKB1;HDAC1	2.85792529332149	2.5655768274103902e-20	False	((1.1666666666666667, 0.08684210526315783), array([-0.26476388,  0.09219161]))	False
LOC100652758	ENHA_ZBTB7A;HDAC1	1.71147719738687	8.123098334928061e-09	False	((1.1, 0.9842105263157896), array([-0.26476388,  0.09219161]))	False
LOC100652758	ENHA_KLF5;HDAC1	1.73427142169841	1.56254429661003e-08	False	((1.1, -0.31842105263157894), array([-0.26476388,  0.09219161]))	False
LOC100652758	ENHA_STAT1;HDAC1	2.18201551717325	1.1508421275178801e-15	False	((1.1666666666666667, 0.6947368421052633), array([-0.26476388,  0.09219161]))	False
LOC100652758	ENHA_AR;HDAC1	1.39158382604241	0.0007463803590843	False	((1.1, -1.1), array([-0.26476388,  0.09219161]))	False
LOC100652758	ENHA_STAT1;HDAC1	2.18201551717325	1.1508421275178801e-15	False	((1.1666666666666667, 0.6947368421052633), array([-0.26476388,  0.09219161]))	False
LOC100652758	ENHA_NFKB1;HDAC1	2.85792529332149	2.5655768274103902e-20	False	((1.1666666666666667, 0.08684210526315783), array([-0.26476388,  0.09219161]))	False
LOC100652758	HDAC1;PROM_E2F6	1.02654221272096	0.813161134874615	False	(array([-0.26476388,  0.09219161]), (-1.1, -1.1))	False
LOC100652758	HDAC1;PROM_RFX1	1.24879282971141	0.280247226236133	False	(array([-0.26476388,  0.09219161]), (-1.1333333333333335, 0.2828571428571429))	False
LOC100652758	HDAC1;PROM_KLF5	0.958136119329185	0.670861315441857	False	(array([-0.26476388,  0.09219161]), (-1.1333333333333335, -0.47142857142857153))	False
LOC100652758	HDAC1;PROM_SP1	1.95863985103324	2.34059912849839e-06	False	(array([-0.26476388,  0.09219161]), (-1.1666666666666667, 0.5342857142857143))	False
LOC100652758	HDAC1;PROM_REST	1.00710020674904	0.961959793766783	False	(array([-0.26476388,  0.09219161]), (-1.1, 0.21999999999999997))	False
LOC100652758	HDAC1;PROM_MYC	3.3070352100038	5.29546830236236e-27	False	(array([-0.26476388,  0.09219161]), (-1.1, -0.15714285714285714))	False
LOC100652758	HDAC2;PROM_RREB1	1.01908000217696	0.875883644138749	False	(array([ 0.00204937, -0.21560326]), (-1.1333333333333335, 0.47142857142857153))	False
LOC100652758	KDM1A;PROM_RREB1	1.0999297054934	0.366251200289674	False	(array([ 0.3925065 , -0.87286291]), (-1.1333333333333335, 0.47142857142857153))	False
LOC100652758	HDAC1;PROM_RREB1	1.00801123981087	0.958572061877785	False	(array([-0.26476388,  0.09219161]), (-1.1333333333333335, 0.47142857142857153))	False
LOC100652758	ENHA_ZNF148;HDAC3	1.99694685202372	5.10089626655958e-13	False	((1.1666666666666667, 1.0421052631578949), array([ 0.25794764, -0.52164827]))	False
LOC100652758	ENHA_STAT1;HDAC3	2.2334007802306	7.0363636150114e-17	False	((1.1666666666666667, 0.6947368421052633), array([ 0.25794764, -0.52164827]))	False
LOC100652758	ENHA_ZNF148;HDAC3	1.99694685202372	5.10089626655958e-13	False	((1.1666666666666667, 1.0421052631578949), array([ 0.25794764, -0.52164827]))	False
LOC100652758	ENHA_RELA;HDAC3	1.14756147712793	0.209925780644374	False	((1.1666666666666667, 0.4342105263157896), array([ 0.25794764, -0.52164827]))	False
LOC100652758	ENHA_NFKB1;HDAC3	2.75726638273351	1.56700519708889e-20	False	((1.1666666666666667, 0.08684210526315783), array([ 0.25794764, -0.52164827]))	False
LOC100652758	ENHA_NR2C2;HDAC3	1.57275469960686	1.52287845082168e-06	False	((1.1333333333333335, 0.2315789473684211), array([ 0.25794764, -0.52164827]))	False
LOC100652758	ENHA_NR2C1;HDAC3	1.56603968330488	6.34315645704542e-06	False	((1.1, 0.2026315789473685), array([ 0.25794764, -0.52164827]))	False
LOC100652758	ENHA_THRB;HDAC3	1.37482086201223	0.0023796213537273	False	((1.1666666666666667, 0.868421052631579), array([ 0.25794764, -0.52164827]))	False
LOC100652758	ENHA_STAT1;HDAC3	2.2334007802306	7.0363636150114e-17	False	((1.1666666666666667, 0.6947368421052633), array([ 0.25794764, -0.52164827]))	False
LOC100652758	ENHA_AR;HDAC3	1.37833090613266	0.001307272968884	False	((1.1, -1.1), array([ 0.25794764, -0.52164827]))	False
LOC100652758	ENHA_STAT1;HDAC3	2.2334007802306	7.0363636150114e-17	False	((1.1666666666666667, 0.6947368421052633), array([ 0.25794764, -0.52164827]))	False
LOC100652758	ENHA_NFKB1;HDAC3	2.75726638273351	1.56700519708889e-20	False	((1.1666666666666667, 0.08684210526315783), array([ 0.25794764, -0.52164827]))	False
LOC100652758	HDAC3;PROM_ZNF148	1.31751931078687	0.0123547466014535	False	(array([ 0.25794764, -0.52164827]), (-1.1666666666666667, 0.9114285714285715))	False
LOC100652758	HDAC3;PROM_MYC	3.39205631146897	4.72078764291136e-28	False	(array([ 0.25794764, -0.52164827]), (-1.1, -0.15714285714285714))	False
LOC100652758	HDAC3;PROM_RREB1	1.03317014214366	0.754194521756851	False	(array([ 0.25794764, -0.52164827]), (-1.1333333333333335, 0.47142857142857153))	False
