promoter	protein	is_enhancer	is_promoter	is_intermediate	X-graph-coord	Y-graph-coord	degree	expression_log2FoldChange	expression_padj	SNP-binding	Betweenness_global	Degree_global	Betweenness_in_cluster	Betweenness_out_cluster	Betweenness_enrichment	Degree_in_cluster	Degree_out_cluster	Degree_enrichment	Betweenness_enrichment_pval	Degree_enrichment_pval	fisher_test_OR	fisher_test_pval
LYPD3	ENHA_SNAI2	True	False	False	1.1666666666666667	0.5342857142857143	1	-7.39045172449115	2.3935402877077702e-54	False											0.573020494009773	1.4330236201478e-07
LYPD3	ENHA_ZNF460	True	False	False	1.1666666666666667	1.1	1	1.21538597859962	5.59628789323162e-05	False											1.65312283717798	2.70282442138197e-06
LYPD3	ENHA_KLF11	True	False	False	1.1666666666666667	-0.5971428571428572	4	-0.441334750720284	0.0038049154602967	False											0.9578443739859965	0.04004033737850195
LYPD3	ENHA_BHLHE40	True	False	False	1.1333333333333335	-1.0371428571428571	10	-1.37363614579217	3.27551851152468e-34	False											0.256147889510676	3.3264425642068356e-10
LYPD3	ENHA_MEF2A	True	False	False	1.1333333333333335	-0.0942857142857143	6	-1.40227039880436	1.06339595756953e-41	False											0.3622496846219525	3.496853482050512e-20
LYPD3	ENHA_TCF3	True	False	False	1.1	0.7857142857142858	11	-0.618416770768274	3.12037583302014e-13	False											0.605359577639372	2.04495263024147e-06
LYPD3	ENHA_MEF2C	True	False	False	1.1666666666666667	-0.03142857142857136	2	1.46699496505546	0.582772779974055	False											0.345127067619736	4.498977004029591e-16
LYPD3	ENHA_KLF4	True	False	False	1.1666666666666667	-0.4085714285714286	9	-4.0236383329462	1.2985292682091302e-211	False											0.992632798574656	0.395771292939749
LYPD3	ENHA_MAX	True	False	False	1.1	-0.15714285714285714	13	0.371354138784978	0.0003333213229736	False											0.338821659000058	2.8950848749353604e-15
LYPD3	ENHA_SP3	True	False	False	1.1333333333333335	0.6600000000000001	3	-0.775224946273101	3.1953368976117602e-21	False											0.821906760355832	0.0009639674629643
LYPD3	ENHA_HES1	True	False	False	1.1333333333333335	-0.8485714285714286	3	-3.39534238338495	1.54205368948807e-57	False											0.273482916235148	2.12660350166218e-09
LYPD3	ENHA_FOXA1	True	False	False	1.1	-0.9114285714285715	4	5.7014164002563	0.0	False											0.409945844514568	4.45418482374907e-15
LYPD3	ENHA_KLF9	True	False	False	1.1666666666666667	-0.21999999999999997	1	0.780085327606089	4.63130065865619e-16	False											1.13701430560578	0.241954099253998
LYPD3	ENHA_HIF1A	True	False	False	1.1333333333333335	-0.66	19	-2.80152827356753	0.0	False											0.112601766598679	6.20587125276202e-16
LYPD3	ENHA_MYC	True	False	False	1.1	0.21999999999999997	44	0.678826795642739	2.0942350848026002e-26	False											0.1791720812737995	8.552647807969966e-18
LYPD3	ENHA_HES6	True	False	False	1.1666666666666667	-0.7857142857142858	1	2.39948862765008	4.90671225291565e-102	False											0.220656830168315	1.0811303452422098e-11
LYPD3	ENHA_TFAP2A	True	False	False	1.1666666666666667	0.9114285714285715	11	-3.2635472309405	5.28479283829799e-135	False											0.762170565577007	0.0112789312452215
LYPD3	ENHA_HEY1	True	False	False	1.1	-0.7228571428571429	1	0.945706919884545	0.333707818802522	False											0.203444941799845	4.71834996165841e-20
LYPD3	ENHA_SREBF1	True	False	False	1.1666666666666667	0.7228571428571429	7	2.33049101833238	6.57549062582311e-219	False											0.278808454774256	4.30125123724019e-19
LYPD3	ENHA_POU2F2	True	False	False	1.1	0.4085714285714286	5	0.0211567803891983	0.984168727472528	False											0.315403015716067	2.07072280606843e-17
LYPD3	ENHA_NR2C2	True	False	False	1.1333333333333335	0.2828571428571429	5	1.21967989309265	1.37592237798234e-17	False											0.356728151964644	5.71819389871168e-14
LYPD3	ENHA_SP1	True	False	False	1.1	0.5971428571428572	35	-0.733707104214519	4.5131323926585794e-18	False											1.95768336669943	7.51167997920963e-07
LYPD3	ENHA_MXI1	True	False	False	1.1666666666666667	0.15714285714285703	1	1.26483963834969	3.33107882665162e-25	False											0.308695618902639	6.49083087553885e-23
LYPD3	ENHA_KLF2	True	False	False	1.1	-0.5342857142857144	4	2.91214006178269	1.1394009815664e-06	False											1.121269574521637	0.31354033671305387
LYPD3	ENHA_TCF4	True	False	False	1.1333333333333335	0.8485714285714285	22	-0.234793954519332	0.642460693171194	False											0.6344091695128705	0.00017460198358885
LYPD3	ENHA_MEF2D	True	False	False	1.1	0.03142857142857136	6	0.500004162655206	3.04575796645284e-06	False											0.31686107903752747	6.3524127690023075e-22
LYPD3	ENHA_ZEB1	True	False	False	1.1333333333333335	1.0371428571428574	4	-0.292547712357605	0.878084518955477	False											0.6291180405834644	3.792530385683586e-05
LYPD3	ENHA_MNT	True	False	False	1.1333333333333335	0.0942857142857143	1	1.33473747373846	2.7998515649487704e-25	False											0.130423477329402	4.8706650422359206e-15
LYPD3	ENHA_KLF6	True	False	False	1.1333333333333335	-0.2828571428571429	5	-3.57376949918831	9.94736614463194e-290	False											0.914769588215444	0.12767975766721
LYPD3	ENHA_ARNT2	True	False	False	1.1	-1.1	2	3.26941777248176	7.15857420961636e-52	False											0.2095058245842515	4.277621330115035e-13
LYPD3	ENHA_KLF3	True	False	False	1.1333333333333335	-0.47142857142857153	4	-1.197333279171	1.34181289785449e-37	False											0.762527775918886	0.0311604696583132
LYPD3	ENHA_BHLHE41	True	False	False	1.1666666666666667	-0.9742857142857144	2	-0.0505042334348659	0.967915238998344	False											0.228934368789948	2.4123580671693458e-09
LYPD3	ENHA_KLF5	True	False	False	1.1	-0.34571428571428575	22	-5.67652439532414	1.21080876011697e-253	False											1.04522005234207	0.37125250430012247
LYPD3	ENHA_RORA	True	False	False	1.1333333333333335	0.47142857142857153	3	0.0785023055402273	0.869885843686812	False											0.228802009408202	1.12643879510289e-12
LYPD3	ENHA_TGIF1	True	False	False	1.1	0.9742857142857142	8	-1.20350404197994	3.7085419261577503e-25	False											0.408954560706779	1.3090037924729582e-09
LYPD3	ENHA_PAX9	True	False	False	1.1666666666666667	0.34571428571428564	1	-1.10262557438442	1.73279193476292e-07	False											0.363442525859606	2.32675459776409e-05
LYPD3	PROM_TFAP2A	False	True	False	-1.1333333333333335	0.6741935483870967	11	-3.2635472309405	5.28479283829799e-135	False											1.29668489381761	2.74788497357739e-05
LYPD3	PROM_RFX5	False	True	False	-1.1666666666666667	0.1064516129032258	2	1.40907204845787	1.98813036760513e-40	False											0.6241513908900185	0.2597089266020427
LYPD3	PROM_EGR1	False	True	False	-1.1	-0.8870967741935485	12	-3.04567725393117	0.0	False											1.9042572212865099	1.5713145369672427e-11
LYPD3	PROM_KLF10	False	True	False	-1.1666666666666667	-0.7451612903225807	3	-1.93024821190597	1.00083757814832e-81	False											1.30408482827975	0.0167704612173982
LYPD3	PROM_KLF11	False	True	False	-1.1	-0.6741935483870969	4	-0.441334750720284	0.0038049154602967	False											1.34980780024849	0.00718004348813555
LYPD3	PROM_SP1	False	True	False	-1.1333333333333335	0.24838709677419346	35	-0.733707104214519	4.5131323926585794e-18	False											2.01163924600031	1.98839349546074e-10
LYPD3	PROM_KLF5	False	True	False	-1.1666666666666667	-0.3193548387096775	22	-5.67652439532414	1.21080876011697e-253	False											2.61218663536959	2.3581328066694046e-16
LYPD3	PROM_SP2	False	True	False	-1.1666666666666667	0.3193548387096774	4	-0.0147266859935625	0.930346069146716	False											1.11647856018832	0.16509464600768578
LYPD3	PROM_KLF2	False	True	False	-1.1666666666666667	-0.5322580645161291	4	2.91214006178269	1.1394009815664e-06	False											1.8541394736463102	4.650245826592904e-07
LYPD3	PROM_ZNF740	False	True	False	-1.1333333333333335	1.1	1	0.193961958381287	0.0628387066614002	False											1.60090195871428	9.48543851756965e-06
LYPD3	PROM_E2F4	False	True	False	-1.1333333333333335	-1.0290322580645161	10	-0.997654425537182	5.94541298065313e-24	False											0.8042612527829185	0.039333689540809395
LYPD3	PROM_TCF3	False	True	False	-1.1666666666666667	0.532258064516129	11	-0.618416770768274	3.12037583302014e-13	False											1.07988165022706	0.106501052199389
LYPD3	PROM_SP4	False	True	False	-1.1333333333333335	0.46129032258064506	2	-0.817158610473196	7.14173690207365e-06	False											1.48013451056732	0.006216000448982405
LYPD3	PROM_TCF4	False	True	False	-1.1	0.6032258064516127	22	-0.234793954519332	0.642460693171194	False											0.6764125829982355	0.00802504686801605
LYPD3	PROM_E2F1	False	True	False	-1.1	-1.1	11	-1.58598313818408	1.07173313586322e-50	False											0.979835295094413	0.28302608354551
LYPD3	PROM_KLF6	False	True	False	-1.1	-0.24838709677419368	5	-3.57376949918831	9.94736614463194e-290	False											1.18146825771288	1.1708756010117201e-10
LYPD3	PROM_MAZ	False	True	False	-1.1333333333333335	-0.17741935483870974	2	1.17636897308062	2.95636464524114e-88	False											2.080264034405111	0.355227296270716
LYPD3	PROM_NR2F1	False	True	False	-1.1666666666666667	-0.10645161290322591	2	2.15204275920652	0.261152651338228	False											0.661898130841818	0.14733512557104558
LYPD3	PROM_KLF4	False	True	False	-1.1333333333333335	-0.39032258064516134	9	-4.0236383329462	1.2985292682091302e-211	False											1.96460186962762	2.29616048326621e-09
LYPD3	PROM_ESRRA	False	True	False	-1.1333333333333335	-0.8161290322580645	6	1.10409017357047	9.40917820554554e-34	False											0.7841826550613755	0.5156501959648665
LYPD3	PROM_ZNF148	False	True	False	-1.1666666666666667	0.9580645161290322	5	-0.834924716402328	2.2398601186884702e-14	False											1.44295776802734	0.0008059797889899
LYPD3	PROM_E2F6	False	True	False	-1.1666666666666667	-0.9580645161290323	4	-0.254228650675088	0.250420646955463	False											0.406151121339563	1.8491646671641002e-08
LYPD3	PROM_ZNF143	False	True	False	-1.1333333333333335	0.8870967741935483	1	0.199771136687369	0.27348045140562	False											0.636440548455794	0.243420093775948
LYPD3	PROM_RREB1	False	True	False	-1.1	0.17741935483870952	4	-0.0735253190793003	0.467070376592638	False											1.3464471009780952	0.0102144361351308
LYPD3	PROM_RFX1	False	True	False	-1.1	-0.03548387096774208	4	0.448877259836791	0.015588998058263	False											0.8320531448094786	0.5763898135854315
LYPD3	PROM_ZNF460	False	True	False	-1.1	1.029032258064516	1	1.21538597859962	5.59628789323162e-05	False											1.79544406940855	6.90275994750532e-08
LYPD3	PROM_SP3	False	True	False	-1.1	0.3903225806451611	3	-0.775224946273101	3.1953368976117602e-21	False											1.64369044518856	2.40060594034867e-07
LYPD3	PROM_KLF3	False	True	False	-1.1	-0.4612903225806453	4	-1.197333279171	1.34181289785449e-37	False											1.20158640150146	0.1731121776423282
LYPD3	PROM_RFX3	False	True	False	-1.1333333333333335	0.03548387096774186	3	1.29518564494931	2.61532881750928e-09	False											0.693957903772972	0.0908226642412661
LYPD3	PROM_THAP1	False	True	False	-1.1	0.8161290322580645	6	-0.731260560585431	0.000533619784927	False											0.901595776213724	0.306001739678964
LYPD3	PROM_TFAP2C	False	True	False	-1.1666666666666667	0.7451612903225806	6	-0.853382865494771	5.1225313213023e-10	False											1.22759258998492	0.0029330453682404503
LYPD3	PROM_KLF15	False	True	False	-1.1333333333333335	-0.603225806451613	2	4.1833301961753	7.76478681528587e-34	False											2.20905840143551	6.922317370141917e-11
LYPD3	GSK3B	False	False	True	-0.18386430832924217	-0.3339544642254778	4	0.0399317826177692	0.626089063761022	False	0.0052931514382885	0.0160689333954355	0.0106992019301358	0.0135247354900999	0.791084005891843	0.0253404573284567	0.030252554892628	0.837630323071713	1.0	1.0	0.838419170801882	0.180039002008476
LYPD3	JUN	False	False	True	0.6452771075709075	-0.32368906049728174	9	1.11265479843166	9.128250855418809e-40	False	0.0145427969332236	0.0353982300884956	0.0319443512742044	0.0274652310835097	1.16308328799695	0.0559711084965861	0.0632950702667339	0.884288590892092	0.0	1.0	3.38549445971854	1.85474324525996e-06
LYPD3	EPAS1	False	False	True	-0.9354256967799742	0.1914515959179343	4	-7.27768148408164	2.43416737279756e-281	False	0.0003926806833764	0.0048905449464368	0.0023053555352168	0.0010003060847581	2.30465011694311	0.0165788466039668	0.012988460707153	1.27642889929494	0.0	0.0	0.301789615549083	2.1816255169706403e-25
LYPD3	TRRAP	False	False	True	0.9420128963574862	0.3812100279923472	3	-0.67633033875942	2.6959646012084904e-15	False	0.0016897189847725	0.0100139729855612	0.0006184442433574	0.0005044222886256	1.22604464018138	0.0120161174386295	0.0112729222952027	1.06592746086284	0.001	0.031	0.400750902176705	6.2718379552269404e-15
LYPD3	FUS	False	False	True	-0.04559241491213394	-0.9575218262911335	2	-0.424343343328621	5.60464005694987e-09	False	0.0010487463796063	0.0095482068001863	0.0016124198178647	0.0014552419637167	1.10800805506364	0.0127981632654813	0.0108545766040111	1.17905688378043	0.115	0.053	0.23421380576798	2.8096912252132404e-15
LYPD3	CTNNB1	False	False	True	0.5201931813739366	-0.6883773281363559	6	-0.468896151312309	1.7860692840245302e-14	False	0.0131809401522386	0.0353982300884956	0.0089286797189795	0.0091894934326667	0.97161827084396	0.0301266346325204	0.0337005861587944	0.89394987050273	0.733	1.0	1.11403042135561	0.571926826042696
LYPD3	NCOR2	False	False	True	-0.3928513038848862	-0.8776658562845725	5	0.571475425858465	1.41773060836332e-19	False	0.0017252291936626	0.0132743362831858	0.0129763312728699	0.0160313807516244	0.80943316573372	0.041784634873232	0.0495077262613375	0.844002300825988	1.0	1.0	1.46084166802012	0.148761047822407
LYPD3	GTF3C1	False	False	True	0.86673698188331	-0.3351215126714955	3	1.17174700804346	2.28001937563383e-52	False	0.0005273850570169	0.003959012575687	0.0010223766329626	0.0005200229432077	1.96602216559153	0.0106682386138921	0.0073368405655939	1.4540643916839	0.0	0.0	0.192341318008059	4.99338520194278e-15
LYPD3	POU2F1	False	False	True	-0.2880014161887163	-0.929556517271726	3	-0.0730220925286118	0.627787826626805	False	0.0007839568830196	0.0048905449464368	0.0176742748644434	0.0065370095080511	2.70372482136904	0.022645859309284	0.0194484581112674	1.16440384012572	0.0	0.0	1.14545348730957	0.305891213052812
LYPD3	MEN1	False	False	True	-0.5797038184192863	0.6602657446076522	3	0.263919472017888	0.0304959486662051	False	0.0004313866543408	0.0058220773171867	0.0013145706632104	0.0021609825667204	0.608320808994514	0.0183018202968351	0.0200035713390101	0.914927639003325	1.0	1.0	0.432952564493572	4.3859142098791705e-15
LYPD3	SIN3A	False	False	True	-0.360285989625288	0.5378836001350658	6	-0.0161271627103405	0.88225146523664	False	0.0016684279251222	0.0139729855612483	0.0219625427609848	0.0108056278314726	2.03250964252316	0.022111409096204	0.0209463452750007	1.05562134137996	0.0	0.02	0.850368347949237	0.131686302434229
LYPD3	JUND	False	False	True	0.9617730027942711	-0.020120640272839496	2	1.49686913023121	2.5156694931318598e-49	False	0.0001870371701645	0.0051234280391243	0.0012957850367447	0.0021479164973424	0.603275331395787	0.0187859139500411	0.0211848698615293	0.886760885142626	1.0	1.0	0.662746150481115	0.0002369811006931
LYPD3	FHL3	False	False	True	0.8042017362230316	-0.5151806537613208	3	-3.5840063908427	2.03648255717975e-64	False	0.0015686241568565	0.0086166744294364	0.009271184533448	0.0069448133061372	1.33497966392487	0.0171575304622596	0.0153376172926694	1.11865683794705	0.001	0.0	0.632532103977446	1.53262742844469e-05
LYPD3	HDAC3	False	False	True	0.48541527750444935	-0.8542645561996335	6	-0.589406036685141	5.91608027619659e-08	False	0.0027901513685901	0.0179319981369353	0.0102787696969284	0.0117504828632432	0.874752962627738	0.034373390616215	0.0425497879074253	0.80783929384091	1.0	1.0	0.966836783969259	0.85072680970435
LYPD3	TCEA2	False	False	True	-0.5846397984116224	0.8129499752871577	3	1.89537860951884	2.9451952794981e-45	False	0.0007159055161294	0.0037261294829995	0.0025147155562424	0.0011486053144907	2.18936437479162	0.0143531597786832	0.0089344936897162	1.60648832235496	0.001	0.0	0.51166602790828	2.66965242604516e-05
LYPD3	MAGED1	False	False	True	0.6611640113420897	0.5722288465884421	2	2.01757431946547	9.39899259804702e-138	False	0.0010933214247494	0.0095482068001863	0.0005191710127632	0.0001742312979265	2.97978043521257	0.0111111111111111	0.005915644787933	1.8782586699215	0.028	0.005	0.114616908544264	0.0040024656198599
LYPD3	UTP23	False	False	True	0.39368509043753935	0.8740937067522232	3	1.06158093107809	5.47183302332604e-16	False	9.04376779659003e-05	0.0018630647414997	0.0010422871691614	0.0003464942354121	3.00809382274941	0.0133207225184467	0.0075220344809661	1.77089357302917	0.0	0.0	0.203422277844843	2.13793519862909e-07
LYPD3	UBA52	False	False	True	-0.22317249034230335	-0.8474009284841714	3	0.801805943562977	3.28470236746814e-39	False	0.004887844788234	0.02026082906381	0.0012297965124236	0.0016960365458809	0.725100243512038	0.0182321290712488	0.019552238168257	0.932482967645547	1.0	0.998	0.553526890322755	6.79793965384649e-08
LYPD3	NR2C2AP	False	False	True	-0.9669121455965352	-0.056257353533921	3	-0.346975549804049	0.005158721265867	False	2.11484251334038e-05	0.0009315323707498	0.0013228588572796	0.0008255426307247	1.60241132080401	0.013507272351958	0.0105223781015598	1.28367106956134	0.013	0.0	0.638132261351923	0.0002512950360052
LYPD3	BCOR	False	False	True	0.19368438856415132	0.7207063526136903	4	1.0966384557434	1.3129230715684799e-27	False	0.0006125205924623	0.0048905449464368	0.0016078257444961	0.00070884926911	2.26821951374046	0.0192963858070751	0.0146727333529655	1.31511868599283	0.0	0.0	1.02830897610225	0.825624018351686
LYPD3	TFDP1	False	False	True	0.9517283626420193	-0.19344557710655122	2	-1.49951127569777	7.75563052587775e-94	False	0.0002703610900539	0.0048905449464368	0.0010816185992054	0.0009410273480513	1.14940187598715	0.0143555589744829	0.0117572510034317	1.2209962150415	0.125	0.0	0.324979075047934	1.8265224239549897e-11
LYPD3	PRKAA1	False	False	True	-0.9742736923673133	-0.23130440021609946	2	0.90974191642094	5.4243521975481805e-31	False	0.0020552776053732	0.0107126222636237	0.0006204006845992	0.0007907769722998	0.784545714318026	0.0089236381040233	0.0075429431098901	1.18304459864253	0.444	0.077	0.254218203665342	2.35778547224891e-05
LYPD3	BANP	False	False	True	0.2647059220610291	0.9159158886828495	4	1.03147931128972	4.54094624310695e-10	False	0.0022799162916786	0.0097810898928737	0.0096499971678809	0.0085177123869523	1.13293296715008	0.0208062286720461	0.0190848059604387	1.09019859647386	0.007	0.0	0.905109676426736	0.381666738518329
LYPD3	FBXW7	False	False	True	0.4642524149913661	-0.7110874466580296	6	-0.570085961016235	0.0019896081047041	False	0.0005999955155609	0.0055891942244993	0.0030599432606042	0.0030607440100706	0.999738380778067	0.0242224085276937	0.0222223079095463	1.09000418076685	0.444	0.0	1.40898999773296	0.0058674140818667
LYPD3	PNRC2	False	False	True	-0.6576371990393376	-0.6590654378087429	2	0.190225685180072	0.0428370987188711	False	3.48777278949944e-05	0.0018630647414997	0.0002679618816022	0.0003624780655969	0.7392499216771	0.0116843827053697	0.0099502343166199	1.17428216598408	0.782	0.08	0.227368388888436	7.79387202603582e-05
LYPD3	PGR	False	False	True	-0.38343168493461394	0.6716555692327882	3	5.80963764271917	0.0064872027649124	False	0.0005531511552005	0.0041918956683744	0.0197570094903051	0.013715784585962	1.44045784376974	0.0238984074042446	0.0187651752949838	1.27355098092971	0.0	0.0	1.82055800573555	6.39069335855206e-06
LYPD3	AR	False	False	True	-0.24267058342182413	-0.5921557450976757	4	0.367597826345658	8.286257086481861e-10	False	0.0108176748248939	0.032137866790871	0.0129653267669089	0.0107088236812551	1.21071437468932	0.0327275197650183	0.0339168267329858	0.96493460377852	0.001	0.935	1.08835033531449	0.648875911028843
LYPD3	KDM1A	False	False	True	-0.8761435063346438	0.5593497404559242	2	-0.670934478872568	5.0145131760153505e-15	False	0.0031411132528589	0.0135072193758733	0.0023004354211982	0.0034726343289095	0.66244677766594	0.020695689193426	0.0246239999168123	0.840468212448935	1.0	1.0	0.711025876642905	0.0015209173826307
LYPD3	RB1	False	False	True	-0.7994159489972074	-0.027363123272788902	5	-1.5013365127823	7.728855634830599e-57	False	0.0106136889179788	0.0274802049371216	0.0048950370532588	0.0059420161554037	0.823800697479963	0.0320768745845657	0.037467536850692	0.856124455482407	1.0	1.0	0.519861555996398	2.67054436051428e-06
LYPD3	KDM5B	False	False	True	0.6225033046007363	0.8063744802447053	3	-0.428561805309032	3.40144853077765e-06	False	0.0005023608265197	0.0020959478341872	0.002976867403813	0.0018123462086707	1.64254897302237	0.019947444817789	0.0136972259596163	1.45631275096143	0.0	0.0	1.0054855165361	1.0
LYPD3	CDC73	False	False	True	-0.7790856864686077	0.6225906561366841	2	-0.117044886949135	0.253057671818003	False	0.0019809884173459	0.0090824406148113	0.0012825949824939	0.0012831010506342	0.999605589801347	0.0121183189241666	0.0087778598935754	1.38055506365921	0.442	0.0	0.18447754063426	7.582510768111741e-17
LYPD3	CDK4	False	False	True	-0.9096717960033684	0.4509925105651877	2	-0.0100528045118121	0.907098007401767	False	0.0029338612545201	0.0130414531904984	0.0025124728611212	0.0015326373760316	1.63931331730052	0.0114235987703745	0.0090894815983616	1.25679321166496	0.0	0.0	0.34213197614079	5.53298218439815e-17
LYPD3	HMGA1	False	False	True	-0.19078573431968202	-0.9446990388079108	4	-1.57071891492196	4.65235572724233e-125	False	0.0017382133709464	0.011877037727061	0.0036931627506788	0.0038703463419072	0.954220223314423	0.0207319457485173	0.0232894110165454	0.890187636509518	0.62	1.0	0.348254329805824	5.821104357230401e-20
LYPD3	HCFC1	False	False	True	-0.6727399864093065	0.7502576941050322	4	0.644462267402827	3.83480039559566e-19	False	0.0017508014722998	0.0104797391709362	0.0088605916040109	0.007051491479489	1.25655567049668	0.0310244749508951	0.0318712944351968	0.973430025378368	0.0	0.894	0.909904292236238	0.551978733259083
LYPD3	RBPJ	False	False	True	0.953040760550128	0.1454356767265438	2	0.115047690168036	0.250723186308428	False	0.0048860343121578	0.0170004657661854	0.005927522783213	0.0059250165659594	1.00042298907112	0.0165540001450941	0.0156401446070236	1.05843012075861	0.483	0.124	0.261958531171833	4.07348023981249e-22
LYPD3	PPARG	False	False	True	0.44749911578453183	0.6745605087482585	8	-1.40165572190257	4.78642753115274e-07	False	0.0003631448695647	0.0081509082440614	0.0064037818451966	0.0038890707531228	1.64660975634209	0.0455013170812394	0.0412707524459005	1.10250757218164	0.0	0.0	1.80105004816759	0.0011567338464728
LYPD3	ESR2	False	False	True	0.8351417492086624	0.5994129681547338	4	3.10191642117498	0.0302281855584287	False	0.0001025395504111	0.003959012575687	0.0008193428653553	0.0002452570481957	3.34075155589958	0.0217086254012387	0.0151387578210245	1.43397666161817	0.0	0.0	2.00583847000234	2.65292835737962e-10
LYPD3	CDKN1B	False	False	True	-0.8447314307710082	0.145958730459454	2	0.831115977150228	2.2713883223416997e-19	False	0.0018546681024258	0.0116441546343735	0.0011012009364999	0.0013511389483372	0.815016795907704	0.0125840423520428	0.0114271919963782	1.10123662541342	0.881	0.016	0.230751888248098	9.218020099583171e-19
LYPD3	PML	False	False	True	-0.6225688095273006	0.2360026674822723	5	-2.18992362608411	1.03650737112858e-89	False	0.0080007858007285	0.0225896599906847	0.0068393440960751	0.0075260128103459	0.908760623775869	0.0300242629307394	0.035392750458422	0.848316746843699	0.978	1.0	0.518700013493188	1.47284447084074e-05
LYPD3	CTBP2	False	False	True	-0.8846558828044134	-0.4595624665677405	4	-0.636496983434864	1.21583987520929e-16	False	0.0020396235614775	0.0090824406148113	0.0033053582892267	0.0038009589669028	0.86961167379297	0.0166632227981886	0.0149748187508728	1.1127495481184	0.924	0.001	0.918859050045818	0.4305632585613
LYPD3	CEBPA	False	False	True	0.5149401272589478	-0.5630456580878237	4	1.40831619900991	1.6381761926368402e-19	False	0.0004042997443073	0.0065207265952491	0.0012607713564171	0.0008121282229236	1.55242894019654	0.0157136052979715	0.0139575195201408	1.12581646583382	0.0	0.002	0.408030956477873	1.06303796826319e-16
LYPD3	PRKAA2	False	False	True	0.903665640623724	-0.056789677924423874	4	0.802705270898406	0.000509391035475	False	0.0014004189075656	0.0088495575221238	0.0012879097085203	0.0008956679514856	1.43793211131884	0.0184056748136879	0.0150999112216993	1.21892602833572	0.002	0.0	0.855934253274916	0.158629406514564
LYPD3	FLNA	False	False	True	-0.591779456530455	0.7632734256048435	3	-1.28804759127533	3.06495567485572e-85	False	0.004404098889545	0.0179319981369353	0.0008205817146186	0.000751941146228	1.0912844957813	0.0126394027277707	0.0110204046797817	1.14690912856941	0.137	0.0	0.157086621350588	6.995276153455e-36
LYPD3	TWIST1	False	False	True	0.5768725657792799	-0.5046391341546592	6	0.152160574972577	0.616322400300272	False	0.000994407299521	0.0037261294829995	0.0048812703647051	0.0041254540552272	1.1832080297974	0.0192598187924205	0.0174745420812908	1.10216443457142	0.032	0.0	0.324893909734288	2.52653436113842e-23
LYPD3	EED	False	False	True	-0.17168362589637443	0.30085937189858675	3	-0.659156004503179	0.0003311424878824	False	0.0143823329709244	0.0468095016301816	0.0019462054511357	0.0007549156568628	2.57804356479163	0.0164903964135366	0.0125034522071659	1.31886747278369	0.0	0.0	0.572501626860016	2.30003967984306e-07
LYPD3	TEAD2	False	False	True	0.9546662673845742	0.19919750330282923	2	-1.49345782959318	3.3648917275816095e-11	False	0.0017194040223882	0.0109455053563111	0.0071610768116209	0.0078826941628566	0.908455492966349	0.017183032452105	0.0186173112753369	0.922959937553822	0.8	0.949	0.306265883343728	6.114134348046181e-19
LYPD3	KAT5	False	False	True	-0.4682399697123789	-0.07639165347729548	4	0.958443941775026	7.157203753148591e-14	False	0.0060212975353292	0.0193292966930601	0.013733082541494	0.0126712824965565	1.08379578351489	0.0321179571677834	0.0356671660257712	0.900490864471168	0.032	1.0	1.10495013915976	0.623463757211959
LYPD3	PIAS1	False	False	True	-0.363035653591662	-0.47924722938880066	4	-1.1142071456845	4.61603218334455e-12	False	0.0017029410395588	0.0111783884489986	0.0042586033706897	0.0065894935158936	0.646271729445995	0.0229168950207495	0.0282188587769144	0.812112750622562	1.0	1.0	0.675018053312407	0.0020147961579863
LYPD3	NCOR1	False	False	True	0.8451005621719723	-0.13987034044968616	4	-0.370323041491951	2.40001047883083e-07	False	0.0026968289175194	0.0167675826734979	0.0079090560541885	0.0050512715213504	1.56575547775624	0.037372540682749	0.0362178684601474	1.03188128599761	0.0	0.059	2.24969895859827	0.0001514111895401
LYPD3	EP300	False	False	True	0.22014356238585672	-0.1449564400980034	23	-0.535208213230849	1.82065626800474e-10	False	0.0190185693756178	0.0461108523521192	0.101108719098449	0.101875225735608	0.992476025141302	0.13225025099308	0.15467182827704	0.855037743241779	0.62	1.0	0.814990248915113	0.58284758543517
LYPD3	PIN1	False	False	True	0.370248424714579	-0.8395333262214718	3	1.35168601477092	1.5096214004575798e-40	False	0.0056796859858937	0.0174662319515603	0.0050480387527965	0.0050041228239635	1.0087759494277	0.0196073648449329	0.0220785705299751	0.888072206409958	0.407	1.0	0.651111302474588	0.0001196858623121
LYPD3	XPO1	False	False	True	0.47582706497081256	0.8471986524718097	2	-1.17374503352712	1.46512044130184e-74	False	0.0030877196271084	0.011877037727061	0.0005116007634664	0.0005418290118244	0.944210723866151	0.0129543629976315	0.0129156701752319	1.00299580446656	0.757	0.469	0.353481360415786	8.7572442496584e-20
LYPD3	RARA	False	False	True	-0.12581932334901694	-0.9459418659164176	6	-0.134025346348399	0.470907401425808	False	0.0026740765613072	0.0142058686539357	0.0084194624300581	0.0062757029809893	1.34159670327975	0.0352754731455306	0.0329702508689722	1.06991825102331	0.0	0.001	2.08255626793395	2.60994785793417e-05
LYPD3	HDAC2	False	False	True	-0.3027644787091788	-0.14679867178391542	10	0.259535358284113	0.0008361525058334	False	0.0077091866883946	0.0300419189566837	0.0272424074701025	0.0225744288173332	1.20678169492311	0.0598159774330787	0.0597943502394345	1.00036169292847	0.0	0.477	2.02737120828796	0.0366876948131217
LYPD3	TXNL4B	False	False	True	-0.33957202534060243	0.9611679209279386	3	-0.688560600605407	0.0001220720913666	False	8.86079585476363e-06	0.0009315323707498	0.0002879437779667	0.0001655053854968	1.73978494477596	0.0119032298091447	0.0080400633964922	1.48048954618167	0.0	0.0	0.177286015387484	6.82468027482298e-17
LYPD3	ACTL6A	False	False	True	-0.8695338909284521	0.3693328179130689	3	-1.54420009437821	2.88549881150361e-72	False	0.0007622856747094	0.0093153237074988	0.0011346897118839	0.0007914913047333	1.43360982628382	0.0136542382383125	0.0106765330319679	1.2789018867294	0.0	0.0	0.305328205709175	7.95555146892273e-19
LYPD3	RXRA	False	False	True	0.2606838339797825	-0.8260751522377839	5	0.587366263887377	5.61543033730386e-08	False	0.0011398358026442	0.0111783884489986	0.0033945434568989	0.0026277428170786	1.29180962262997	0.0297639447616343	0.0290168832961994	1.02574575145818	0.0	0.096	1.74297058650098	0.0011342715678453
LYPD3	NUP62	False	False	True	-0.8162175341693113	-0.4521830022032251	3	0.0660763746604051	0.510753851176048	False	0.0008098194166408	0.007452258965999	0.0103732069499628	0.0052441090506068	1.97806850503279	0.0182292328937676	0.0127308415990584	1.43189535050973	0.0	0.0	0.612640909272351	3.9270665045745e-06
LYPD3	TLE1	False	False	True	-0.17234106665428292	-0.7830760297926653	3	-0.0768995005712635	0.544704797491225	False	0.0016774711583657	0.007452258965999	0.0029575226246088	0.0034466506360342	0.85808599040715	0.0144988738771436	0.0137620748148606	1.05353837064506	0.927	0.047	0.478249646323905	6.484957559361419e-11
LYPD3	CTBP1	False	False	True	-0.6434547501929103	-0.03394436680329163	6	1.72769068578088	3.9422793138365504e-110	False	0.0033985898827302	0.012342803912436	0.0115850592845912	0.0096034957233759	1.20633773558016	0.029954772746	0.0286770991416829	1.04455379527771	0.0	0.028	1.13696963425783	0.377081833556741
LYPD3	CEBPB	False	False	True	-0.6660213063212566	0.12683676417521836	3	-1.24764079331658	9.42804687986243e-41	False	0.0002252441005197	0.0065207265952491	0.0037201102760906	0.0026821234067183	1.38700190556942	0.0298995309110732	0.0289163721836135	1.03400007169699	0.0	0.061	1.19956927579259	0.224720076249406
LYPD3	PSMD2	False	False	True	0.9649052238326218	0.1008009311529223	2	-0.489687005759307	1.29811149263844e-16	False	0.0012561219944899	0.0107126222636237	0.0005179373376913	0.0002526687327535	2.04986716024147	0.0137282847827157	0.0087788683173811	1.56378752777682	0.0	0.0	0.142203501198075	2.35946245621408e-29
LYPD3	PSMC5	False	False	True	-0.5643467839431126	-0.7727070740024976	3	0.968843935807691	4.01450419215743e-32	False	0.0011281906106863	0.0128085700978109	0.0035368763822443	0.0022024939786221	1.60585064775383	0.0185097543230041	0.0154366404901317	1.19907918661687	0.0	0.0	0.525992058305383	1.93056289014663e-09
LYPD3	PSMA1	False	False	True	-0.9133584297263371	-0.33375282897172825	3	0.489676389589076	5.096946252546031e-09	False	0.0030628681831158	0.0146716348393107	0.0006133177685982	0.0005601291579631	1.09495776086445	0.0120473057401695	0.0091168632716037	1.32143099893724	0.185	0.0	0.13223197877566	2.23191724138409e-27
LYPD3	ATXN1	False	False	True	-0.43116384801215707	-0.6643696342160349	4	0.113497046646652	0.421519597223793	False	0.013661934576142	0.0286446204005589	0.0130462557896886	0.006871208704639	1.89868425636387	0.0198958746682301	0.0209335929185085	0.950428086840224	0.0	0.971	0.745191328420617	0.0077382439754599
LYPD3	ZBTB17	False	False	True	-0.3704433474114314	0.8459067231748196	3	-0.934624882844791	5.72398477618772e-07	False	0.0002245513950023	0.0030274802049371	0.002076934052211	0.0010320120480372	2.01250950137762	0.0160568071050971	0.0117591113689743	1.365477934622	0.0	0.0	0.405865189562729	1.15074483384249e-16
LYPD3	WWP1	False	False	True	0.8809099611008275	0.12296301434056421	4	0.50406450695489	1.93142030130328e-07	False	0.0007056982378638	0.0062878435025617	0.000818988311604	0.0003592986839967	2.27940804707074	0.01976441425925	0.0137689891538545	1.43542957572286	0.0	0.0	1.47759548596207	0.0002299096618174
LYPD3	CREBBP	False	False	True	0.28272242292579325	0.18291786484348496	11	-1.47852657515799	8.12574148014725e-74	False	0.0074302139139582	0.0291103865859339	0.0287262889815091	0.0282501575676713	1.0168541153336	0.0716017368780949	0.0821465637134615	0.871633987367404	0.27	1.0	0.903999257729056	0.712239904526823
LYPD3	TCF12	False	False	True	0.05517345193209798	0.8410157236581548	5	-2.15060187321867	4.16942857690588e-132	False	0.0014243123391562	0.0062878435025617	0.0015147192326761	0.0008670961083878	1.74688736118591	0.018189522550795	0.0122326094321811	1.48696994305586	0.0	0.0	0.125764848346107	2.25870170832398e-26
LYPD3	HUWE1	False	False	True	0.8948004361807912	0.5040947515701155	3	-0.931472004280521	2.9120919373941203e-44	False	0.0030665068908828	0.0093153237074988	0.0013148839988687	0.0008758302185375	1.50130010479008	0.015062028450387	0.011502757785465	1.30942759391313	0.0	0.0	0.323664929634157	5.08392274661956e-24
LYPD3	SMAD3	False	False	True	-0.358170334412968	0.272083169656999	10	-2.16165222493266	8.320005204690681e-58	False	0.0142633521925969	0.0353982300884956	0.02619833419987	0.0260900757467238	1.0041494112243	0.0507843550774506	0.0582163218698258	0.872338777963447	0.387	1.0	1.41293244104557	0.18738606387057
LYPD3	MCM7	False	False	True	0.538877141442465	0.6197240805815828	3	-0.591279911045895	3.00676846170608e-15	False	0.0028810753550605	0.0125756870051234	0.0053566698543948	0.0025077243096324	2.13606808125573	0.0133200550445923	0.0104482749309791	1.27485686705068	0.0	0.0	0.152358525664757	3.67833250115468e-33
LYPD3	ACTR5	False	False	True	-0.714091322991855	-0.7190698362595414	3	-0.533716191436469	0.0145199862175915	False	0.0004003551988183	0.0058220773171867	0.0027495390974974	0.001067733570951	2.57511721304063	0.020666191928936	0.0153132460177105	1.34956311059291	0.0	0.0	1.32540904928495	0.0127621163328889
LYPD3	KAT2B	False	False	True	0.03232691457496159	-0.6870035474973627	8	0.77989922154428	4.45247752485238e-05	False	0.0025621468669761	0.0144387517466232	0.0089736114360332	0.0091505492491871	0.98066369478645	0.0393913800850417	0.0425894347240759	0.92490967161801	0.689	1.0	1.08379853450869	0.715658247031925
LYPD3	CITED2	False	False	True	0.00046990767972482193	-0.780587974975531	3	2.21889284522846	1.15034078213765e-86	False	2.74916268984767e-06	0.0009315323707498	0.0005374644302565	0.0003543364637272	1.51681942242954	0.0208534992470197	0.0159328369897442	1.30883779583278	0.0	0.0	0.897472496226636	0.315930653922004
LYPD3	MAPK14	False	False	True	0.16225303206709837	-0.637733603533312	4	-0.881950089831384	1.8517874165084702e-15	False	0.0045581292260622	0.0170004657661854	0.0024044810420106	0.0028637045508268	0.83964005341136	0.0185126195130976	0.0213581081314347	0.866772440666259	0.996	1.0	0.578196663354218	4.56730392488883e-07
LYPD3	WDR5	False	False	True	0.09397092215610597	0.956899570106262	2	-0.591551586341411	1.0870933903355001e-10	False	0.0068327125052993	0.0176991150442478	0.0056132048539696	0.0042077274632423	1.33402291450793	0.0137971914264227	0.0129359358445302	1.06657852916429	0.0	0.016	0.27961267841873	3.2336463459795796e-30
LYPD3	STAT3	False	False	True	0.5103223879672443	-0.2785094070207142	6	-0.13163942522722	0.0914843663541713	False	0.0059382301953659	0.0214252445272473	0.0131018281056304	0.0078261071080007	1.67411816945824	0.0332942972352459	0.0353506597582083	0.941829585726901	0.0	0.999	1.75562559910987	0.0002761651374345
LYPD3	FHL2	False	False	True	0.5455177881811698	0.4887941597846317	4	-7.33115461746416	3.46004706639343e-89	False	0.0023437410802474	0.0111783884489986	0.0135878193599038	0.0111946117583052	1.213782099216	0.0234332237957195	0.0244002801905697	0.960366996309168	0.0	0.981	0.654128141031318	0.0008580407935378
LYPD3	ATAD2	False	False	True	0.6501857074241512	-0.6186085615902637	3	-1.88201679625447	5.8160480790485306e-120	False	4.39001331783178e-05	0.0018630647414997	0.0004136014839712	0.0004656789787127	0.888168680309702	0.0141923579245249	0.0106742013460758	1.32959436161869	0.742	0.0	0.336636050817137	2.41914382346737e-14
LYPD3	PARP1	False	False	True	0.7967940386086454	-0.6059762670354769	7	1.23681944152871	4.00780403560358e-80	False	0.0043746073448282	0.019795062878435	0.0083324906812118	0.0064189365071229	1.29811078080699	0.0434620020217439	0.0429590609869528	1.0117074494469	0.0	0.268	2.46414822795496	0.0003760766277588
LYPD3	AES	False	False	True	0.785851863990379	0.3019239600925669	3	0.0899004411630433	0.168765473081995	False	0.005076260717636	0.016301816488123	0.0069807608445251	0.0048601940180338	1.4363132044982	0.0158195220790096	0.0142165321275552	1.11275534265824	0.002	0.002	0.284413085250567	5.87703181801771e-23
LYPD3	NFATC2	False	False	True	-0.22022436460940106	0.8324095800660828	2	-2.18442130434378	1.46114168314636e-05	False	0.0003018886092561	0.003493246390312	0.0006575221386007	0.0005802043076515	1.13325966375912	0.0153784434935053	0.014378181149077	1.06956807221006	0.057	0.011	0.433017060491732	3.3504500341344904e-15
LYPD3	HDAC1	False	False	True	0.009368270979059743	0.22674295874826475	13	1.02236849067477	1.10322455714058e-41	False	0.0256934636358854	0.0540288775034932	0.0424181567054922	0.0401413452603254	1.0567198590481	0.0777559273151461	0.0881938078106103	0.881648374703598	0.011	1.0	1.11078178059724	1.0
LYPD3	MDM2	False	False	True	0.16178349469955153	-0.809396447759517	3	-0.217018650949934	0.0039017356820614	False	0.0173119577858483	0.0430833721471821	0.0074100237936926	0.0074395996818702	0.996024532307877	0.0389869875021922	0.0439473538505567	0.887129351058719	0.5	1.0	0.629435705801334	0.0160899486286236
LYPD3	PPIG	False	False	True	-0.7695475959225606	-0.21973887508760545	3	-0.814061469422672	2.8577786201567197e-18	False	0.0001109871571572	0.0025617140195621	0.0058123550507202	0.0019645109424932	2.95867786989439	0.0169849084678055	0.0103711865092576	1.63770157374417	0.0	0.0	0.629325269681775	6.4272794915267e-05
LYPD3	EHMT2	False	False	True	0.191144995716853	-0.9542144922781691	4	1.46064101365412	1.2975839627867001e-52	False	0.0019701651802055	0.0097810898928737	0.0053919109882973	0.0033048259331296	1.63152646989529	0.0216344796379048	0.015605947940234	1.38629705294149	0.0	0.0	1.28444204662229	0.0206089047134366
LYPD3	VHL	False	False	True	0.07668458642144863	-0.8925287042864536	3	0.559225892021416	2.5422836782774497e-11	False	0.003850917011472	0.0183977643223102	0.0009421127781755	0.0005344376883003	1.76281126649529	0.0182105219698309	0.0140923555628847	1.29222697288396	0.0	0.0	0.298716374011043	6.06718930846216e-29
LYPD3	XRCC6	False	False	True	-0.029729786635626483	0.3781398089291325	3	0.614031748937833	5.61905907453157e-25	False	0.0044899644437567	0.0170004657661854	0.0059142917473732	0.0074714532083263	0.791585195338205	0.0234348580010328	0.0248912607311872	0.94148939477663	1.0	0.988	0.649738653688283	0.0002351106452033
LYPD3	PNO1	False	False	True	0.9047870944797654	0.3695192140297861	3	-1.26978709266042	2.38366316135742e-20	False	0.000109491561824	0.0020959478341872	0.0010223766329626	0.0005200229432077	1.96602216559153	0.0106682386138921	0.0073368405655939	1.4540643916839	0.0	0.0	0.192341318008059	4.99338520194278e-15
LYPD3	CDK6	False	False	True	-0.3947996866545135	0.9153434191175107	3	-5.97121040813678	1.28274016462256e-101	False	0.0053256307103772	0.0156031672100605	0.0080844034581569	0.0073461158822935	1.10050039880842	0.0203064048584432	0.020828258508353	0.974944921597718	0.049	0.87	0.633260891997123	4.96634851488809e-05
LYPD3	FOXJ2	False	False	True	-0.7973264831285627	-0.6209863055935466	4	-1.30166923603124	4.569689339170391e-31	False	0.0024593431505726	0.0121099208197485	0.0105945657506696	0.0089091353763007	1.18918001614975	0.0266550526309377	0.0265558133153527	1.00373700908372	0.0	0.447	0.742064333354669	0.0221132367326063
LYPD3	BCL11B	False	False	True	0.495432856857054	-0.6276973266929247	3	0.386076938969519	0.278451027491232	False	9.05138629937695e-05	0.0027945971122496	0.0113166761673323	0.0057360022480817	1.97292045537759	0.0176452330989642	0.0122225276628785	1.44366481186663	0.0	0.0	0.565048321851444	6.93043681250659e-08
LYPD3	BRCA1	False	False	True	0.8574134231590123	0.5305055747273748	2	-1.84401754558121	9.34447049035991e-63	False	0.0022788857293502	0.0160689333954355	0.0037010362207517	0.0028058333743027	1.31905060886642	0.0217329461251762	0.0242934142368183	0.894602377142958	0.0	1.0	0.382320809758212	2.48448583650817e-16
LYPD3	SMAD2	False	False	True	-0.2084330816565303	0.17845802219393492	7	-0.932841653397162	4.70036155291304e-27	False	0.0076145218355368	0.024219841639497	0.0085060016007809	0.0100365311450316	0.847504130447668	0.0340903041705608	0.0368822712814005	0.924300564638824	1.0	1.0	2.20229867426175	0.0006150562026869
LYPD3	MAPK1	False	False	True	-0.6289630703107368	-0.7892221690324014	4	-0.591048335101805	3.80534375717163e-17	False	0.0052991549516726	0.0183977643223102	0.0175458954004512	0.013511081060123	1.29863001505014	0.0185458267607288	0.021823741467834	0.849800516014335	0.0	1.0	0.509147379804967	5.99557561741399e-10
LYPD3	TP53	False	False	True	0.06814369981394146	0.1270617669634011	12	0.19430270080352	0.0080827699159202	False	0.0518613122956436	0.0794131346064276	0.0521500479815751	0.0398271234453176	1.30941035832469	0.0860654153534011	0.0840476152811656	1.02400782063221	0.0	0.06	2.11501429799523	0.0001647154625372
LYPD3	MED6	False	False	True	-0.9917671441971967	0.12725678728561401	2	-0.885997146511352	1.17320887824744e-07	False	0.0002573244748323	0.0065207265952491	0.000448596339456	0.0001232995274465	3.63826487210702	0.0139618189943307	0.0082434486920606	1.69368664934829	0.0	0.0	0.408231840796316	5.38946859196759e-12
LYPD3	SKP2	False	False	True	-0.6839100626714062	0.6256880164849076	3	-1.30708053567433	9.12532577707164e-25	False	0.0008213737976157	0.0097810898928737	0.0015680731274953	0.0015155822456371	1.03463413616069	0.0155315553992103	0.0171012865949858	0.908209760297464	0.292	1.0	0.415425410778344	2.19543557934666e-16
LYPD3	RUNX1T1	False	False	True	-0.9196707594952709	0.32364312537440953	4	3.91504047408719	0.246041014535017	False	0.0005769997898167	0.0048905449464368	0.0033300134310327	0.0018300525483157	1.81962722004754	0.020052487467583	0.0150703173670243	1.33059490249756	0.0	0.0	1.10192603944108	0.404961890144253
LYPD3	MAPKAPK3	False	False	True	0.9778371675903521	0.034460733783213064	3	0.239530244617342	0.0222058790792872	False	3.40364100150122e-05	0.0016301816488123	0.0002373237202063	0.0001930259784482	1.22949108775014	0.0132970588222692	0.0117421017401144	1.1324257885488	0.116	0.012	0.375646387117354	8.320837483955469e-12
LYPD3	PSMA3	False	False	True	-0.8907902707347163	0.5493240793009821	2	-0.874307867845267	6.4547294903690594e-18	False	0.0035466696002153	0.0135072193758733	0.0081684291456533	0.0050488702465201	1.61787266196498	0.0156154665050788	0.0116519757998684	1.34015610513499	0.0	0.0	0.390196588808383	6.28450302762339e-18
LYPD3	EPC1	False	False	True	-0.8260484290677871	-0.48840755070699954	2	0.0020735792054063	0.990544384696952	False	0.0004028766901714	0.0032603632976245	0.0010402931303297	0.0006069479854416	1.71397410533095	0.0109492443794001	0.0080199885611449	1.3652443885577	0.0	0.0	0.131651398312881	7.85706671752969e-25
LYPD3	STK19	False	False	True	-0.10597422203111095	0.9980099147300933	3	0.736282663670498	2.2780343944897e-05	False	2.55664376171352e-05	0.0013972985561248	0.0004291910949315	0.0002308377979058	1.85927564214013	0.0126700854811119	0.0069301342791541	1.82825973794239	0.061	0.0	0.313767888772113	4.289135267329591e-09
LYPD3	RELA	False	False	True	0.6244495771906383	-0.01456840796488403	9	-0.0830794465946176	0.417800025186821	False	0.0102379867931905	0.0319049836981835	0.0234229907950618	0.0211641769625435	1.1067281679092	0.0712146589210751	0.0726960654712602	0.979621915703666	0.001	0.882	3.00598097639153	6.11354499008765e-07
LYPD3	GLRX3	False	False	True	-0.8139721224916521	0.3680831721719611	3	-1.1121291070967	4.6153564857813995e-34	False	0.0009872506390358	0.0044247787610619	0.0012383798881213	0.0007404398119308	1.67249230547446	0.0167038656008752	0.01269658080996	1.31561920889533	0.0	0.0	1.03173405197552	0.78992782364396
LYPD3	APP	False	False	True	-0.9712166542639082	-0.06858075541244449	4	-1.04508529532299	3.44863339135956e-95	False	0.0547141813937033	0.0689333954354914	0.0294176730002361	0.0210099834413734	1.40017592504648	0.0311204192108199	0.031151566607943	0.999000133845107	0.0	0.489	1.01056763585013	1.0
LYPD3	CBX5	False	False	True	-0.4438357083829174	-0.1830996495214185	4	-0.289029419421958	3.55198843084902e-05	False	0.0096778623564986	0.0195621797857476	0.0206450000888719	0.0175871581005604	1.1738678853529	0.0201134540919421	0.0145629201766707	1.38114154633375	0.0	0.0	1.78604973399214	2.08870879616021e-07
LYPD3	SMAD4	False	False	True	-0.6918133526401561	-0.30280673148501697	5	-0.344289037378692	0.0008306036986998	False	0.0044899890766657	0.0183977643223102	0.0098357217735113	0.0107226730610167	0.917282632562034	0.0418462478428646	0.0469324958592363	0.891626304477248	0.96	1.0	1.63655760777537	0.0486962066809593
LYPD3	TBP	False	False	True	-0.7845292256072387	-0.3172871106165482	4	-0.23520031468886	0.178977801209759	False	0.0039398993446175	0.0139729855612483	0.0056871407631838	0.0060527700597935	0.939593063506831	0.0270128073561948	0.030052160653141	0.898864067311963	0.866	1.0	0.632326899364718	0.0019239589354437
LYPD3	UBE2I	False	False	True	0.3355791305881372	-0.7717592414333708	9	0.541353485949131	7.71955154642246e-11	False	0.0122981508050461	0.0353982300884956	0.0160255121724745	0.0183412126416835	0.873743327965887	0.0481166143018899	0.0573311185571208	0.839275693774399	0.999	1.0	0.772347688832089	0.198817889923095
LYPD3	SIRT1	False	False	True	-0.026572519871095275	-0.5486961103648965	5	-0.0766530439094086	0.589923221706388	False	0.0061715877410221	0.0225896599906847	0.0029745832083266	0.0038327079510168	0.776104844497082	0.0192017319301896	0.0229131207549561	0.838023424898863	1.0	1.0	0.368328420784029	6.78721736643292e-21
