promoter	protein	is_enhancer	is_promoter	is_intermediate	X-graph-coord	Y-graph-coord	degree	expression_log2FoldChange	expression_padj	SNP-binding	Betweenness_global	Degree_global	Betweenness_in_cluster	Betweenness_out_cluster	Betweenness_enrichment	Degree_in_cluster	Degree_out_cluster	Degree_enrichment	Betweenness_enrichment_pval	Degree_enrichment_pval	fisher_test_OR	fisher_test_pval
MIR451A	ENHA_ZBTB18	True	False	False	1.1333333333333335	1.064516129032258	2	-0.434969739122538	0.0422253253147413	False											1.82524881999657	1.0521757782591081e-05
MIR451A	ENHA_RARA	True	False	False	1.1666666666666667	0.35483870967741926	26	-0.134025346348399	0.470907401425808	False											2.235216758094045	3.7771377826793204e-14
MIR451A	ENHA_SNAI2	True	False	False	1.1333333333333335	0.532258064516129	1	-7.39045172449115	2.3935402877077702e-54	False											2.4909350978572	1.4943345540218101e-19
MIR451A	ENHA_SOX4	True	False	False	1.1	0.6032258064516127	1	1.48397070715163	3.93966068172735e-73	False											1.45123964709771	5.69566902200524e-05
MIR451A	ENHA_ZNF460	True	False	False	1.1666666666666667	1.1	2	1.21538597859962	5.59628789323162e-05	False											1.38879491014481	0.0004064531825038
MIR451A	ENHA_RXRB	True	False	False	1.1666666666666667	0.46129032258064506	9	1.20101849216797	1.7279579237566198e-27	False											1.66593895623144	0.0070673413642804
MIR451A	ENHA_CEBPA	True	False	False	1.1333333333333335	-1.0645161290322582	12	1.40831619900991	1.6381761926368402e-19	False											1.73003122692048	4.52200907289674e-08
MIR451A	ENHA_MYB	True	False	False	1.1666666666666667	-0.07096774193548394	13	-2.37830081095658	6.25075955829769e-06	False											1.44278297509591	0.0010161153279912
MIR451A	ENHA_NFIB	True	False	False	1.1333333333333335	0.0	3	-0.456247574244742	5.1950932621203e-05	False											2.02108506435427	5.20033507629845e-14
MIR451A	ENHA_ELF3	True	False	False	1.1333333333333335	-0.8516129032258065	6	1.20019564579332	1.62568910285003e-17	False											1.734915830191595	9.033165705078315e-09
MIR451A	ENHA_CREB1	True	False	False	1.1	-0.9935483870967743	20	-0.600232504411478	4.5967343029176706e-09	False											1.6042613047419199	6.96175296571276e-07
MIR451A	ENHA_FOXP1	True	False	False	1.1333333333333335	-0.6387096774193549	4	1.23058638748909	9.34625524205785e-17	False											1.92788768521582	3.116413157160658e-08
MIR451A	ENHA_NR2F1	True	False	False	1.1666666666666667	0.14193548387096766	3	2.15204275920652	0.261152651338228	False											2.03153638418678	7.073810286712799e-12
MIR451A	ENHA_STAT1	True	False	False	1.1333333333333335	0.7451612903225806	54	-4.62037343801228	3.18474888731901e-209	False											2.13791168770413	2.63042331438384e-15
MIR451A	ENHA_MEF2A	True	False	False	1.1	-0.24838709677419368	18	-1.40227039880436	1.06339595756953e-41	False											2.05834801643472	1.34740393492056e-13
MIR451A	ENHA_ESR2	True	False	False	1.1666666666666667	-0.8161290322580645	9	3.10191642117498	0.0302281855584287	False											1.77769419474928	4.86363478297449e-10
MIR451A	ENHA_MZF1	True	False	False	1.1	-0.03548387096774208	1	2.70523955303638	7.14341823529132e-60	False											1.3441675630204	0.0044213003535365
MIR451A	ENHA_ATF2	True	False	False	1.1	-1.1	41	-1.17700877218428	6.62215113985468e-25	False											1.73418778524798	8.82287296621417e-08
MIR451A	ENHA_MEF2C	True	False	False	1.1333333333333335	-0.2129032258064517	12	1.46699496505546	0.582772779974055	False											2.030888716643045	2.1520085021868428e-12
MIR451A	ENHA_KLF4	True	False	False	1.1	-0.3548387096774195	10	-4.0236383329462	1.2985292682091302e-211	False											2.091686955094475	2.090023034752712e-10
MIR451A	ENHA_TP53	True	False	False	1.1333333333333335	0.9580645161290322	65	0.19430270080352	0.0080827699159202	False											1.82915435826972	6.52993834156641e-09
MIR451A	ENHA_MAX	True	False	False	1.1333333333333335	-0.3193548387096775	26	0.371354138784978	0.0003333213229736	False											1.61220622668764	3.150111554870775e-07
MIR451A	ENHA_HIC2	True	False	False	1.1	-0.5677419354838711	1	-0.742373387918475	0.0050959680607574	False											1.66717144964235	3.90833318721993e-08
MIR451A	ENHA_NR2F2	True	False	False	1.1	0.17741935483870952	5	1.53748819540803	3.79515510981433e-47	False											1.72652940651531	4.10016215784562e-08
MIR451A	ENHA_IRF2	True	False	False	1.1333333333333335	-0.4258064516129033	8	-0.999846228400885	2.25381393956001e-07	False											1.625860117450735	2.09909785851253e-06
MIR451A	ENHA_STAT3	True	False	False	1.1666666666666667	0.7806451612903225	42	-0.13163942522722	0.0914843663541713	False											1.828169771671865	9.063960829801834e-07
MIR451A	ENHA_IRF7	True	False	False	1.1666666666666667	-0.39032258064516134	8	-3.83408099935248	6.50427053228451e-298	False											1.6486108325296351	8.548162324741585e-07
MIR451A	ENHA_TWIST1	True	False	False	1.1666666666666667	0.9935483870967743	7	0.152160574972577	0.616322400300272	False											1.77359118599554	2.7004601225271804e-09
MIR451A	ENHA_HOXC4	True	False	False	1.1333333333333335	-0.5322580645161291	3	3.03520393820426	9.7671483186167e-18	False											1.30887881155702	0.0860496283400466
MIR451A	ENHA_MITF	True	False	False	1.1	-0.14193548387096777	4	-0.96082560983642	0.000310367907514	False											2.01435628297302	1.9140426662263962e-07
MIR451A	ENHA_SPIB	True	False	False	1.1	0.7096774193548387	2	-1.0201436715832	0.760095716867361	False											2.0436071163693352	9.793091274203314e-09
MIR451A	ENHA_TFAP2A	True	False	False	1.1333333333333335	0.8516129032258064	6	-3.2635472309405	5.28479283829799e-135	False											2.225109784111705	3.964279675333572e-15
MIR451A	ENHA_GABPA	True	False	False	1.1666666666666667	-0.603225806451613	6	1.45005565467442	2.0852722753028797e-36	False											1.832653772705175	6.61290463737989e-11
MIR451A	ENHA_ETS2	True	False	False	1.1333333333333335	-0.7451612903225807	4	-5.41977573678958	0.0	False											1.1142176186144601	0.533481159514698
MIR451A	ENHA_MAZ	True	False	False	1.1666666666666667	-0.28387096774193554	4	1.17636897308062	2.95636464524114e-88	False											1.77706296781174	1.959640400931127e-07
MIR451A	ENHA_TEAD1	True	False	False	1.1	0.8161290322580645	2	-3.09819901379961	1.5394834772998e-296	False											1.5082753328157499	2.749774299735947e-05
MIR451A	ENHA_TGIF1	True	False	False	1.1666666666666667	0.8870967741935483	7	-1.20350404197994	3.7085419261577503e-25	False											1.39986666518923	0.000907923040352
MIR451A	ENHA_IRF1	True	False	False	1.1	-0.4612903225806453	12	-4.0231535461388	8.02847625817727e-85	False											3.0293765761479197	3.471758777158469e-20
MIR451A	ENHA_NR2C2	True	False	False	1.1333333333333335	0.1064516129032258	6	1.21967989309265	1.37592237798234e-17	False											1.7724608908526251	1.70705524934967e-07
MIR451A	ENHA_PPARD	True	False	False	1.1333333333333335	0.3193548387096774	13	-0.602154107746966	7.60971979070887e-07	False											1.25892398334534	0.0299900906135424
MIR451A	ENHA_NR4A1	True	False	False	1.1333333333333335	0.2129032258064516	10	-0.313752055108596	0.111151395127448	False											1.4131681919195551	0.0006134260013584999
MIR451A	ENHA_SP1	True	False	False	1.1333333333333335	0.6387096774193548	66	-0.733707104214519	4.5131323926585794e-18	False											2.9550846849447003	2.4046969464210754e-19
MIR451A	ENHA_NFIC	True	False	False	1.1666666666666667	0.03548387096774186	1	1.96587754562413	4.1547395769726297e-128	False											2.02155772955464	2.22949295831345e-08
MIR451A	ENHA_ETV5	True	False	False	1.1	-0.6741935483870969	2	-6.35389406734804	2.00081324401449e-38	False											1.5262495820762698	0.00380986348151305
MIR451A	ENHA_MXI1	True	False	False	1.1333333333333335	-0.10645161290322591	1	1.26483963834969	3.33107882665162e-25	False											1.86906695933633	1.2955787903470499e-11
MIR451A	ENHA_THRB	True	False	False	1.1	0.9225806451612901	11	1.21953043880219	8.56338194398239e-20	False											1.43925372439246	0.0021050802219038
MIR451A	ENHA_SP2	True	False	False	1.1666666666666667	0.6741935483870967	3	-0.0147266859935625	0.930346069146716	False											2.76750540676827	4.0527690565226296e-22
MIR451A	ENHA_PLAG1	True	False	False	1.1	0.2838709677419353	1	-6.54340952873669	2.50212753156315e-17	False											1.91252279614579	4.72709168770772e-12
MIR451A	ENHA_CEBPB	True	False	False	1.1666666666666667	-1.0290322580645161	14	-1.24764079331658	9.42804687986243e-41	False											2.13492217044938	1.1014388221136571e-14
MIR451A	ENHA_MEF2D	True	False	False	1.1666666666666667	-0.17741935483870974	16	0.500004162655206	3.04575796645284e-06	False											1.967583042283495	5.31338033696184e-13
MIR451A	ENHA_ETV4	True	False	False	1.1666666666666667	-0.7096774193548387	1	-4.11796738052689	1.1065726620988e-30	False											1.38908680040404	0.0004090854958472
MIR451A	ENHA_SNAI1	True	False	False	1.1	0.4967741935483869	11	0.302473665797371	0.690792742031882	False											1.98199300052926	1.45366140089852e-13
MIR451A	ENHA_CTCF	True	False	False	1.1333333333333335	-0.9580645161290323	8	-0.109990033571817	0.283857674973301	False											1.530217882641785	1.0302658652655195e-05
MIR451A	ENHA_EHF	True	False	False	1.1666666666666667	-0.9225806451612903	1	1.88526498951326	2.4863645701402698e-185	False											1.54397072468882	2.79580814390172e-06
MIR451A	ENHA_ESRRA	True	False	False	1.1	-0.7806451612903227	5	1.10409017357047	9.40917820554554e-34	False											1.68997626765369	1.18998158039436e-07
MIR451A	ENHA_OSR2	True	False	False	1.1666666666666667	0.24838709677419346	1	-0.89735473438583	0.0005469266625163	False											1.12676920306872	0.254459556230328
MIR451A	ENHA_HSF1	True	False	False	1.1666666666666667	-0.49677419354838714	16	-0.517612617299572	3.01218728661796e-10	False											1.653437437623235	7.343137374496265e-05
MIR451A	ENHA_RORA	True	False	False	1.1333333333333335	0.4258064516129032	4	0.0785023055402273	0.869885843686812	False											1.606826239800155	7.266876166850435e-05
MIR451A	ENHA_USF2	True	False	False	1.1	1.029032258064516	5	1.05894712497317	3.42859503696686e-32	False											1.71903412330329	8.56033931948155e-09
MIR451A	ENHA_ELF1	True	False	False	1.1	-0.8870967741935485	2	-2.15837082837145	4.647988010054e-98	False											1.6187918905222949	0.00015056983094733912
MIR451A	ENHA_NR1D2	True	False	False	1.1	0.07096774193548372	2	0.169407516340098	0.0882087056795906	False											1.96040168460996	2.875355713677507e-05
MIR451A	ENHA_SOX10	True	False	False	1.1666666666666667	0.5677419354838709	3	4.926140559533	0.0555168687939408	False											1.31857735636298	0.0056865023427653
MIR451A	ENHA_RBPJ	True	False	False	1.1	0.3903225806451611	12	0.115047690168036	0.250723186308428	False											1.53764049177329	1.457724649023627e-05
MIR451A	PROM_EGR1	False	True	False	-1.1	-1.1	16	-3.04567725393117	0.0	False											1.498201967972935	6.073404925119925e-05
MIR451A	PROM_KLF10	False	True	False	-1.1333333333333335	-0.5296296296296297	5	-1.93024821190597	1.00083757814832e-81	False											0.978119967804561	0.706479927687916
MIR451A	PROM_KLF11	False	True	False	-1.1666666666666667	-0.4481481481481482	4	-0.441334750720284	0.0038049154602967	False											1.00964902750697	0.8004246442003684
MIR451A	PROM_SP1	False	True	False	-1.1	0.6111111111111112	50	-0.733707104214519	4.5131323926585794e-18	False											2.0961933305437404	1.08610554660143e-09
MIR451A	PROM_KLF5	False	True	False	-1.1	-0.12222222222222223	26	-5.67652439532414	1.21080876011697e-253	False											1.0747422700324751	0.439246843235943
MIR451A	PROM_SP2	False	True	False	-1.1333333333333335	0.6925925925925926	3	-0.0147266859935625	0.930346069146716	False											1.82921582337222	2.47338405027011e-08
MIR451A	PROM_KLF2	False	True	False	-1.1333333333333335	-0.2851851851851852	4	2.91214006178269	1.1394009815664e-06	False											0.9044761145058605	0.06507742867991866
MIR451A	PROM_PRDM1	False	True	False	-1.1666666666666667	0.2851851851851852	5	-6.53099636690485	2.85150155789745e-13	False											1.14510109608956	0.250174203118038
MIR451A	PROM_GABPA	False	True	False	-1.1666666666666667	-0.6925925925925926	7	1.45005565467442	2.0852722753028797e-36	False											1.93257106611321	7.191232209071949e-11
MIR451A	PROM_ELF3	False	True	False	-1.1666666666666667	-0.9370370370370371	10	1.20019564579332	1.62568910285003e-17	False											1.6987435071314452	6.521745626592075e-05
MIR451A	PROM_ZNF740	False	True	False	-1.1	1.1	1	0.193961958381287	0.0628387066614002	False											1.1461180095216	0.142061167237808
MIR451A	PROM_ELF1	False	True	False	-1.1333333333333335	-1.0185185185185186	3	-2.15837082837145	4.647988010054e-98	False											2.11543715747789	8.233767293533489e-11
MIR451A	PROM_SP4	False	True	False	-1.1	0.8555555555555556	2	-0.817158610473196	7.14173690207365e-06	False											1.25214906972805	0.0279354584887838
MIR451A	PROM_KLF6	False	True	False	-1.1333333333333335	-0.040740740740740744	2	-3.57376949918831	9.94736614463194e-290	False											0.9360949331897546	0.5570164534153266
MIR451A	PROM_ETV4	False	True	False	-1.1333333333333335	-0.7740740740740741	1	-4.11796738052689	1.1065726620988e-30	False											1.62584621690124	4.42674710392546e-06
MIR451A	PROM_KLF4	False	True	False	-1.1666666666666667	-0.20370370370370372	10	-4.0236383329462	1.2985292682091302e-211	False											0.9400349865094451	0.2661442050558145
MIR451A	PROM_ZNF148	False	True	False	-1.1666666666666667	1.0185185185185186	3	-0.834924716402328	2.2398601186884702e-14	False											1.72717349042113	2.00199892706194e-07
MIR451A	PROM_TP53	False	True	False	-1.1333333333333335	0.9370370370370371	148	0.19430270080352	0.0080827699159202	False											4.5660802557719755	1.48493620491284e-21
MIR451A	PROM_RUNX2	False	True	False	-1.1666666666666667	0.5296296296296297	14	-0.861166876706292	0.0007117547549995	False											1.479777970382975	0.02454162208373565
MIR451A	PROM_RREB1	False	True	False	-1.1333333333333335	0.4481481481481482	4	-0.0735253190793003	0.467070376592638	False											1.0261250721603101	0.8150390829478
MIR451A	PROM_KLF9	False	True	False	-1.1666666666666667	0.040740740740740744	1	0.780085327606089	4.63130065865619e-16	False											1.03449662071454	0.713730716020894
MIR451A	PROM_REST	False	True	False	-1.1	0.3666666666666667	9	-0.26340778686432	0.01034300165799	False											1.05472969562799	0.597710639690294
MIR451A	PROM_NFKB1	False	True	False	-1.1	0.12222222222222223	35	-1.14746090520674	3.71257051919243e-33	False											1.27375032957068	0.0217171633335423
MIR451A	PROM_SP3	False	True	False	-1.1666666666666667	0.7740740740740741	1	-0.775224946273101	3.1953368976117602e-21	False											0.981918551078162	0.851707936682666
MIR451A	PROM_ETV1	False	True	False	-1.1	-0.8555555555555556	8	8.80173078687327	1.15562626144965e-107	False											2.049085841574175	4.201593168532011e-09
MIR451A	PROM_KLF15	False	True	False	-1.1	-0.3666666666666667	6	4.1833301961753	7.76478681528587e-34	False											1.2465095840321752	0.2975746164150585
MIR451A	PROM_HOXB13	False	True	False	-1.1	-0.6111111111111112	1	10.2500539875467	2.14679057326334e-222	False											0.765752973651983	0.541488776176611
MIR451A	PROM_PLAG1	False	True	False	-1.1333333333333335	0.20370370370370372	1	-6.54340952873669	2.50212753156315e-17	False											1.1233058968501	0.223227849489001
MIR451A	IKBKB	False	False	True	0.3608636072835162	-0.8784811894963173	3	0.0062955274502101	0.966402973513719	False	0.0023072437429525	0.0142058686539357	0.0008036011922198	0.0012874594521961	0.624175923248717	0.0135662680014036	0.0158585845462466	0.855452639032303	1.0	1.0	1.87416802973963	1.1446901837885001e-10
MIR451A	BTRC	False	False	True	-0.22583633206261675	-0.715053294197948	5	-0.547261262632256	0.0007390593288464	False	0.005626263563063	0.0204937121564974	0.0057391209395911	0.0062202624982359	0.92264931604072	0.0292364011608035	0.0308544298052731	0.947559275777216	0.967	0.99	2.09771471259622	1.58419015235487e-10
MIR451A	CRK	False	False	True	0.40120788525115947	0.42032043462223395	3	-0.721180287495606	2.4939474521606003e-18	False	0.0043677263594375	0.0179319981369353	0.0013691145597498	0.0012344554866477	1.10908378192537	0.0092750693783783	0.009615150053919	0.964630746932327	0.122	0.839	1.89068348628919	6.434255747719689e-12
MIR451A	FOS	False	False	True	0.31640603378778065	-0.10573065570923051	9	0.498702747190724	0.0001190838470953	False	0.0043520834177215	0.0165346995808104	0.0073200748902986	0.0076708006334002	0.954277817940619	0.0274430899175034	0.0279849858016338	0.980636192279265	0.837	0.822	1.60770196235268	6.59724825560407e-05
MIR451A	JUN	False	False	True	-0.001140878683912155	-0.47459996527485676	16	1.11265479843166	9.128250855418809e-40	False	0.0145427969332236	0.0353982300884956	0.0242973261411897	0.0284336008385115	0.854528636003095	0.0617333798461569	0.0626966548965566	0.984635941869801	1.0	0.792	1.15862196756572	0.420885399833787
MIR451A	GSK3B	False	False	True	0.2577859084934731	0.7820807776306248	7	0.0399317826177692	0.626089063761022	False	0.0052931514382885	0.0160689333954355	0.0131800637198612	0.0132865251004183	0.991987266817134	0.0291192054748669	0.0299249134793514	0.973075678062012	0.572	0.926	2.16404880193979	1.16357006353592e-08
MIR451A	EPAS1	False	False	True	0.9141747252365068	0.34993028770592494	2	-7.27768148408164	2.43416737279756e-281	False	0.0003926806833764	0.0048905449464368	0.0008568291381635	0.0010989468640492	0.779682044868276	0.0126966561119863	0.013239288639271	0.959013468014053	0.998	0.869	1.9980369052801	9.58571044847459e-14
MIR451A	HSP90AA1	False	False	True	-0.9774345864687844	-0.17512913518389311	6	1.28375429954906	6.27318172682767e-147	False	0.0104399882224197	0.0298090358639963	0.0011476147125948	0.0015368277754912	0.746742563413141	0.0179221704117377	0.0179999147134334	0.995680851663278	1.0	0.562	2.9498054067733	5.82450818931524e-20
MIR451A	TRRAP	False	False	True	-0.11209209443900126	0.9788254096963255	2	-0.67633033875942	2.6959646012084904e-15	False	0.0016897189847725	0.0100139729855612	0.0004700377097364	0.0005182957207876	0.906890971475083	0.0103205813294133	0.0115073877811365	0.896865694083182	0.943	1.0	1.7845724692441	4.15989744310634e-10
MIR451A	TRIP4	False	False	True	-0.9939979822614632	0.18236278119052926	2	-1.04682012589875	2.5196856303164197e-11	False	4.44690164184507e-05	0.0025617140195621	0.000388949885816	0.0005856049729637	0.664184738472438	0.0103836686058315	0.011660758617305	0.890479680320433	1.0	0.998	1.61439693892964	1.27585835001787e-06
MIR451A	CTNNB1	False	False	True	-0.8967842417904947	-0.39614999870945483	4	-0.468896151312309	1.7860692840245302e-14	False	0.0131809401522386	0.0353982300884956	0.008044756675262	0.0093465592245553	0.860718525607456	0.0318537219573184	0.0336112531431036	0.947710036924172	1.0	0.999	5.44102194714947	3.89514792301453e-16
MIR451A	YAP1	False	False	True	0.8732506082751654	-0.3973357496968737	3	-1.29085836198424	4.68728755501039e-80	False	0.0009714466916317	0.0093153237074988	0.0021189164050468	0.0034387908944192	0.616180648984947	0.0145832029322484	0.0164281028225732	0.887698542537135	1.0	1.0	1.89826393971463	5.7529434931425193e-11
MIR451A	BRD7	False	False	True	-0.5411371976070206	0.831900607916293	2	-0.579351767023564	9.423324892582341e-09	False	0.0001268294584401	0.0030274802049371	0.0002083823428194	0.000300382225709	0.69372394564151	0.0057921210811254	0.007574392938306	0.764697729349761	0.952	0.992	3.01849551743083	2.02967164459671e-10
MIR451A	TSC22D3	False	False	True	-0.25580405604780865	-0.9733068653143198	3	0.172287167946031	0.0719634990723404	False	0.0002450870237402	0.0020959478341872	0.0003856458683417	0.0003283873354983	1.17436279251281	0.0105996019092138	0.0102379566798596	1.03532396557856	0.097	0.236	2.27098541508792	3.61657077140679e-15
MIR451A	STUB1	False	False	True	-0.7412253163671384	-0.693185517022068	6	1.40899921486815	4.87807754956418e-75	False	0.0043225537171561	0.0179319981369353	0.0040564204686497	0.0049980041117242	0.811608069536043	0.0201510357483423	0.0220246529696899	0.914930908381347	0.992	0.998	4.50890216689282	1.41301116553613e-53
MIR451A	NCOR2	False	False	True	0.5736429933325043	-0.3169934494223205	13	0.571475425858465	1.41773060836332e-19	False	0.0017252291936626	0.0132743362831858	0.0144446318290486	0.0159398099989092	0.906198494840094	0.048471403540883	0.0488273810477882	0.99270946957903	0.998	0.67	3.06734682009668	1.64714367467208e-05
MIR451A	TP53BP2	False	False	True	0.852209265801784	-0.47691790927951866	2	-0.418439424728914	0.0004060514844628	False	0.0021999101548503	0.0109455053563111	0.0004336812110513	0.0005867972197438	0.739064870213075	0.0063778472055197	0.0065021917982151	0.980876511097461	0.89	0.58	2.23292185886279	8.75974079779512e-06
MIR451A	NPM1	False	False	True	0.15648359182602645	0.9819247149911742	4	0.746074312852762	1.9259122991752e-34	False	0.0130915021023012	0.0344666977177457	0.0041932438354614	0.0051330148076654	0.816916372265173	0.0278173989260693	0.0291245217184921	0.955119510457302	1.0	0.985	7.78681824289344	3.63137130130275e-26
MIR451A	JUNB	False	False	True	-0.7341329297949464	-0.4815595555121023	2	-2.09178732845927	2.5118998110314602e-87	False	0.00062490996406	0.0060549604098742	0.0004294888450537	0.0005282819713302	0.812991675586201	0.0116429863252217	0.0125653342781432	0.926595828451152	0.949	0.994	1.77864703144237	4.23662120886351e-10
MIR451A	MAPK9	False	False	True	0.11978214277691256	-0.8673752919750674	3	-0.285276964945664	0.0068741391261184	False	0.0012932442465678	0.0086166744294364	0.0008149896999407	0.0009464206526653	0.861128397447301	0.0139869277819874	0.0155333193209183	0.900446806829728	0.972	0.997	3.69764711848111	6.984995892423331e-44
MIR451A	POU2F1	False	False	True	0.18009770953212967	0.9252014209516495	6	-0.0730220925286118	0.627787826626805	False	0.0007839568830196	0.0048905449464368	0.0049197741780836	0.008075491098543	0.609222908928883	0.0170407347674253	0.0202360363088294	0.842098447905534	1.0	1.0	3.15171866433248	1.39849256088631e-19
MIR451A	YY1	False	False	True	0.8880447151822192	0.24728658393974084	5	-0.538679781895407	1.62040735838636e-12	False	0.0038875893366945	0.0146716348393107	0.001453733156805	0.0020416720447813	0.712030690982364	0.018947255418811	0.0208545500966834	0.908542995699741	1.0	1.0	2.53699718025147	2.82089179096269e-20
MIR451A	RFWD2	False	False	True	0.38610239052632706	0.9304620777071904	5	-0.800344061160652	1.14888910924562e-09	False	0.0010893745664862	0.0067536096879366	0.0025447239200481	0.0029346147935341	0.867140697871125	0.0169740790522201	0.018784789737995	0.9036076149358	0.921	0.988	2.51619251976195	1.22133557730929e-22
MIR451A	PAK1	False	False	True	-0.9651995572132082	-0.32731418067998075	2	-2.91040800541353	1.5932772911210197e-70	False	0.0028780226071718	0.0065207265952491	0.0017712063979137	0.0030220093947223	0.586102214310455	0.0064013499142498	0.0087296984830259	0.733284193800811	0.994	1.0	1.96413242796119	2.70479102822395e-06
MIR451A	SMARCA5	False	False	True	0.6292986553353492	0.690874357503997	2	-0.600569132789873	7.4988154198624e-13	False	0.0010996016525376	0.0060549604098742	0.0005579130058017	0.0006294162638691	0.886397504843828	0.008745544000618	0.0101667300810892	0.860212077124521	0.875	0.999	2.6927546444121	4.3861937962795505e-23
MIR451A	CDK9	False	False	True	-0.7574924220192423	0.34032112347707777	4	0.787922463806988	1.98374351928473e-12	False	0.0032317685382629	0.0144387517466232	0.000387980767995	0.0003862555890598	1.00446641805058	0.0117101836213033	0.0122628655331611	0.954930443429942	0.492	0.944	3.49194134473028	1.0084150239804399e-40
MIR451A	ISG15	False	False	True	0.6053930179489342	-0.5782328821294334	5	-4.14982537239836	9.71676322540343e-113	False	0.0051841119722821	0.0207265952491849	0.000420640255657	0.0007052242192511	0.596463144875713	0.010280679109131	0.0117219528635965	0.877044911267171	1.0	0.997	1.92190957427078	3.83477222011773e-10
MIR451A	SIN3A	False	False	True	0.19986730491280955	-0.5229617948180946	8	-0.0161271627103405	0.88225146523664	False	0.0016684279251222	0.0139729855612483	0.0086985475179825	0.0123089166807942	0.706686684422441	0.0186478439377547	0.0214620989023735	0.868873264566518	1.0	1.0	1.67976384047297	1.29459753250512e-07
MIR451A	JUND	False	False	True	0.8986587852695129	0.06236068729840519	6	1.49686913023121	2.5156694931318598e-49	False	0.0001870371701645	0.0051234280391243	0.0018875580813962	0.00211014007142	0.894517907584198	0.0192991284005605	0.0212728316435462	0.907219533531896	0.954	1.0	1.92371258726437	4.355506040775e-09
MIR451A	EEF1D	False	False	True	-0.6619056065440445	-0.7760589630047796	2	0.543411988674214	8.37258062693854e-16	False	0.0009451648481993	0.0055891942244993	0.0007615226012116	0.0009649553471627	0.789179109117092	0.0090399203902968	0.0106004556159508	0.852786023337921	0.988	1.0	2.60368858566688	6.30913749852735e-23
MIR451A	LCOR	False	False	True	-0.3920702726405778	-0.8805817396164632	2	-1.00413690091647	2.20464378540012e-12	False	0.0002281199332959	0.0032603632976245	0.000572693211899	0.0006865994065305	0.834100942196984	0.0075800833010417	0.0090584753475613	0.836794605074723	0.959	1.0	1.11099396046331	0.302820888597178
MIR451A	NFATC1	False	False	True	0.5217017876984434	0.42786592137214174	5	1.1226631415725	0.0001029422365094	False	0.0014367129397617	0.0090824406148113	0.0028488836471163	0.0037805761100082	0.75355807269017	0.0178013293633885	0.0192126564555939	0.926541803551873	1.0	0.999	2.5815689565305	1.10448509330383e-16
MIR451A	BACH1	False	False	True	-0.8220354793767829	0.48408494163088156	2	-1.45059197892293	2.8452302312222497e-33	False	0.0003735592646059	0.003959012575687	0.0059273455581988	0.0070574996548463	0.839864803128769	0.0141579493319567	0.0174254646032027	0.812486189283846	0.923	0.999	2.79886915035441	6.55498424091128e-22
MIR451A	GTF2H1	False	False	True	-0.9633344263714989	0.3045908859897248	2	-1.11450266999744	7.056055044377951e-25	False	0.00016230018132	0.0046576618537494	0.000414207954673	0.0005611249668895	0.738174166387759	0.0075583908796194	0.0081385228720583	0.928717778206342	0.971	0.967	1.51608172737657	5.74356449502142e-05
MIR451A	HSP90B1	False	False	True	0.41212963716714035	-0.8271973319351577	3	-0.181768898207561	0.0002671250109882	False	0.0014494785753331	0.0065207265952491	0.0001426719841714	0.0001892609955729	0.753837227472666	0.0075215246856696	0.0088617879747896	0.848759269243083	0.979	0.995	3.79392639153833	3.2319473737450298e-28
MIR451A	CHD3	False	False	True	-0.9431849548392693	-0.26078120589811205	2	2.22701118201265	5.79937590933669e-280	False	0.0017524313674578	0.0132743362831858	0.0014501250074227	0.0019707696968132	0.735816574492515	0.0117031454083278	0.013192209215857	0.887125516040228	0.994	1.0	2.91872584055619	1.60066853521501e-29
MIR451A	MED1	False	False	True	0.9316513006152042	-0.06027041310560636	6	-0.807547682211916	4.2598580938309505e-20	False	0.0012942346055464	0.011877037727061	0.0025761375974448	0.0029230690816114	0.881312594919811	0.0210941243935083	0.0224173351523604	0.940973770974165	0.974	0.98	4.14498026778721	4.0443522782001804e-44
MIR451A	HDAC3	False	False	True	-0.26504532524577257	-0.6252579101539769	12	-0.589406036685141	5.91608027619659e-08	False	0.0027901513685901	0.0179319981369353	0.0106377904792275	0.011765967404831	0.904115242989678	0.0414130625184067	0.0418547686264158	0.989446695740892	0.997	0.732	3.64260237483277	9.428095217977011e-09
MIR451A	USP7	False	False	True	0.9248659725186561	0.28199992902957594	2	-0.174645813742894	0.0252019502700565	False	0.0099592596464776	0.0249184909175594	0.0020944556515807	0.00228662786905	0.915958245733654	0.0147868349142433	0.0162728119436465	0.90868345098873	0.928	1.0	3.54016597178664	2.7239481957834196e-40
MIR451A	TOP2B	False	False	True	-0.7796759430659665	0.707684158050325	2	-0.210965107546696	0.0115957323579619	False	6.10359022841377e-05	0.0025617140195621	0.0001402511310916	0.0001744149130379	0.804123504399809	0.0065024480937606	0.0080372511439743	0.80903880907537	0.811	0.974	5.14084558933302	1.02559465846687e-23
MIR451A	YWHAZ	False	False	True	-0.11449204566730554	-0.7920455347226303	4	-0.868656183470283	5.16127832071009e-59	False	0.0127042655240607	0.0328365160689334	0.000486690939222	0.0005636741446161	0.863426048312868	0.0085656840603939	0.0105842238347542	0.809287879217729	0.748	0.99	2.76197870046833	2.3528286329579e-13
MIR451A	CSNK2A1	False	False	True	0.6553557208328694	0.6561071415214061	3	-0.336224781270551	2.02063849522777e-06	False	0.0238853696478738	0.0486725663716814	0.0027535290353438	0.0036928946606912	0.745628913993563	0.0142737658087715	0.016474280059794	0.866427288899081	1.0	1.0	2.27536537630482	5.55430360825039e-16
MIR451A	TRIM27	False	False	True	0.8718747983497612	0.5161269423941481	3	0.81242248639518	1.1910832424002801e-15	False	0.0158737043761575	0.0326036329762459	0.0012164226668427	0.0017406029303266	0.698851326542594	0.0080580591306987	0.0097141217106211	0.829520091547575	0.981	1.0	2.5322517146079	4.13006171062885e-16
MIR451A	UBA52	False	False	True	0.9353675049250064	-0.24283995788282992	4	0.801805943562977	3.28470236746814e-39	False	0.004887844788234	0.02026082906381	0.0016134791632903	0.0016688320915573	0.966831337588098	0.018175012158416	0.0196845675507027	0.923312747999244	0.799	1.0	3.03045601039206	9.37936323513827e-21
MIR451A	SUMO1	False	False	True	0.5788793674050258	0.21737455071742195	10	-0.377285309516264	0.0001117207750559	False	0.0027211964478883	0.016301816488123	0.0070987662042785	0.0086350589737063	0.822086592100204	0.0346994955504411	0.0359266357006953	0.965843165486535	0.999	0.888	3.2483976552045	5.32212919411662e-27
MIR451A	HTT	False	False	True	0.9484934432334867	0.16214913060360808	3	-0.326568382308218	0.0001934710162675	False	0.0037030844062829	0.0137401024685608	0.0016170488919401	0.002304029708845	0.701835087339514	0.0070966419662816	0.0075384165071308	0.94139690471715	0.944	0.75	1.28077373871867	0.107603344955095
MIR451A	PHB	False	False	True	-0.7260864355640267	0.617374742832651	2	0.863416968919901	8.63854390842194e-30	False	0.0008086975712829	0.0069864927806241	0.0002112683488092	0.0002446330121342	0.863613405918029	0.00767451248976	0.0084185318378752	0.911621246739506	0.922	0.991	1.90089639998178	7.65355729637386e-11
MIR451A	TFAP2C	False	False	True	0.8271792234846472	0.20328737769568242	2	-0.853382865494771	5.1225313213023e-10	False	8.17321337420085e-05	0.0018630647414997	0.0001925864324265	0.0002832652369774	0.679880222795614	0.006673349704961	0.0090735267096329	0.735474740805718	0.893	0.979	3.39183503567643	2.8025057699615e-09
MIR451A	TFDP1	False	False	True	-0.46273341004308	0.8692565448301661	2	-1.49951127569777	7.75563052587775e-94	False	0.0002703610900539	0.0048905449464368	0.000796600449105	0.0009824218781908	0.810853734825222	0.0102689613656981	0.012236685362561	0.839194688875198	0.962	1.0	1.96487053067573	1.94243716322672e-10
MIR451A	NFKBIA	False	False	True	0.8746241722179378	0.3873370346691325	3	-1.22942522331767	1.4125258594414601e-25	False	0.0025957048165258	0.0142058686539357	0.0004953788367494	0.000421259856532	1.17594598457013	0.0110563147653678	0.0109534962445519	1.00938682211783	0.064	0.428	2.4485835656925	1.58919679786809e-18
MIR451A	FBXW7	False	False	True	0.3056802227748102	0.9330564985760028	3	-0.570085961016235	0.0019896081047041	False	0.0005999955155609	0.0055891942244993	0.0026395077036617	0.0031317271248746	0.842828125955386	0.0202187592606274	0.0227941322746754	0.887015966082232	0.997	1.0	1.9694666640626	1.8395871746965302e-09
MIR451A	BANP	False	False	True	0.4633537263971501	-0.14963348200050974	6	1.03147931128972	4.54094624310695e-10	False	0.0022799162916786	0.0097810898928737	0.0078400241831824	0.0087613167512688	0.894845421728083	0.0176661901092006	0.0195256827562143	0.904766830935944	0.992	1.0	3.06801303428076	1.5412125819801502e-20
MIR451A	SMARCC1	False	False	True	-0.946302279337577	0.37339645660536147	2	-0.89729589764914	8.77973794379993e-34	False	0.00068489306792	0.0081509082440614	0.0012432254632951	0.0015967025074513	0.778620599324738	0.0115581347623768	0.0130521826688948	0.88553271552975	1.0	1.0	3.57257269599597	3.3487306390438195e-42
MIR451A	SREBF2	False	False	True	0.8020445280357809	-0.3420745336580048	4	0.562968751522566	1.60496993764377e-18	False	0.0003728754817867	0.0058220773171867	0.0005695356897011	0.0009059583352306	0.628655499434363	0.0150124753111296	0.0178019643313162	0.84330442594588	1.0	1.0	2.72592645570088	6.4145728782909e-23
MIR451A	PGR	False	False	True	0.6227691306741205	-0.752407081405683	5	5.80963764271917	0.0064872027649124	False	0.0005531511552005	0.0041918956683744	0.0113786181037989	0.0148871120218556	0.764326760428359	0.015535696107045	0.0199884439091706	0.777233894626347	1.0	1.0	4.00243662116843	8.67761927182778e-26
MIR451A	AR	False	False	True	0.25001168940683166	-0.9673369743352054	8	0.367597826345658	8.286257086481861e-10	False	0.0108176748248939	0.032137866790871	0.008525604924596	0.0112991767854999	0.75453328029497	0.0322496224272909	0.0340523182367013	0.947060996056724	1.0	0.998	2.48731915910853	1.98622514897249e-08
MIR451A	KDM1A	False	False	True	0.8215318746614817	-0.25668295946418107	9	-0.670934478872568	5.0145131760153505e-15	False	0.0031411132528589	0.0135072193758733	0.0030690384591769	0.0034298954838174	0.894790664513525	0.0229315637518532	0.0245393592720048	0.934480949468561	0.98	0.998	1.7503740222789	2.90174451381701e-08
MIR451A	KDM5C	False	False	True	0.6516128736793795	0.6059497808297246	2	-0.335723770084276	2.22535137621698e-05	False	0.0004220537543317	0.0048905449464368	0.0003823544446054	0.0005565378619136	0.687023239157134	0.0117335742905157	0.0139389968933952	0.841780393542916	1.0	1.0	1.75590791564	2.6070705303002602e-09
MIR451A	KDM5B	False	False	True	0.8713067950690027	0.536808537005263	3	-0.428561805309032	3.40144853077765e-06	False	0.0005023608265197	0.0020959478341872	0.0014681964498064	0.0020046921866938	0.732379993074035	0.0112686399431301	0.0148381174992286	0.759438651413557	0.999	1.0	1.85822188888354	5.60658265442863e-11
MIR451A	GADD45GIP1	False	False	True	0.024900100686052955	0.9413656752941149	3	0.152472023086855	0.225474441725288	False	0.0002536758171783	0.0030274802049371	0.000305157017293	0.0005262716579456	0.57984695296772	0.0083292485430006	0.0102967284159211	0.808921844546443	1.0	1.0	1.90286991574025	1.07965676972546e-08
MIR451A	PIAS4	False	False	True	-0.5459794874013476	0.7164867460423617	2	0.410162114456255	0.0095411344283974	False	0.0010437599475141	0.0088495575221238	0.0005783036824615	0.0006338483974444	0.912369085089093	0.011540621466474	0.0126484775119908	0.912411905348569	0.832	0.974	1.53477395172765	1.34558845788002e-05
MIR451A	CCND3	False	False	True	-0.8449829086838363	-0.460533202211397	3	-0.681758853457184	6.8509055196667e-09	False	0.0008797722568293	0.0060549604098742	0.0001550847318756	0.000224508450462	0.690774585795839	0.0091595627868087	0.0101857585285243	0.89925190756861	0.993	0.974	2.44340980876375	4.3337677302812e-15
MIR451A	RB1	False	False	True	-0.36335525885004577	0.636281470774431	8	-1.5013365127823	7.728855634830599e-57	False	0.0106136889179788	0.0274802049371216	0.0053050993621068	0.0059414101626492	0.89290239469704	0.0355064607428381	0.0372543053077708	0.953083420815576	1.0	0.995	3.18717115985842	8.570054365099339e-11
MIR451A	OTUB1	False	False	True	0.6888844371831733	0.7256854267116121	2	0.0650165048946548	0.536900161346255	False	0.0069399823583443	0.0195621797857476	0.0018982418037236	0.0022659165291748	0.837736862449638	0.0081492983421163	0.0086527103554676	0.94182030916669	0.951	0.958	1.6837281948447	2.91179723473599e-08
MIR451A	YBX1	False	False	True	0.7680572227633384	0.518524651557313	5	0.329292464664125	5.0466518399623605e-09	False	0.0035676327571856	0.0183977643223102	0.0009377853863514	0.0012691572461806	0.738904016167877	0.0126048624004538	0.0141718117156107	0.889431969136954	0.998	1.0	3.13848041364017	1.7700782526853599e-34
MIR451A	COPS5	False	False	True	-0.9780695207794295	-0.22644204047459623	10	-0.198335004102197	0.0869812840064672	False	0.0061048211516381	0.0195621797857476	0.003273815453919	0.0033597545358352	0.974421023619548	0.025610486319311	0.025913933321368	0.988290199010167	0.66	0.661	2.60650321921647	1.49904334290881e-21
MIR451A	HMGA1	False	False	True	-0.17282886830117075	0.9744798914365468	6	-1.57071891492196	4.65235572724233e-125	False	0.0017382133709464	0.011877037727061	0.0030319935428085	0.0039990961771027	0.758169698485495	0.0226813522527228	0.0231816174291617	0.978419746682143	1.0	0.8	3.52313000773179	4.7966492633184494e-18
MIR451A	HCFC1	False	False	True	-0.6898756657062224	-0.728594651635146	4	0.644462267402827	3.83480039559566e-19	False	0.0017508014722998	0.0104797391709362	0.0056917967520434	0.0074621329354181	0.762757351189496	0.0303692543123269	0.0320223968772242	0.948375427010179	1.0	1.0	6.56606188719781	4.01534927781002e-16
MIR451A	RBPJ	False	False	True	0.4089035269021735	0.9196564885617082	2	0.115047690168036	0.250723186308428	False	0.0048860343121578	0.0170004657661854	0.0052596946536193	0.0060938919889714	0.863109267958504	0.0135306709603532	0.016214572638541	0.834475953328033	0.917	1.0	2.54361995922778	2.66204517124746e-23
MIR451A	PPARG	False	False	True	0.9232813321492725	0.38300659191128145	11	-1.40165572190257	4.78642753115274e-07	False	0.0003631448695647	0.0081509082440614	0.0032128315577378	0.0042792077308317	0.75080055931601	0.0389128167717744	0.0421170626596484	0.923920480548043	1.0	1.0	2.04624549204544	5.92094872553996e-06
MIR451A	ESR2	False	False	True	-0.29683704728403176	-0.8432847928810332	4	3.10191642117498	0.0302281855584287	False	0.0001025395504111	0.003959012575687	0.0001746981864898	0.0003383822605611	0.516274659907257	0.0132028108874611	0.0164127234847705	0.804425353276199	1.0	1.0	1.84709145305718	1.27678353336857e-10
MIR451A	HIPK2	False	False	True	-0.6674608136923817	0.7478812032893057	2	0.847931262141932	1.83635087489553e-32	False	0.000996218306674	0.0067536096879366	0.0001611901165454	0.0001763664730932	0.913949877878306	0.0057847757533753	0.006430636096357	0.899565092270189	0.626	0.777	2.65084931644077	2.31176260365339e-05
MIR451A	GNL3	False	False	True	0.05108767352488384	0.9680511797505094	2	0.984882765218056	4.970938809394431e-46	False	0.0001263021379817	0.0032603632976245	7.70301509186293e-05	9.20246208406963e-05	0.837060236868307	0.0068884027904998	0.0074165805211899	0.928784197895374	0.816	0.803	3.45742426020107	2.28519063635371e-15
MIR451A	PLK1	False	False	True	0.9754080492514747	0.1074045476477038	4	-0.166739827307687	0.161867118093027	False	0.0007329870997207	0.0051234280391243	0.0009660450380123	0.0012449941608862	0.775943428782553	0.0125733097567037	0.0145460742203611	0.864378220970712	1.0	1.0	2.49919586181351	1.10863935232292e-22
MIR451A	PML	False	False	True	0.3591750981025549	0.6705797739447661	10	-2.18992362608411	1.03650737112858e-89	False	0.0080007858007285	0.0225896599906847	0.0067340645349144	0.0075855087814589	0.88775383813072	0.0348494223895813	0.0349476581435583	0.997189060463694	0.998	0.545	8.94178706895148	3.06857003364288e-18
MIR451A	CEBPA	False	False	True	0.31112360381575455	-0.9221407180272938	2	1.40831619900991	1.6381761926368402e-19	False	0.0004042997443073	0.0065207265952491	0.0007912385760704	0.000846869043092	0.934310425590074	0.0137255793303144	0.0141216945725025	0.97194987895012	0.779	0.83	1.88003549694115	2.23397600601279e-11
MIR451A	TRAF6	False	False	True	0.9594799203345049	-0.1495224064380295	3	-1.27065646232907	6.77104599597509e-09	False	0.0049822107939252	0.0244527247321844	0.0002165660663476	0.0003190497522021	0.678784624820559	0.0067254175626389	0.0087525504272022	0.768395180190774	0.974	0.999	2.96750867417675	2.6679297631953502e-14
MIR451A	MNAT1	False	False	True	0.11022612851831656	-0.9894536406765296	2	-1.42765644285667	2.1157018248317498e-22	False	0.0004309957748537	0.0055891942244993	0.0015571236690005	0.0018722120327697	0.831702628626387	0.0105361113620591	0.0123001854382563	0.856581505616124	0.893	0.989	2.6473587893337	6.698050955995291e-15
MIR451A	XRCC5	False	False	True	-0.47596660688846965	0.759005320390121	7	-0.587683672256141	2.4750111362037102e-20	False	0.0026513990860208	0.0130414531904984	0.0094179653445018	0.0112002942045366	0.840867674769399	0.0228251598719627	0.0252447304861953	0.904155419066336	1.0	1.0	2.84890281128655	2.0672067801566103e-15
MIR451A	TRIM28	False	False	True	0.22562436680990183	-0.9109056293122753	5	0.59100223666987	2.5647554473643103e-19	False	0.0042248849215995	0.0137401024685608	0.0071467807773071	0.0083659621790149	0.854268836552246	0.0250063576113209	0.0269236730583433	0.928787003063528	0.983	0.99	4.1503854791375	2.1722791162201e-44
MIR451A	NCOA2	False	False	True	0.5886773921446138	-0.8362473849157156	5	0.857870466462827	1.82292310507245e-17	False	0.0001941367422756	0.0058220773171867	0.0008613018919503	0.0009882416856912	0.87154984901073	0.0165100571838694	0.0184659152135376	0.894082800280903	0.932	0.998	2.48791420487313	4.87476873514072e-22
MIR451A	TWIST1	False	False	True	0.5777311911996482	0.7426658576343148	2	0.152160574972577	0.616322400300272	False	0.000994407299521	0.0037261294829995	0.0035954544435356	0.0042870729636201	0.838673489825455	0.0163480587257058	0.0178284926332377	0.916962474731494	0.985	0.998	2.73629197099469	2.8979385001689797e-26
MIR451A	ATR	False	False	True	0.5458677368610712	-0.6914548934644036	4	-0.865415309627834	1.30187993518144e-14	False	0.0009104608176838	0.007452258965999	0.0003595784924729	0.0004677803634535	0.768690865555585	0.0080591676698194	0.0089892300023757	0.896535928849246	0.998	0.991	2.90985795104639	4.3994668376910604e-24
MIR451A	KPNA3	False	False	True	0.9553388829496887	0.02274109923353383	2	-1.65283857049153	2.44100698448319e-41	False	0.0007107615676743	0.0060549604098742	0.000632513632811	0.0011594630790952	0.545522875385224	0.0108860407996569	0.0125295785802977	0.868827369563316	1.0	0.999	1.44372965052279	0.0001851600410036
MIR451A	CREB1	False	False	True	-0.9196046265537109	0.2835086118832438	3	-0.600232504411478	4.5967343029176706e-09	False	0.0027326678908263	0.0132743362831858	0.007859879392177	0.0096585403635567	0.813775073284751	0.0215148945701214	0.0246027874665551	0.874490120250344	0.985	0.999	1.93660854537827	8.81024794386366e-13
MIR451A	MTOR	False	False	True	-0.8686578907424716	0.380874325801355	2	-0.347911170480877	5.14663684782741e-05	False	0.002493171278898	0.0104797391709362	7.70301509186293e-05	9.20246208406963e-05	0.837060236868307	0.0068884027904998	0.0074165805211899	0.928784197895374	0.816	0.803	3.45742426020107	2.28519063635371e-15
MIR451A	TEAD2	False	False	True	0.25036028475739286	0.9021201722400454	4	-1.49345782959318	3.3648917275816095e-11	False	0.0017194040223882	0.0109455053563111	0.0058312841867994	0.0082970053657096	0.702817936083219	0.0158704537352586	0.0191496355188258	0.828760094136336	1.0	1.0	1.95875005511625	8.76405441811156e-13
MIR451A	PPP1CA	False	False	True	0.9679121041213558	0.06594112690961401	2	-0.0660667960366004	0.473361263994111	False	0.0059804564415212	0.02026082906381	0.0004251093315756	0.0005762701438431	0.737691057080732	0.0076484418297266	0.009068985168685	0.843362480747735	0.956	0.995	2.74221461203227	1.69640899043259e-15
MIR451A	KAT5	False	False	True	-0.07474933104063285	0.21926999782466486	8	0.958443941775026	7.157203753148591e-14	False	0.0060212975353292	0.0193292966930601	0.0114751175994682	0.0129770619311494	0.884261604078813	0.0340833345831747	0.0355352151196474	0.959142486359398	1.0	0.996	3.85829806957377	3.56885135059977e-12
MIR451A	FBXW11	False	False	True	-0.8643755219645196	-0.021675396686330214	3	-0.0542273243719681	0.605103480213547	False	0.0007420974821128	0.0090824406148113	0.0015303330043245	0.0018932390442734	0.808314728641079	0.0191384198758526	0.0209922632446536	0.911689209153133	1.0	1.0	1.80140692966224	1.2966390381432602e-09
MIR451A	PIAS1	False	False	True	-0.7533182152433512	0.6073880664619428	8	-1.1142071456845	4.61603218334455e-12	False	0.0017029410395588	0.0111783884489986	0.0056734144873889	0.0065030226720594	0.872427296273312	0.0260079722187316	0.028042224649835	0.927457523199203	0.999	1.0	1.74693692656956	1.87806790323186e-05
MIR451A	TFIP11	False	False	True	-0.3728293957806663	-0.9062687818923556	2	0.523359020392659	8.27239321491183e-05	False	0.0038314001005834	0.0128085700978109	0.0003453539914768	0.0005449048738049	0.633787672085401	0.0064227368216233	0.007326605178945	0.876632036905817	0.95	0.907	3.49008190278464	2.60348797057954e-14
MIR451A	PRKDC	False	False	True	-0.4968081258287936	-0.8015466554553903	4	-1.24483768112986	1.53241622670684e-81	False	0.0045480642326754	0.0174662319515603	0.0010840569520391	0.0012192826919504	0.889094021588227	0.013333315970419	0.0141917611593679	0.939511017744106	0.942	0.978	3.39601233573571	8.24043926482302e-39
MIR451A	ATF3	False	False	True	0.719745885814008	0.43596257084989765	6	-0.363412288333933	0.0004899812137875	False	0.0004674105540392	0.0065207265952491	0.0025315888386018	0.0030545891037243	0.828782121796729	0.024055274969084	0.0254117412400692	0.946620490970277	0.942	0.905	1.87619028974541	2.02973132529942e-11
MIR451A	HSPA8	False	False	True	0.05121411486839605	0.7989086287875987	3	2.4082026167568	0.0	False	0.0003362225142663	0.0062878435025617	0.0005911864597963	0.0008820887863488	0.670211966125724	0.0099359749675747	0.0116815017770532	0.850573424308568	1.0	0.999	2.37092058341243	1.38814600114512e-17
MIR451A	NCOR1	False	False	True	0.003805746093697704	0.5900958651467447	11	-0.370323041491951	2.40001047883083e-07	False	0.0026968289175194	0.0167675826734979	0.0043964962274123	0.0054801397482735	0.802259874631369	0.0354560583469579	0.0364703400527357	0.972188860747908	1.0	0.954	5.02679873089958	1.5157654351401e-13
MIR451A	EP300	False	False	True	0.04128037631447959	-0.12990746179309579	40	-0.535208213230849	1.82065626800474e-10	False	0.0190185693756178	0.0461108523521192	0.0910913708206446	0.103353914231261	0.881353855808714	0.151698629159617	0.152729162114014	0.993252546271232	1.0	0.665	inf	0.61358870699282
MIR451A	PIN1	False	False	True	0.9173526965728594	0.1866260812822763	3	1.35168601477092	1.5096214004575798e-40	False	0.0056796859858937	0.0174662319515603	0.0044411773054448	0.0051076765778568	0.86951028275725	0.0205393538975501	0.0221132708574139	0.928824778115709	0.999	1.0	2.47874861530502	4.6812961533656605e-15
MIR451A	APPL1	False	False	True	-0.45895099578184206	-0.8238920801674232	3	-0.311475338881936	0.0007098903458436	False	0.0008957634553844	0.0065207265952491	0.0005008550739452	0.0005096341219631	0.982773822160791	0.0070693657146093	0.007113351468999	0.993816451417957	0.588	0.55	1.60053972127438	1.11794495859011e-06
MIR451A	NLK	False	False	True	-0.0804832369060173	0.8811402002249062	3	0.108071014922457	0.542527770112985	False	0.0012611979890363	0.0069864927806241	0.0007038392820562	0.0009051092331289	0.777629104084059	0.0094310821305894	0.0110019355402955	0.857220267838082	0.928	0.991	2.50512541649427	2.5687439039898704e-15
MIR451A	DAXX	False	False	True	0.41797717806936024	-0.9033384401544088	3	-0.470367540479345	1.46026320587756e-05	False	0.0034052199099794	0.0153702841173731	0.0009605543905648	0.001527493886878	0.628843361545672	0.0134070524764682	0.0153042772015066	0.876033039649102	1.0	1.0	2.94436345459892	3.71101164880074e-31
MIR451A	UBE3A	False	False	True	-0.6177451412931221	-0.7900647617887107	3	0.106697714838302	0.193060958447672	False	0.001118192059602	0.0090824406148113	0.0004629045809178	0.0007027754524706	0.658680634462194	0.008386389242323	0.010239670568285	0.819009672859776	0.99	1.0	4.39859513538131	7.45663461943027e-40
MIR451A	BIRC3	False	False	True	-0.5069898054913347	0.6783636840556357	2	-1.91245297164404	3.5534098011496396e-18	False	0.0004741021282841	0.007452258965999	0.0003452461710089	0.0006554697427529	0.52671564908392	0.0117564307985103	0.0141318043034668	0.831912935252456	1.0	1.0	1.51164536982457	1.46289500760144e-05
MIR451A	CCT5	False	False	True	-0.8485313584363353	-0.6011789574111601	2	-0.100845095901305	0.137605988838338	False	0.0008437026995511	0.007918025151374	0.0001600625146732	0.0001385596217046	1.15518873899964	0.0064208901388196	0.0063172401627932	1.0164074775306	0.167	0.434	3.7315338789961	3.4599483177202903e-23
MIR451A	RARA	False	False	True	-0.830364461436399	-0.5159965758762994	6	-0.134025346348399	0.470907401425808	False	0.0026740765613072	0.0142058686539357	0.0044959364820762	0.0068023549525054	0.660938235870842	0.0299016944848963	0.0337174761752647	0.886830744076638	1.0	1.0	1.97098984846239	4.89257670083288e-06
MIR451A	HDAC2	False	False	True	0.447469020055529	-0.3955772064986799	16	0.259535358284113	0.0008361525058334	False	0.0077091866883946	0.0300419189566837	0.0197995843116561	0.0235020151683683	0.842463259844402	0.0576092919402582	0.0601274757654936	0.958119249258747	1.0	0.998	27.7016767711942	4.4145079143239006e-10
MIR451A	FOXK2	False	False	True	-0.7067290544357236	0.6971116434734523	3	-0.810549760351143	8.7594450497324e-24	False	0.0049037690869009	0.0186306474149977	0.0019970434893656	0.0026158000395617	0.763454185779521	0.0130094248532304	0.0148022359156764	0.878882415287866	0.999	1.0	2.02268109424323	1.80259162659408e-13
MIR451A	HSPB1	False	False	True	-0.8848091241554277	-0.5288518928925217	3	0.358005602387057	0.0622406778569257	False	0.0189802527087237	0.0344666977177457	0.0008573981885914	0.0013586070533084	0.631086219156266	0.0091751563441749	0.0104820696358382	0.875319155751938	0.998	0.998	3.13330718636309	2.66967607486314e-31
MIR451A	RUVBL2	False	False	True	-0.31017062570420545	0.9363654133440357	2	-0.005317345010651	0.960237032470839	False	0.0035647571700694	0.016301816488123	0.0004177944621088	0.0005173086151943	0.80763097663064	0.0107939919061163	0.0120213721425878	0.897900154665103	0.999	1.0	3.03470132155907	7.3653302216275e-33
MIR451A	RXRA	False	False	True	0.9436762656965952	-0.33065714794518536	10	0.587366263887377	5.61543033730386e-08	False	0.0011398358026442	0.0111783884489986	0.0020638394878602	0.0028085303913133	0.734846770483114	0.0268972458956177	0.0294517344072864	0.913265260498995	1.0	1.0	4.08532855483579	5.374893287966669e-16
MIR451A	TLE1	False	False	True	0.0989965402919466	0.9506980084191967	2	-0.0768995005712635	0.544704797491225	False	0.0016774711583657	0.007452258965999	0.0029071687825451	0.0035186899089981	0.826207724389345	0.0125665133582167	0.014051522963423	0.894316821808438	0.984	1.0	1.84249544219253	3.5909356163366295e-11
MIR451A	CEBPB	False	False	True	-0.22808310412285634	0.9524759690876243	6	-1.24764079331658	9.42804687986243e-41	False	0.0002252441005197	0.0065207265952491	0.0020712603544319	0.00289864327294	0.714562006911281	0.0260917147094318	0.0294939325340914	0.884646856748348	1.0	1.0	2.80379264043316	6.546779197481299e-13
MIR451A	CTBP1	False	False	True	0.21314121259707872	-0.18107134027613556	5	1.72769068578088	3.9422793138365504e-110	False	0.0033985898827302	0.012342803912436	0.0077884949666519	0.0101020171859795	0.770984133491826	0.0258919354698666	0.0292497876625969	0.88520080106345	1.0	1.0	1.61663622210144	0.0002785373384947
MIR451A	KPNA4	False	False	True	-0.062133252415768774	-0.9826034884185001	2	-2.0851726571578	6.14050756830428e-199	False	0.0005322666788972	0.0044247787610619	0.0002365222558105	0.0002914095713692	0.811648892310437	0.0068200231340026	0.0072602341760659	0.939366826002042	0.94	0.816	2.94176014876484	7.41656607848435e-18
MIR451A	PSMC5	False	False	True	-0.779773809137841	-0.336425481006754	5	0.968843935807691	4.01450419215743e-32	False	0.0011281906106863	0.0128085700978109	0.0019739695332491	0.0023605570666312	0.83623038017303	0.0149363110906208	0.0157957958896772	0.945587749736744	0.999	0.975	2.64263915932442	2.1364461032082501e-19
MIR451A	ATXN1	False	False	True	0.8505592634027404	0.3930454583617248	5	0.113497046646652	0.421519597223793	False	0.013661934576142	0.0286446204005589	0.0045824858194063	0.0078583402424128	0.583136601120159	0.0183359077021592	0.021262016506506	0.862378584672276	1.0	1.0	1.65729886328097	1.54749851455644e-06
MIR451A	FOSL2	False	False	True	-0.6313969126783477	-0.6437015694764402	2	-3.0226820248758	1.8258994682084e-290	False	0.0003723835522587	0.0044247787610619	0.0001710210300902	0.0001859826096065	0.919553879000049	0.0096011790546862	0.0097457550638383	0.985165232636664	0.749	0.616	1.6617476328133	2.1706116173592e-07
MIR451A	S100A4	False	False	True	0.4014040949869562	0.8598429168643127	2	-1.92376347887774	0.0205575514010049	False	0.0011737273176825	0.0062878435025617	0.0004504405636577	0.0005836841314256	0.771719735737079	0.0068756401941324	0.0075985216035339	0.904865518962886	0.964	0.964	2.33425686892166	2.9125483965416e-13
MIR451A	PELP1	False	False	True	-0.593381477857505	0.8403982072613376	2	0.757286880494754	5.0931482495465003e-20	False	0.0002171909049234	0.0041918956683744	0.0002635649264964	0.0003856684842521	0.683397625832672	0.009422246206439	0.0108980347608208	0.864582139186481	0.999	0.999	1.51347946474328	3.49613920913167e-05
MIR451A	ZBTB17	False	False	True	-0.1591813886622175	-0.9120599819541585	3	-0.934624882844791	5.72398477618772e-07	False	0.0002245513950023	0.0030274802049371	0.0010366423683737	0.0011022428241157	0.9404845699089	0.0111547712809248	0.0121705376972974	0.916538903897553	0.731	1.0	2.0776435213177	8.7955120717106e-15
MIR451A	HIPK3	False	False	True	-0.7991350315901398	-0.5973009698647188	2	-1.28205510412619	1.5150251980318498e-49	False	0.0003133266605483	0.003493246390312	0.0006349426416718	0.0006380643710535	0.995107500867665	0.0067712545272668	0.0074632482070766	0.907279825002516	0.505	0.874	2.5165849522982	1.30683069536995e-10
MIR451A	CREBBP	False	False	True	0.3752723789267761	-0.6849509851969042	17	-1.47852657515799	8.12574148014725e-74	False	0.0074302139139582	0.0291103865859339	0.0258275558318067	0.0286586298838102	0.901213907870634	0.080871770144158	0.0812177414466612	0.995740200400298	1.0	0.595	inf	1.2036933348361e-05
MIR451A	HES1	False	False	True	0.5190101996480383	0.8484970284980846	2	-3.39534238338495	1.54205368948807e-57	False	0.0001901838954918	0.0023288309268747	0.0002257887964021	0.000530809521611	0.425366891906645	0.0073706487756961	0.0088682887180162	0.831124133421863	1.0	0.991	2.17795947021623	1.14011097064773e-07
MIR451A	ETS1	False	False	True	-0.989215713343968	0.011152370018496997	3	-7.43572883412247	7.42521507927898e-254	False	0.000569819318934	0.0055891942244993	0.0002846132666591	0.0003246422726435	0.876698109403836	0.0107881932614706	0.0111632589876491	0.966401771508357	0.943	0.832	1.95025423924239	6.04909543070822e-12
MIR451A	PTK2	False	False	True	-0.380424078145769	0.9302961503131392	2	-0.749644997703884	5.71553191051995e-19	False	0.0010424381393949	0.0069864927806241	7.70301509186293e-05	9.20246208406963e-05	0.837060236868307	0.0068884027904998	0.0074165805211899	0.928784197895374	0.816	0.803	3.45742426020107	2.28519063635371e-15
MIR451A	BHLHE40	False	False	True	-0.5848378592072563	0.7654293325599579	2	-1.37363614579217	3.27551851152468e-34	False	0.0012447409467386	0.0058220773171867	0.0029421079126945	0.0041328512872466	0.711883324177048	0.0102877655777944	0.0116438351819426	0.883537547297884	0.999	1.0	1.67709043197239	1.24323455466481e-07
MIR451A	HUWE1	False	False	True	-0.8969560692376788	-0.3384828640863616	4	-0.931472004280521	2.9120919373941203e-44	False	0.0030665068908828	0.0093153237074988	0.0008228416177813	0.000912458053274	0.901785692864218	0.0109885464002054	0.0118170811855724	0.92988668078386	0.894	0.997	2.3099627793815	9.63618782960225e-19
MIR451A	SMAD3	False	False	True	-0.5603640958684059	0.036797073133576406	15	-2.16165222493266	8.320005204690681e-58	False	0.0142633521925969	0.0353982300884956	0.0234128917593282	0.0265082909073488	0.883229018466728	0.0564777135096097	0.0576751895173835	0.979237588679048	1.0	0.888	3.84065139816104	7.26675505843946e-07
MIR451A	MAPK3	False	False	True	-0.7983250816977139	-0.17878501779003123	5	0.60541244402643	1.57152167263984e-07	False	0.0035495655355407	0.0149045179319981	0.0058526702473086	0.0064485640607313	0.907592789990039	0.0177687131445431	0.020199818170438	0.879647182693319	0.967	1.0	3.87915015977598	2.14261147201498e-40
MIR451A	KAT2B	False	False	True	-0.5223435605565516	0.23569047967468365	12	0.77989922154428	4.45247752485238e-05	False	0.0025621468669761	0.0144387517466232	0.0081200528269469	0.009289806922211	0.874081979845323	0.0411430080391125	0.042468147517928	0.968796861736057	1.0	0.978	2.58944214741435	2.15799677678495e-06
MIR451A	SETD7	False	False	True	-0.35229013004866777	-0.9373651727794213	2	1.47911156222422	1.80336762709547e-102	False	3.51775659372231e-05	0.0023288309268747	7.70301509186293e-05	9.20246208406963e-05	0.837060236868307	0.0068884027904998	0.0074165805211899	0.928784197895374	0.816	0.803	3.45742426020107	2.28519063635371e-15
MIR451A	MAPK14	False	False	True	-0.8657087318250928	0.4579256065936067	9	-0.881950089831384	1.8517874165084702e-15	False	0.0045581292260622	0.0170004657661854	0.0027319997051986	0.0028452349162072	0.960201806057007	0.0205872965352552	0.0212357606443338	0.969463579857612	0.704	0.895	2.06702863489229	1.6520296510931e-11
MIR451A	WDR5	False	False	True	-0.20367659274124625	-0.9325200901406228	2	-0.591551586341411	1.0870933903355001e-10	False	0.0068327125052993	0.0176991150442478	0.0035177704658683	0.0044337118786281	0.793414313371401	0.0124777538848849	0.0130820377444083	0.953808124442867	1.0	0.968	2.90025535461358	1.22775593193121e-27
MIR451A	VRK1	False	False	True	-0.9338715854140305	0.1556560451990963	2	-1.47982739283321	2.86880503407017e-22	False	7.58446818483212e-05	0.0025617140195621	0.0001196384577053	0.0001250804297577	0.956492218143812	0.0071887771416881	0.0078553094828361	0.915148812073621	0.603	0.84	4.07846602445718	3.8488900953394703e-19
MIR451A	ATF7IP	False	False	True	-0.9967819940114915	0.12574235423996574	3	-0.473079062924079	0.0009511121629902	False	0.0013825822821541	0.0055891942244993	0.0002100591928069	0.0003034268515731	0.692289399299685	0.0100065942024139	0.0111841351553297	0.89471327585355	1.0	1.0	1.79798318322524	2.21180975736559e-10
MIR451A	CCNH	False	False	True	-0.956273587807607	0.10957199696771955	2	1.07977454109603	3.9773897089044503e-23	False	0.0007294064008134	0.0058220773171867	0.0001450048815105	0.0001999171831105	0.725324753252208	0.0072444002620798	0.0089641769008463	0.808150078050767	0.947	0.995	4.30751026871736	4.68791659899402e-28
MIR451A	CDKN1A	False	False	True	-0.9820284203607496	-0.06773309082485617	3	-1.50088253093751	2.0248840007937e-132	False	0.003759596284164	0.0156031672100605	0.0005095621860382	0.0006644547487786	0.766887718049838	0.0098142458493301	0.0103426099703814	0.948913850317823	0.987	0.894	1.77584571861074	1.25464221303273e-08
MIR451A	FHL2	False	False	True	-0.976377142836667	-0.1170471430851558	4	-7.33115461746416	3.46004706639343e-89	False	0.0023437410802474	0.0111783884489986	0.0092772834225816	0.0117613013940475	0.788797354285724	0.0227289308823065	0.0245895538519111	0.924332788597543	1.0	1.0	4.35382969990286	2.70138669559224e-20
MIR451A	HDAC5	False	False	True	0.005431332970453237	-0.9570834288263447	5	0.214139234264019	0.170476470311628	False	0.000571443999744	0.0072193758733116	0.0009726395614986	0.0012114746653392	0.802855882443348	0.0183212342329118	0.0193795213320244	0.945391473763399	0.993	0.924	1.50077557964158	1.66210415322855e-05
MIR451A	E2F1	False	False	True	0.46832068389192527	0.7910358310525724	7	-1.58598313818408	1.07173313586322e-50	False	0.0001827683649204	0.0060549604098742	0.0002878200739453	0.0004731835892027	0.608263009353947	0.0146080710736858	0.0169278377686528	0.862961429175393	1.0	1.0	2.04554087204059	1.5251987062828e-14
MIR451A	PARP1	False	False	True	0.19787295479511727	-0.41955990132027643	12	1.23681944152871	4.00780403560358e-80	False	0.0043746073448282	0.019795062878435	0.0056290954420259	0.0067579388977826	0.83296039327507	0.0414538600038705	0.0432528477247948	0.958407646766504	1.0	0.996	26.3355429298372	6.10502647763146e-18
MIR451A	RPA2	False	False	True	-0.4470503009862692	-0.9297081656896586	3	-0.634326210530057	2.97503678641488e-08	False	0.0023598764480035	0.0121099208197485	0.0011699812042501	0.0016429485392661	0.712122854908648	0.0117749025527492	0.0141212089014256	0.833845220685074	0.995	1.0	2.94530276416129	8.34170441896853e-30
MIR451A	TUBB	False	False	True	0.034010145201937174	-0.9346797716393825	2	0.429543128680618	1.7521128970648701e-15	False	0.0011052784902085	0.0069864927806241	0.0001196384577053	0.0001250804297577	0.956492218143812	0.0071887771416881	0.0078553094828361	0.915148812073621	0.603	0.84	4.07846602445718	3.8488900953394703e-19
MIR451A	NCOA3	False	False	True	-0.7233147473228128	0.6818405303852615	5	-2.83250541170643	8.540074131942991e-205	False	0.0007449857406396	0.0102468560782487	0.0016028377855203	0.0019210988723048	0.834333832905443	0.0204711081966932	0.0219159462547745	0.93407366301756	1.0	1.0	1.84899778558072	8.669603690279291e-10
MIR451A	STAT3	False	False	True	-0.47874980822980695	-0.5918048780582958	9	-0.13163942522722	0.0914843663541713	False	0.0059382301953659	0.0214252445272473	0.0061827079117066	0.008685419537472	0.711849080523078	0.0338998579658089	0.035336784814797	0.95933623116763	1.0	0.99	1.47614569072492	0.0027803915381265
MIR451A	PRKAB2	False	False	True	0.5373726462968242	0.8076618157396684	3	-1.46686393150303	7.1853363017126e-28	False	0.0011178305666712	0.0069864927806241	0.0009911710714469	0.0010299119877791	0.962384245652127	0.0075251151678429	0.0077873716829377	0.966322846041965	0.614	0.841	1.53572647920124	5.72879827295197e-06
MIR451A	CCT4	False	False	True	0.02369774574538881	-0.9972200562928604	2	-0.545259778914987	5.73632877192956e-13	False	0.0009748848646558	0.0081509082440614	0.0001600625146732	0.0001385596217046	1.15518873899964	0.0064208901388196	0.0063172401627932	1.0164074775306	0.167	0.434	3.7315338789961	3.4599483177202903e-23
MIR451A	NFATC2	False	False	True	0.9321101794046541	-0.38145248866717046	4	-2.18442130434378	1.46114168314636e-05	False	0.0003018886092561	0.003493246390312	0.0005162789903079	0.0005979327188259	0.86343993906478	0.0132378300625487	0.014664858601167	0.902690603610411	0.988	1.0	2.26647881195476	5.4944855868267e-15
MIR451A	NR3C1	False	False	True	0.8783454941429178	-0.507148441731013	7	-6.23960996901591	1.08927040904652e-119	False	0.0023288716958538	0.0144387517466232	0.0027002429725162	0.0033418673251957	0.808004241268921	0.0179098424044523	0.0188927800826974	0.947972840739024	1.0	0.972	1.95979238699042	8.58815236750503e-13
MIR451A	SFN	False	False	True	-0.6595782703942423	0.8094649467764915	2	-9.37539067778575	2.02939883968959e-133	False	0.0037412690062811	0.016301816488123	0.0001397486094271	0.0001805443406047	0.774040376780113	0.0068193317615452	0.0079420703558898	0.858634015560942	0.873	0.969	3.89124596251064	1.11352584700915e-20
MIR451A	NCOA1	False	False	True	0.4236738108597345	0.6762524117043484	8	0.350610599696593	0.0015651157298211	False	0.0008166535458091	0.0104797391709362	0.0031760121746724	0.0037028269477473	0.857726331662498	0.0249459436492488	0.0265892730416971	0.938195775797584	0.983	0.97	2.66332849265863	8.37165319186759e-26
MIR451A	HDAC1	False	False	True	-0.3505184613634047	-0.33694600454169177	18	1.02236849067477	1.10322455714058e-41	False	0.0256934636358854	0.0540288775034932	0.0367143003586985	0.0408874748326039	0.897935138059011	0.0868537561213275	0.0872812892380642	0.995101663592862	1.0	0.609	4.50986970257268	0.0025641385651938
MIR451A	HDAC7	False	False	True	0.8330335173043737	0.42333574912207655	5	-0.829998912007442	4.53695841921721e-16	False	0.000745855981342	0.0055891942244993	0.0007447638715223	0.0013369034781083	0.55708125808469	0.0153596249448851	0.0176094250945455	0.872238864268361	0.999	0.974	1.60865740084966	9.75431483938591e-05
MIR451A	MDM2	False	False	True	0.3833067011389419	0.1161887364304554	8	-0.217018650949934	0.0039017356820614	False	0.0173119577858483	0.0430833721471821	0.0066942063261367	0.0075517694341232	0.886442096058759	0.0437974040014081	0.043456954487688	1.00783417792926	0.994	0.33	20.4006930806417	1.17042354852649e-13
MIR451A	NR4A1	False	False	True	0.3187989301394842	0.8852732348947903	2	-0.313752055108596	0.111151395127448	False	0.0002823594108444	0.0046576618537494	7.76635314744046e-05	9.21553101554412e-05	0.842746135229833	0.0069357533079616	0.0073329984914495	0.945827728731827	0.788	0.739	3.52811052446137	3.5465819831804404e-15
MIR451A	RANBP9	False	False	True	-0.986750960163038	0.06066870828933292	3	-0.525231921968577	3.38181682290668e-08	False	0.0014555054763182	0.0088495575221238	0.0003789509210543	0.0005117549183941	0.740492973166582	0.0102388418010358	0.0120249086285394	0.851469405491814	0.97	0.992	3.22358750169102	1.22542936563842e-25
MIR451A	SET	False	False	True	0.8213062698340902	0.5743609149856059	3	-0.0226952680189209	0.707991021689757	False	0.0015741643008434	0.0081509082440614	0.0007043004644388	0.000746689304936	0.943230952663982	0.0126329621890511	0.0137788611030587	0.916836456552042	0.763	1.0	1.95497948406368	2.03287241318253e-12
MIR451A	RPS3	False	False	True	-0.6673358640996174	0.7070792763626362	3	0.866948697640575	8.662890319095089e-69	False	0.0004211767002375	0.0069864927806241	0.0001582750457449	0.0001521309192794	1.04038709878694	0.0085735950965332	0.0085543570191526	1.0022489214955	0.324	0.478	2.2264592801485	5.2785046066275e-14
MIR451A	HIF1A	False	False	True	-0.4898701252667028	-0.6927613073072109	9	-2.80152827356753	0.0	False	0.0038770696754575	0.0167675826734979	0.0139029338500665	0.0164067858119324	0.847389245488606	0.0272186506410352	0.0272034819918412	1.00055759954548	1.0	0.495	1.61284533148498	0.0001540361739369
MIR451A	AURKA	False	False	True	0.8846788080362038	0.3022832299444269	6	-1.9878293807261	4.9601984832674404e-65	False	0.0003527932212748	0.0044247787610619	0.0027876387765061	0.0029084074868276	0.958476000743187	0.020441554966676	0.0223239003254896	0.915680265035752	0.774	1.0	1.42826695372544	0.0016799002403804
MIR451A	PCNA	False	False	True	0.6530589704090832	-0.7056087925170084	2	-1.31820790150303	6.6119583472092295e-62	False	0.0064255127901966	0.0230554261760596	0.0001007254782675	0.0001035557375098	0.972669218429957	0.0060287561732855	0.0068137889713831	0.884787626767634	0.574	0.92	4.16638146020478	2.9671753952765e-17
MIR451A	APEX1	False	False	True	-0.9200254629275111	-0.3600532580132182	2	1.14932416000914	5.30236910784167e-68	False	0.0004791967847449	0.0046576618537494	7.70301509186293e-05	9.20246208406963e-05	0.837060236868307	0.0068884027904998	0.0074165805211899	0.928784197895374	0.816	0.803	3.45742426020107	2.28519063635371e-15
MIR451A	FOXK1	False	False	True	0.677974020227022	-0.6252748305840926	3	0.574039276976994	4.44166865271061e-09	False	0.0011715785961293	0.0088495575221238	0.0002282214733708	0.000341336990616	0.668610433809132	0.0072403076027975	0.0089878231084355	0.805568547071435	0.994	0.999	3.02949532532075	3.36081668502101e-20
MIR451A	PPP1CC	False	False	True	0.7361120377246497	-0.6860470336882324	2	0.357235413280619	9.26193796724556e-07	False	0.0036247413745342	0.0188635305076851	0.0002645840021842	0.000434881006974	0.608405513097183	0.0070861242027345	0.0087453281060786	0.810275396964145	0.999	1.0	2.8057051538088	3.1464933968419703e-15
MIR451A	NFYA	False	False	True	-0.3441430179562764	0.9125982988950898	3	-0.0915135849268477	0.47203848786843	False	0.0003307304677496	0.0041918956683744	0.0004264154590789	0.0006379004095256	0.668467134855868	0.0125434910484976	0.0140716124994403	0.891403955942966	1.0	1.0	1.6935420865798	1.43921896263e-08
MIR451A	PSME3	False	False	True	-0.7791712809365274	-0.5260676046697951	3	0.242192810212101	0.0008571790050103	False	0.0014345163411961	0.0086166744294364	0.0006475703404114	0.000593117327565	1.0918081639427	0.0077913770776912	0.0077776925893991	1.00175945347991	0.15	0.476	1.46926165020188	0.0001201492553646
MIR451A	PATZ1	False	False	True	-0.3751746934686472	0.8495035058234055	3	1.97889391051293	5.95802134460457e-78	False	0.0001479138196647	0.0023288309268747	0.0052808516765579	0.0064695170648478	0.816266751231165	0.0132376120296877	0.0152366154083761	0.868802662198227	0.995	1.0	2.18549088580596	3.8283531119067e-17
MIR451A	TADA3	False	False	True	0.9698827484648962	-0.01347042341939955	3	0.362397440585214	4.79268233675038e-05	False	0.0007110369250231	0.0053563111318118	0.0006732402674679	0.0016381534417996	0.410975095671367	0.0084842077872585	0.0096583833606323	0.878429388280469	0.952	0.975	3.66988310609501	5.95261865422296e-26
MIR451A	CALR	False	False	True	-0.7695602913503233	-0.7349328581253514	2	1.25421842430384	2.55824254103459e-115	False	0.0005011982874767	0.0030274802049371	0.0006978563049087	0.0008516910730454	0.819377268348404	0.0074277073230514	0.0086709612965256	0.856618668800611	0.932	0.989	2.42989783992686	2.8261538507529297e-12
MIR451A	XRCC6	False	False	True	0.37239373900070294	-0.8253142911233459	8	0.614031748937833	5.61905907453157e-25	False	0.0044899644437567	0.0170004657661854	0.00664209057681	0.0074622932218928	0.890087052237967	0.0230647221831985	0.0250638473221068	0.920238696269706	0.975	0.997	2.85747981453311	7.017429435783809e-16
MIR451A	VHL	False	False	True	0.8036102451571845	-0.28126560969185377	6	0.559225892021416	2.5422836782774497e-11	False	0.003850917011472	0.0183977643223102	0.0004312992424242	0.0005787611725587	0.745211086841616	0.0123804463901241	0.0146690588849764	0.843983686152066	1.0	1.0	2.29689158257314	4.99963639150493e-17
MIR451A	CDK2	False	False	True	0.145216771248368	-0.9818498249406569	4	-0.944298720019982	3.50601414787796e-16	False	0.0102643971507587	0.0328365160689334	0.0025034894397885	0.003178278563285	0.787687230662665	0.0175028687919014	0.0211018198365995	0.829448309550252	1.0	1.0	1.90257993104783	1.1223759602113302e-09
MIR451A	SIAH1	False	False	True	0.22295808390472438	0.584881618946909	4	0.82591017441105	1.10735733410658e-12	False	0.004642275727729	0.0170004657661854	0.000969859324275	0.0014951531274692	0.648668893143179	0.0121826308137788	0.0152656032135331	0.798044508518261	1.0	1.0	1.96946486584651	6.7916131648218695e-12
MIR451A	FOXJ2	False	False	True	0.2564168810718343	-0.24374043903281625	5	-1.30166923603124	4.569689339170391e-31	False	0.0024593431505726	0.0121099208197485	0.0073655394494491	0.0093479389190097	0.787931918818038	0.0241211412040336	0.0269846086539451	0.893885159253816	1.0	1.0	5.95875255371326	2.76162147031779e-24
MIR451A	CDK6	False	False	True	-0.037893835320549324	0.9889762411405625	6	-5.97121040813678	1.28274016462256e-101	False	0.0053256307103772	0.0156031672100605	0.0065184390968053	0.0075532782830015	0.862994696153966	0.0186409428739748	0.0211421542003516	0.881695530991102	0.997	1.0	1.81144046117947	9.43184350286996e-08
MIR451A	BCL11B	False	False	True	-0.6068086495386725	-0.34606943330644074	3	0.386076938969519	0.278451027491232	False	9.05138629937695e-05	0.0027945971122496	0.0045926434787422	0.0064382299526184	0.713339460153075	0.0109190599037351	0.0129424630582866	0.843661662742323	1.0	1.0	2.38235496891477	2.0661270871190698e-18
MIR451A	TPI1	False	False	True	0.23589247733572666	0.9459932071558685	3	0.347245266315753	2.23511191390405e-08	False	0.0001052782375828	0.0023288309268747	0.0001827922835475	0.0002523784773647	0.724278414927288	0.0086933313021903	0.0086229164466798	1.00816601389401	0.996	0.426	1.79095250767995	2.8518841469295303e-09
MIR451A	BRCA1	False	False	True	-0.8927327370144451	0.32798149703993523	6	-1.84401754558121	9.34447049035991e-63	False	0.0022788857293502	0.0160689333954355	0.0023340883345723	0.0029663126876216	0.786865236531676	0.023324219095059	0.0242433232755413	0.962088358512727	1.0	0.961	6.25592002218092	7.361800337356249e-28
MIR451A	MED23	False	False	True	-0.21467108198022522	-0.9654176598609029	4	0.248503761079387	0.0316845267465558	False	0.0010177361415878	0.0090824406148113	0.0009812640134638	0.0013534790331615	0.724993878310573	0.0122663162480594	0.0139303019075686	0.880549203416395	1.0	0.999	1.87908881765464	7.21405817494656e-11
MIR451A	SMAD2	False	False	True	-0.17877400815182543	0.1158328919358029	12	-0.932841653397162	4.70036155291304e-27	False	0.0076145218355368	0.024219841639497	0.0093171590356447	0.0099774955650122	0.933817406876822	0.0358416483885427	0.0367320126392121	0.975760537288967	0.966	0.919	4.89584681619567	1.9100947750239498e-11
MIR451A	SENP3	False	False	True	-0.9308535981847581	0.04878486155384369	4	-0.140190401307137	0.123840807743399	False	0.0009987051372921	0.0060549604098742	0.0004463034031759	0.0005541583475912	0.805371614658374	0.0083322919453553	0.0091171391898225	0.91391518456323	0.85	0.885	4.09033468305629	1.8380738289242e-25
MIR451A	MAPK1	False	False	True	0.14257283317146743	0.5032247565545198	7	-0.591048335101805	3.80534375717163e-17	False	0.0052991549516726	0.0183977643223102	0.0121073767722429	0.0141238230851133	0.857230843184681	0.0204890623692982	0.0217823871064474	0.940625206464794	1.0	0.998	3.07124233740075	1.42397123378477e-21
MIR451A	EEF2	False	False	True	0.0778607121887755	-0.9544885213483998	2	2.14110284284494	0.0	False	0.0002454786161208	0.0044247787610619	0.0001196384577053	0.0001250804297577	0.956492218143812	0.0071887771416881	0.0078553094828361	0.915148812073621	0.603	0.84	4.07846602445718	3.8488900953394703e-19
MIR451A	HSP90AB1	False	False	True	-0.8121311670190244	0.5419200830801273	7	1.27587306331474	6.78019157818712e-152	False	0.0098193444114718	0.0291103865859339	0.0006062456030156	0.0008495716813902	0.713589702076168	0.0141667626911374	0.0150931864777118	0.938619734941828	1.0	0.99	2.12573351681654	4.25904588515782e-16
MIR451A	SKP2	False	False	True	-0.7339496468474186	-0.21091192272239373	5	-1.30708053567433	9.12532577707164e-25	False	0.0008213737976157	0.0097810898928737	0.0013778687292121	0.0015468963043712	0.890731153289687	0.0158599368526406	0.0172351968639552	0.920206306770374	0.984	1.0	2.52436207270652	8.84650286624401e-21
MIR451A	MTA1	False	False	True	0.1935756561076458	-0.9348748911047515	2	0.46697956834689	1.15191985791163e-09	False	0.0006916262255533	0.007918025151374	0.0002052793877913	0.0003032361987598	0.676962013872124	0.0074105560037246	0.0084894463831679	0.872913929749004	0.997	0.985	3.47578604695588	4.08962197498241e-24
MIR451A	MYC	False	False	True	0.9389342062391991	-0.2094248620374784	5	0.678826795642739	2.0942350848026002e-26	False	0.0473939593756431	0.0707964601769911	0.0048274608398974	0.0054605379581834	0.884063232755795	0.0333656080655631	0.0349261429418366	0.955319003335917	0.994	0.987	0.742140114122019	0.0034314014293514
MIR451A	PSMA3	False	False	True	0.6329453542011685	-0.6802230135491522	2	-0.874307867845267	6.4547294903690594e-18	False	0.0035466696002153	0.0135072193758733	0.0039462304430272	0.0054703945604586	0.721379490896619	0.0107626525878936	0.0120883445039334	0.890333046381288	1.0	1.0	2.02110534100186	1.04477510093328e-13
MIR451A	CEBPG	False	False	True	-0.8715543145555533	0.24796931183380097	2	-0.799638377875635	7.43142461235931e-28	False	7.91143879283136e-06	0.0018630647414997	0.000145742861205	0.0001922079639947	0.758256100195222	0.0095047897314562	0.0099837758999363	0.952023545672414	0.998	0.91	1.6606202310887	7.04604666945714e-08
MIR451A	TP73	False	False	True	0.9257361694744037	-0.16795487975511045	6	0.984521247569377	0.0018736401375279	False	0.0001682221793633	0.0048905449464368	0.0003708099816144	0.0004903615996216	0.756197022565623	0.009091427171445	0.0106503560155256	0.853626597851941	0.991	1.0	2.90818588691193	1.37250232424477e-26
MIR451A	POGZ	False	False	True	0.1484356250177075	-0.9313977013148792	3	0.232697888377665	0.0214861194579868	False	0.0005714258503013	0.0048905449464368	0.0017733054470427	0.0037848596363837	0.468526079539645	0.0155836365145441	0.0188486569940721	0.826777022864024	1.0	1.0	2.66001197140652	1.46454193499291e-17
MIR451A	RELA	False	False	True	0.26919189532349	0.19238086007066715	20	-0.0830794465946176	0.417800025186821	False	0.0102379867931905	0.0319049836981835	0.0194642946917261	0.021683085011115	0.897671834139305	0.0721393500174339	0.0726109780496711	0.993504728280693	1.0	0.66	1.87866682555091	0.0002448688640259
MIR451A	APP	False	False	True	-0.9098490486710117	0.4504425584980528	7	-1.04508529532299	3.44863339135956e-95	False	0.0547141813937033	0.0689333954354914	0.0188642156296353	0.0222773906779184	0.846787485229756	0.0301336380773154	0.0313182871380528	0.962173887239895	1.0	0.99	5.29564377853405	1.03291784859447e-19
MIR451A	SMARCA4	False	False	True	-0.3429737739511395	-0.5734872777496279	13	0.953516892892636	1.5462263306799199e-40	False	0.0040983772497509	0.0167675826734979	0.0064208686691074	0.0070944661278843	0.905053115113298	0.0398173489669763	0.0390791449700048	1.01888997309276	0.996	0.145	4.13503530429859	1.22344863360808e-07
MIR451A	TFAP2A	False	False	True	-0.8609894837411156	0.5197010746328129	3	-3.2635472309405	5.28479283829799e-135	False	0.000850051814396	0.0051234280391243	0.0003165345649164	0.0006951328456807	0.455358377730605	0.0102062359133497	0.0125547032010115	0.812941234049039	0.999	0.99	2.07455638006413	1.95167426325375e-07
MIR451A	CBX5	False	False	True	0.2898136229571788	-0.960751304254271	3	-0.289029419421958	3.55198843084902e-05	False	0.0096778623564986	0.0195621797857476	0.0135468071409589	0.0186783686828157	0.725267145702192	0.0113781068249694	0.0158334835923067	0.718610453513707	1.0	1.0	1.57530969550525	2.47142396595345e-06
MIR451A	ATM	False	False	True	0.7934045428298995	-0.47418365237267324	2	0.0324786047748074	0.810389212011786	False	0.0047909113975089	0.0165346995808104	0.0009886977361469	0.0010872659974852	0.909343011216886	0.011387292556827	0.0129938671088149	0.876359013176456	0.879	1.0	2.39933859237703	1.5199168391208402e-20
MIR451A	TAF1	False	False	True	0.9332131319428166	-0.28002152845707257	2	-0.687675791106317	1.5625733438566e-09	False	0.0010567706497321	0.0065207265952491	0.0002358038612174	0.0003380709327843	0.697498182631022	0.0075822830669283	0.0086698635830303	0.874556213522118	0.979	0.992	2.91862413706116	7.44347458645013e-21
MIR451A	SMAD4	False	False	True	0.46430082748647544	-0.29042706434727894	9	-0.344289037378692	0.0008306036986998	False	0.0044899890766657	0.0183977643223102	0.0092588690043168	0.0108524377175247	0.853160298664092	0.0457776758118239	0.0465540687911459	0.983322768568197	1.0	0.857	9.11545545903149	3.03266273563094e-12
MIR451A	TBP	False	False	True	-0.6518592973240454	0.4432162961151292	8	-0.23520031468886	0.178977801209759	False	0.0039398993446175	0.0139729855612483	0.0049715584504832	0.0061899772646901	0.803162634997517	0.0283343047612095	0.030021013710636	0.94381572302374	1.0	0.999	4.9751040453729	5.2386482727689905e-15
MIR451A	UBE2I	False	False	True	0.4425886478627343	0.9038555839782882	8	0.541353485949131	7.71955154642246e-11	False	0.0122981508050461	0.0353982300884956	0.0159234181358179	0.0184636174395737	0.862421363957024	0.0552647874630928	0.0566783421986128	0.975060055028311	1.0	0.927	2.65514759119122	5.27583960325623e-05
MIR451A	MAPK8	False	False	True	0.6320723567521905	-0.8154906174809455	10	-0.407061251056666	0.0006688536814034	False	0.0047464632731278	0.0172333488588728	0.0088948350633467	0.0111457138857872	0.798049829243265	0.0295070498027448	0.0295323853107295	0.999142111017514	1.0	0.503	4.94116775763534	5.3884043526022204e-17
MIR451A	NOTCH1	False	False	True	-0.1153069445793782	-0.9898411475524582	3	-1.16109058538286	3.90524100740226e-33	False	0.0080280598858332	0.0267815556590592	0.001084802966703	0.0015576819023918	0.696421371422073	0.0150009324757795	0.0167219957300254	0.897077879815768	1.0	1.0	1.67470536126494	2.29195547659042e-08
MIR451A	SIRT1	False	False	True	-0.14663923310275764	0.9754842609236526	3	-0.0766530439094086	0.589923221706388	False	0.0061715877410221	0.0225896599906847	0.0036688890186355	0.0038013258108185	0.965160368046821	0.0214218420905992	0.0229235754835623	0.934489565380411	0.758	0.998	2.4953360480658	7.47983976767052e-18
MIR451A	PRKCD	False	False	True	0.554761685245109	0.8692426843028219	8	1.29777510701512	1.49113452322771e-38	False	0.0007301649070082	0.0069864927806241	0.0003285241084897	0.0004353915660888	0.754548627206683	0.0138284154888816	0.0148229948921457	0.932902938272541	1.0	0.993	2.57860447709997	7.974022964280021e-20
MIR451A	XRCC1	False	False	True	0.9270279837003592	0.23070546098442204	2	-2.68671834593228	9.49553688892762e-62	False	0.0005001613139207	0.0048905449464368	0.0002615653358412	0.0003886096083004	0.673079950300745	0.0073867833074569	0.0086042546605149	0.858503565841092	0.999	1.0	2.7525933342769	3.90898172423611e-20
