promoter	protein	is_enhancer	is_promoter	is_intermediate	X-graph-coord	Y-graph-coord	degree	expression_log2FoldChange	expression_padj	SNP-binding	Betweenness_global	Degree_global	Betweenness_in_cluster	Betweenness_out_cluster	Betweenness_enrichment	Degree_in_cluster	Degree_out_cluster	Degree_enrichment	Betweenness_enrichment_pval	Degree_enrichment_pval	fisher_test_OR	fisher_test_pval
PIP4K2A	ENHA_SNAI2	True	False	False	1.1333333333333335	0.48888888888888893	2	-7.39045172449115	2.3935402877077702e-54	False											2.36051206162014	3.13587159796604e-16
PIP4K2A	ENHA_RARA	True	False	False	1.1666666666666667	0.24444444444444446	32	-0.134025346348399	0.470907401425808	False											0.788547962066888	0.07157170391992995
PIP4K2A	ENHA_PBX2	True	False	False	1.1333333333333335	0.12222222222222223	1	0.0108784421307743	0.927722010391981	False											1.27841852225461	0.0163526703087682
PIP4K2A	ENHA_ZBTB18	True	False	False	1.1	1.0083333333333333	2	-0.434969739122538	0.0422253253147413	False											1.06506611398991	0.5993225454715345
PIP4K2A	ENHA_ZNF136	True	False	False	1.1666666666666667	1.0694444444444446	1	-0.626471779596712	0.0113281985893696	False											0.939161535738469	0.664617219960707
PIP4K2A	ENHA_KLF11	True	False	False	1.1333333333333335	-0.6111111111111112	2	-0.441334750720284	0.0038049154602967	False											1.2445585185049701	0.25113189381187384
PIP4K2A	ENHA_ZNF460	True	False	False	1.1	1.1	2	1.21538597859962	5.59628789323162e-05	False											2.45568615492987	3.0332712568850503e-19
PIP4K2A	ENHA_CEBPA	True	False	False	1.1666666666666667	-1.038888888888889	20	1.40831619900991	1.6381761926368402e-19	False											1.0044846259818394	0.8299356140732534
PIP4K2A	ENHA_THAP11	True	False	False	1.1	0.9166666666666665	10	0.501776528639501	0.0004718146679075	False											1.17484264009173	0.110296059898181
PIP4K2A	ENHA_NR3C1	True	False	False	1.1	0.0	83	-6.23960996901591	1.08927040904652e-119	False											0.872223420239991	0.0700395194302843
PIP4K2A	ENHA_STAT1	True	False	False	1.1	0.6416666666666666	21	-4.62037343801228	3.18474888731901e-209	False											1.16899336004341	0.0481995105077331
PIP4K2A	ENHA_RXRB	True	False	False	1.1666666666666667	0.4277777777777778	4	1.20101849216797	1.7279579237566198e-27	False											0.8247143801786685	0.361125114046918
PIP4K2A	ENHA_CREB1	True	False	False	1.1333333333333335	-0.9777777777777779	69	-0.600232504411478	4.5967343029176706e-09	False											1.27040254829009	0.006532722871876
PIP4K2A	ENHA_NR4A2	True	False	False	1.1666666666666667	0.061111111111111116	9	0.0294709005446628	0.972820468473888	False											1.01329501638394	0.443669939423411
PIP4K2A	ENHA_MEF2A	True	False	False	1.1333333333333335	-0.33611111111111114	26	-1.40227039880436	1.06339595756953e-41	False											1.35413536361428	0.0022737478188296
PIP4K2A	ENHA_NR2F1	True	False	False	1.1333333333333335	-0.061111111111111116	4	2.15204275920652	0.261152651338228	False											1.54400990467966	0.010710754900308421
PIP4K2A	ENHA_NFYC	True	False	False	1.1333333333333335	-0.1527777777777778	7	-0.217629731396474	0.0920251590777719	False											0.804035125493234	0.214138481519271
PIP4K2A	ENHA_ESR2	True	False	False	1.1666666666666667	-0.8555555555555556	26	3.10191642117498	0.0302281855584287	False											1.01662141209304	0.0082558603008559
PIP4K2A	ENHA_FOXP1	True	False	False	1.1666666666666667	-0.763888888888889	3	1.23058638748909	9.34625524205785e-17	False											1.33411062446807	0.0044304879197551
PIP4K2A	ENHA_TEAD2	True	False	False	1.1	0.8250000000000002	15	-1.49345782959318	3.3648917275816095e-11	False											1.13963356649215	0.054603952954591
PIP4K2A	ENHA_RREB1	True	False	False	1.1333333333333335	0.39722222222222214	4	-0.0735253190793003	0.467070376592638	False											1.32180839944394	0.005877875971390251
PIP4K2A	ENHA_ATF2	True	False	False	1.1	-1.1	30	-1.17700877218428	6.62215113985468e-25	False											0.9350222371904495	0.535169082152086
PIP4K2A	ENHA_TCF3	True	False	False	1.1	0.7333333333333334	12	-0.618416770768274	3.12037583302014e-13	False											1.867565518740175	9.554259242044342e-09
PIP4K2A	ENHA_JUN	True	False	False	1.1666666666666667	-0.6722222222222223	47	1.11265479843166	9.128250855418809e-40	False											0.830988867957431	0.176996908607266
PIP4K2A	ENHA_KLF4	True	False	False	1.1333333333333335	-0.5194444444444445	8	-4.0236383329462	1.2985292682091302e-211	False											2.4711999460079	1.0624598754548107e-16
PIP4K2A	ENHA_NFYA	True	False	False	1.1	-0.18333333333333335	8	-0.0915135849268477	0.47203848786843	False											0.993302902089283	0.791504778255151
PIP4K2A	ENHA_MAX	True	False	False	1.1	-0.3666666666666667	48	0.371354138784978	0.0003333213229736	False											1.10238361939704	0.10079124074948705
PIP4K2A	ENHA_NR2F2	True	False	False	1.1666666666666667	-0.030555555555555447	5	1.53748819540803	3.79515510981433e-47	False											0.898497213882076	0.46602066271277
PIP4K2A	ENHA_TBX3	True	False	False	1.1333333333333335	0.6722222222222223	1	4.85416731525128	0.0	False											1.00006103888177	1.0
PIP4K2A	ENHA_THAP1	True	False	False	1.1666666666666667	0.8861111111111111	9	-0.731260560585431	0.000533619784927	False											1.36017351065387	0.0236683044421114
PIP4K2A	ENHA_SP3	True	False	False	1.1	0.55	1	-0.775224946273101	3.1953368976117602e-21	False											1.37952161126736	0.0009097835040086
PIP4K2A	ENHA_IRF7	True	False	False	1.1333333333333335	-0.7027777777777778	6	-3.83408099935248	6.50427053228451e-298	False											1.0571160364565	0.40105727513581946
PIP4K2A	ENHA_CLOCK	True	False	False	1.1	-1.0083333333333333	7	-1.04774665164378	1.61282064181663e-22	False											1.07350068372423	0.517465175361331
PIP4K2A	ENHA_KLF9	True	False	False	1.1333333333333335	-0.4277777777777778	1	0.780085327606089	4.63130065865619e-16	False											2.41366441155053	3.40922975512513e-17
PIP4K2A	ENHA_TWIST1	True	False	False	1.1666666666666667	0.9777777777777779	10	0.152160574972577	0.616322400300272	False											0.9375045610864066	0.5822853641589555
PIP4K2A	ENHA_SPIB	True	False	False	1.1333333333333335	0.5805555555555557	2	-1.0201436715832	0.760095716867361	False											1.0714760900851936	0.003461446861803
PIP4K2A	ENHA_REL	True	False	False	1.1333333333333335	0.3055555555555556	35	-2.46080604113086	7.93735410976565e-55	False											0.971508827166687	0.78404641427929
PIP4K2A	ENHA_NFATC4	True	False	False	1.1	-0.275	7	-0.710503498140033	0.0854050478704199	False											0.929331137627033	0.607301992420064
PIP4K2A	ENHA_ATF4	True	False	False	1.1333333333333335	-1.0694444444444446	21	0.978806570040113	1.10319700416947e-82	False											0.783096447624569	0.0761464460585714
PIP4K2A	ENHA_NR2C1	True	False	False	1.1666666666666667	-0.12222222222222223	6	-0.0506767330496537	0.792328041497245	False											1.26270749207922	0.0276061685678342
PIP4K2A	ENHA_KLF10	True	False	False	1.1	-0.6416666666666667	5	-1.93024821190597	1.00083757814832e-81	False											1.31751519286016	0.0055534184262975
PIP4K2A	ENHA_IRF1	True	False	False	1.1	-0.7333333333333334	12	-4.0231535461388	8.02847625817727e-85	False											1.78424093567521	6.948415585603972e-08
PIP4K2A	ENHA_NR2C2	True	False	False	1.1	-0.09166666666666679	4	1.21967989309265	1.37592237798234e-17	False											1.1810903581834875	0.3102879920438735
PIP4K2A	ENHA_SP1	True	False	False	1.1666666666666667	0.5194444444444444	36	-0.733707104214519	4.5131323926585794e-18	False											6.03428594530957	8.032140523664853e-39
PIP4K2A	ENHA_SRF	True	False	False	1.1666666666666667	0.6111111111111112	11	-0.846050153224634	1.6988848194520402e-17	False											1.06437612437487	0.343565110120396
PIP4K2A	ENHA_PKNOX1	True	False	False	1.1666666666666667	0.15277777777777768	1	-0.101546903531367	0.592982576263575	False											0.893072768224131	0.588343517767013
PIP4K2A	ENHA_NR4A1	True	False	False	1.1333333333333335	0.030555555555555447	14	-0.313752055108596	0.111151395127448	False											0.9022760742051661	0.3400744707959485
PIP4K2A	ENHA_PPARD	True	False	False	1.1	0.18333333333333335	13	-0.602154107746966	7.60971979070887e-07	False											0.89778421890464	0.393117905828131
PIP4K2A	ENHA_KLF2	True	False	False	1.1666666666666667	-0.5805555555555556	4	2.91214006178269	1.1394009815664e-06	False											1.837615375537705	1.4602934660203316e-08
PIP4K2A	ENHA_NFIC	True	False	False	1.1666666666666667	-0.2138888888888889	4	1.96587754562413	4.1547395769726297e-128	False											0.82287097755359	0.44192424894927945
PIP4K2A	ENHA_ETV5	True	False	False	1.1333333333333335	-0.7944444444444445	1	-6.35389406734804	2.00081324401449e-38	False											0.706686943840372	1.0
PIP4K2A	ENHA_EGR1	True	False	False	1.1	-0.9166666666666667	13	-3.04567725393117	0.0	False											1.75115257662874	2.00069382003484e-08
PIP4K2A	ENHA_PRDM1	True	False	False	1.1333333333333335	0.21388888888888902	10	-6.53099636690485	2.85150155789745e-13	False											1.39024497630596	0.0009469972921896
PIP4K2A	ENHA_THRB	True	False	False	1.1333333333333335	0.9472222222222224	13	1.21953043880219	8.56338194398239e-20	False											0.762926664452049	0.102312276616848
PIP4K2A	ENHA_TCF4	True	False	False	1.1333333333333335	0.7638888888888888	56	-0.234793954519332	0.642460693171194	False											1.4963702330573199	0.014820067382764
PIP4K2A	ENHA_TCF7L2	True	False	False	1.1666666666666667	0.7944444444444445	13	-1.66318182589027	1.90410966467924e-12	False											0.742595010463022	0.0407699052399872
PIP4K2A	ENHA_ZEB1	True	False	False	1.1333333333333335	1.0388888888888892	5	-0.292547712357605	0.878084518955477	False											1.7704139146346	5.7718047643448e-08
PIP4K2A	ENHA_MNT	True	False	False	1.1666666666666667	-0.3055555555555556	3	1.33473747373846	2.7998515649487704e-25	False											0.806531935191169	0.18238846258539
PIP4K2A	ENHA_RFX3	True	False	False	1.1666666666666667	0.33611111111111125	3	1.29518564494931	2.61532881750928e-09	False											1.00060545079851	0.957498607245252
PIP4K2A	ENHA_CREM	True	False	False	1.1666666666666667	-0.9472222222222223	2	0.0460645354169299	0.827488635152086	False											0.988783121796228	0.721687074644498
PIP4K2A	ENHA_RFX5	True	False	False	1.1	0.3666666666666667	1	1.40907204845787	1.98813036760513e-40	False											1.04913149304392	0.6256382445223
PIP4K2A	ENHA_TBX6	True	False	False	1.1666666666666667	0.702777777777778	1	0.937285664002426	0.164214631230843	False											1.19772554147923	0.389554530657838
PIP4K2A	ENHA_KLF6	True	False	False	1.1	-0.45833333333333337	3	-3.57376949918831	9.94736614463194e-290	False											1.13995600118617	0.185313707926561
PIP4K2A	ENHA_SNAI1	True	False	False	1.1	0.4583333333333335	14	0.302473665797371	0.690792742031882	False											1.612935154754075	3.245171249597185e-07
PIP4K2A	ENHA_NFE2L2	True	False	False	1.1333333333333335	-0.24444444444444446	8	-2.10733867169339	2.35750687958844e-137	False											1.0701044907722599	0.4276580691642665
PIP4K2A	ENHA_KLF3	True	False	False	1.1	-0.55	4	-1.197333279171	1.34181289785449e-37	False											1.34525852363221	0.08214512167425457
PIP4K2A	ENHA_ESRRA	True	False	False	1.1	-0.8250000000000001	10	1.10409017357047	9.40917820554554e-34	False											1.31929320686839	0.0074272205065015
PIP4K2A	ENHA_KLF5	True	False	False	1.1666666666666667	-0.48888888888888893	22	-5.67652439532414	1.21080876011697e-253	False											2.141430042706125	8.231616611192274e-14
PIP4K2A	ENHA_ELK4	True	False	False	1.1333333333333335	-0.8861111111111112	4	-0.369596151241468	0.0001338355819297	False											0.8459854591732405	0.302734828202037
PIP4K2A	ENHA_TGIF1	True	False	False	1.1333333333333335	0.8555555555555556	8	-1.20350404197994	3.7085419261577503e-25	False											0.974014814547813	0.8467017060819975
PIP4K2A	ENHA_LEF1	True	False	False	1.1666666666666667	-0.39722222222222225	6	1.16070839588944	0.107054036289159	False											0.8125701843013124	0.08899553199798635
PIP4K2A	ENHA_PAX9	True	False	False	1.1	0.09166666666666679	1	-1.10262557438442	1.73279193476292e-07	False											1.02896524531616	0.867935366257889
PIP4K2A	ENHA_RBPJ	True	False	False	1.1	0.2749999999999999	22	0.115047690168036	0.250723186308428	False											1.1447408626074251	0.129246419593319
PIP4K2A	PROM_TFAP2A	False	True	False	-1.1666666666666667	0.6906976744186049	18	-3.2635472309405	5.28479283829799e-135	False											2.3645426847344746	1.0289670281882035e-13
PIP4K2A	PROM_ZBTB14	False	True	False	-1.1	0.8953488372093026	12	0.199578449457849	0.276866371694849	False											1.34331451305939	0.0098484937110197
PIP4K2A	PROM_MGA	False	True	False	-1.1333333333333335	0.0255813953488373	4	-0.885909347777291	1.2751518779619201e-15	False											2.0195756468710497	0.06739828603437995
PIP4K2A	PROM_RFX5	False	True	False	-1.1	0.2813953488372094	1	1.40907204845787	1.98813036760513e-40	False											0.824172797427016	0.170297998136046
PIP4K2A	PROM_EGR1	False	True	False	-1.1	-0.7930232558139536	16	-3.04567725393117	0.0	False											3.03319790719257	4.1775277141916206e-23
PIP4K2A	PROM_KLF10	False	True	False	-1.1	-0.486046511627907	5	-1.93024821190597	1.00083757814832e-81	False											1.74284405833224	9.77245591059339e-09
PIP4K2A	PROM_KLF11	False	True	False	-1.1333333333333335	-0.43488372093023253	5	-0.441334750720284	0.0038049154602967	False											1.88932104105793	5.0262218968936296e-11
PIP4K2A	PROM_TBX3	False	True	False	-1.1666666666666667	0.5372093023255815	2	4.85416731525128	0.0	False											0.969755007160936	0.9518341046103135
PIP4K2A	PROM_NFIB	False	True	False	-1.1666666666666667	0.07674418604651168	5	-0.456247574244742	5.1950932621203e-05	False											1.45645500400364	0.0016464863217302
PIP4K2A	PROM_SP1	False	True	False	-1.1333333333333335	0.3325581395348838	54	-0.733707104214519	4.5131323926585794e-18	False											4.765695777170524	4.751881379803974e-34
PIP4K2A	PROM_KLF5	False	True	False	-1.1	-0.17906976744186043	28	-5.67652439532414	1.21080876011697e-253	False											2.292305352039155	4.462784395305365e-15
PIP4K2A	PROM_SP2	False	True	False	-1.1666666666666667	0.38372093023255816	3	-0.0147266859935625	0.930346069146716	False											4.6330458716523	3.85877250837594e-28
PIP4K2A	PROM_TBX6	False	True	False	-1.1	0.5883720930232559	2	0.937285664002426	0.164214631230843	False											0.9320660963102445	0.7584425156896185
PIP4K2A	PROM_KLF2	False	True	False	-1.1	-0.33255813953488367	4	2.91214006178269	1.1394009815664e-06	False											2.07789045214922	2.0298377003161727e-13
PIP4K2A	PROM_ZNF740	False	True	False	-1.1333333333333335	1.1	1	0.193961958381287	0.0628387066614002	False											2.0171477604056	6.42898731248963e-13
PIP4K2A	PROM_E2F4	False	True	False	-1.1333333333333335	-0.8953488372093024	9	-0.997654425537182	5.94541298065313e-24	False											1.88933702489267	4.8769933339064e-11
PIP4K2A	PROM_ELF1	False	True	False	-1.1333333333333335	-0.7418604651162791	4	-2.15837082837145	4.647988010054e-98	False											0.874649669102918	0.373475090216958
PIP4K2A	PROM_NRF1	False	True	False	-1.1	0.12790697674418605	7	0.574993565944285	8.28850880542686e-05	False											1.61478870209811	6.98771886502061e-07
PIP4K2A	PROM_SP4	False	True	False	-1.1333333333333335	0.48604651162790713	2	-0.817158610473196	7.14173690207365e-06	False											1.89043626432177	2.3060965357951397e-10
PIP4K2A	PROM_TCF4	False	True	False	-1.1333333333333335	0.6395348837209303	43	-0.234793954519332	0.642460693171194	False											1.12532924905481	0.205507701160176
PIP4K2A	PROM_E2F1	False	True	False	-1.1	-0.9465116279069768	20	-1.58598313818408	1.07173313586322e-50	False											1.732680164830155	2.006026380303765e-08
PIP4K2A	PROM_CREB1	False	True	False	-1.1333333333333335	-1.0488372093023257	43	-0.600232504411478	4.5967343029176706e-09	False											1.04081247685377	0.632220230797071
PIP4K2A	PROM_KLF6	False	True	False	-1.1333333333333335	-0.12790697674418605	3	-3.57376949918831	9.94736614463194e-290	False											1.49344368793073	3.93531762318543e-05
PIP4K2A	PROM_MAZ	False	True	False	-1.1	-0.025581395348837077	5	1.17636897308062	2.95636464524114e-88	False											2.55667936039147	2.1727580840341903e-19
PIP4K2A	PROM_HINFP	False	True	False	-1.1666666666666667	-0.5372093023255814	2	-0.181229002166889	0.339807468547872	False											1.403509042797105	0.0715214233015648
PIP4K2A	PROM_ETV4	False	True	False	-1.1666666666666667	-0.6906976744186046	1	-4.11796738052689	1.1065726620988e-30	False											0.87744711406641	0.315206762384379
PIP4K2A	PROM_KLF4	False	True	False	-1.1666666666666667	-0.23023255813953492	9	-4.0236383329462	1.2985292682091302e-211	False											2.60462610548051	1.08715021824794e-17
PIP4K2A	PROM_ZNF148	False	True	False	-1.1666666666666667	0.9976744186046513	7	-0.834924716402328	2.2398601186884702e-14	False											3.88989551780988	5.83916124586218e-32
PIP4K2A	PROM_TFDP1	False	True	False	-1.1333333333333335	0.7930232558139536	10	-1.49951127569777	7.75563052587775e-94	False											1.957634518613065	4.739149265893509e-12
PIP4K2A	PROM_E2F6	False	True	False	-1.1666666666666667	-0.844186046511628	6	-0.254228650675088	0.250420646955463	False											1.743708485549265	2.8102907441910105e-07
PIP4K2A	PROM_VEZF1	False	True	False	-1.1666666666666667	0.844186046511628	1	-0.961337797660412	9.83292929448264e-21	False											1.2836810628543	0.0810954150290904
PIP4K2A	PROM_ZNF460	False	True	False	-1.1	1.048837209302326	1	1.21538597859962	5.59628789323162e-05	False											2.5101455681027	1.08784168571978e-19
PIP4K2A	PROM_CTCF	False	True	False	-1.1666666666666667	-0.9976744186046512	7	-0.109990033571817	0.283857674973301	False											1.35867714503371	0.0074483661329663
PIP4K2A	PROM_KLF9	False	True	False	-1.1666666666666667	-0.07674418604651168	1	0.780085327606089	4.63130065865619e-16	False											2.50656239966608	7.59063513136235e-20
PIP4K2A	PROM_REST	False	True	False	-1.1333333333333335	0.17906976744186043	11	-0.26340778686432	0.01034300165799	False											1.33642591193852	0.0046297688938784
PIP4K2A	PROM_KLF3	False	True	False	-1.1333333333333335	-0.2813953488372093	4	-1.197333279171	1.34181289785449e-37	False											1.97324354253141	4.21513020119303e-12
PIP4K2A	PROM_SP3	False	True	False	-1.1	0.43488372093023275	1	-0.775224946273101	3.1953368976117602e-21	False											2.69893372885253	2.2642803474039e-20
PIP4K2A	PROM_AR	False	True	False	-1.1	-1.1	88	0.367597826345658	8.286257086481861e-10	False											0.651065769118921	0.254862709643382
PIP4K2A	PROM_RFX3	False	True	False	-1.1666666666666667	0.23023255813953503	4	1.29518564494931	2.61532881750928e-09	False											0.8196842072265356	0.346185598170165
PIP4K2A	PROM_ZBTB7A	False	True	False	-1.1333333333333335	0.9465116279069767	10	-0.0362829210068259	0.736088995669794	False											1.4493343663285398	0.0001576466310404
PIP4K2A	PROM_GLIS2	False	True	False	-1.1	-0.6395348837209303	2	-1.62725569904339	1.59319548816921e-26	False											1.24133749454581	0.27202873052482585
PIP4K2A	PROM_HES1	False	True	False	-1.1333333333333335	-0.5883720930232559	4	-3.39534238338495	1.54205368948807e-57	False											1.176407834313	0.1876229774745215
PIP4K2A	PROM_TFAP2C	False	True	False	-1.1	0.7418604651162792	7	-0.853382865494771	5.1225313213023e-10	False											1.78193876008423	1.20543321636055e-08
PIP4K2A	PROM_KLF15	False	True	False	-1.1666666666666667	-0.38372093023255816	2	4.1833301961753	7.76478681528587e-34	False											2.787360481011715	2.9116983958813703e-18
PIP4K2A	BTRC	False	False	True	-0.8849933621951649	-0.3247775413315547	6	-0.547261262632256	0.0007390593288464	False	0.005626263563063	0.0204937121564974	0.0058205442411559	0.006196404883151	0.93934214289044	0.0294957763182465	0.0307762094516876	0.958395359394368	0.917	0.966	1.38786927273651	0.0041672376366061
PIP4K2A	FKBP4	False	False	True	-0.0006925782102334911	0.9976731042929134	3	1.8971477862629	7.911178471822001e-202	False	0.0006147797418737	0.0065207265952491	0.0003344391065342	0.0004285917480028	0.780320918665966	0.0095153708092633	0.0106384759097753	0.894429887322483	0.872	0.916	0.979578116388473	1.0
PIP4K2A	MAX	False	False	True	-0.6577137515865594	0.4270751443295408	6	0.371354138784978	0.0003333213229736	False	0.0029723511555647	0.0142058686539357	0.0050963955739082	0.006337410913876	0.804176286367898	0.0247943710043154	0.0263294088138129	0.941698736179286	1.0	0.997	3.39872762459724	6.20889233587011e-24
PIP4K2A	FOS	False	False	True	-0.43384700154200073	-0.8568685580639175	8	0.498702747190724	0.0001190838470953	False	0.0043520834177215	0.0165346995808104	0.0057589176234461	0.0078939079815868	0.729539492590902	0.0248090256641296	0.0283619911621121	0.874727924507334	1.0	1.0	1.94351938011213	2.5238560635617e-07
PIP4K2A	GSK3B	False	False	True	-0.41795646593178776	-0.8951503067286686	7	0.0399317826177692	0.626089063761022	False	0.0052931514382885	0.0160689333954355	0.0135857812949869	0.0132249176880347	1.02728664294665	0.0298235517009498	0.0298110203456999	1.00042035982347	0.216	0.465	3.06027611594314	2.78451393407795e-13
PIP4K2A	JUN	False	False	True	0.2826761863901355	-0.253668436749239	12	1.11265479843166	9.128250855418809e-40	False	0.0145427969332236	0.0353982300884956	0.0276297191722548	0.0279454267891675	0.988702709058817	0.0611980713884264	0.0627684554682119	0.974981317158891	0.643	0.912	13.4338720453734	5.35638483544084e-16
PIP4K2A	HSP90AA1	False	False	True	0.8937660956793817	0.027246776495732466	6	1.28375429954906	6.27318172682767e-147	False	0.0104399882224197	0.0298090358639963	0.0012851765316069	0.0015069813561146	0.852815150228763	0.0160755368363732	0.0182882231708232	0.879010316432483	0.99	1.0	2.43748767875301	1.35421794015541e-13
PIP4K2A	EPAS1	False	False	True	0.8800491708636936	-0.21496298968905064	3	-7.27768148408164	2.43416737279756e-281	False	0.0003926806833764	0.0048905449464368	0.0009519725446621	0.0010732316450317	0.887014978610663	0.0116448307103348	0.0133545212322479	0.871976651788561	0.899	1.0	1.12606208019707	0.229674082429046
PIP4K2A	TRRAP	False	False	True	-0.036207626497546996	-0.9429539318781766	3	-0.67633033875942	2.6959646012084904e-15	False	0.0016897189847725	0.0100139729855612	0.0004934048843149	0.0005129076857856	0.96197600072832	0.0109555556472962	0.0113656821704858	0.963915362312827	0.711	0.894	1.35268700128017	0.0017589423448484
PIP4K2A	SMARCA2	False	False	True	0.9295477261909001	0.43093490327222367	7	0.236064103447753	0.023934820446444	False	0.0005393922712448	0.007452258965999	0.0006583430590759	0.0006284600397867	1.0475495932873	0.0101524878071481	0.0109484131195747	0.927302221451296	0.378	0.789	0.558844253346055	0.0124193183958402
PIP4K2A	TRIP6	False	False	True	0.5459833482572517	0.752204516608612	3	-4.01908077897658	1.89342358376277e-142	False	0.0011251277721227	0.0093153237074988	0.0013331710870312	0.001783885681874	0.747341099588086	0.0084885637756666	0.0092947284838884	0.913266459626094	0.754	0.736	0.714866816839087	0.0946323533487115
PIP4K2A	CTNNB1	False	False	True	-0.21818735619094873	0.1338324871466565	12	-0.468896151312309	1.7860692840245302e-14	False	0.0131809401522386	0.0353982300884956	0.0093752120909577	0.0091345265562238	1.02634898845085	0.0329191687496518	0.0334313106982993	0.984680769675193	0.251	0.8	8.24220645676143	2.98986062293405e-18
PIP4K2A	YAP1	False	False	True	0.7648886822709956	-0.5389442561945629	2	-1.29085836198424	4.68728755501039e-80	False	0.0009714466916317	0.0093153237074988	0.0031242419721239	0.0032559152941945	0.959558738427432	0.0151329680928177	0.0163244315752962	0.927013478112057	0.624	0.989	2.70879816142124	8.00493553006503e-21
PIP4K2A	CSNK2B	False	False	True	0.8546583866127592	0.6117802753044577	3	-3.53625717582255	1.55025343591385e-41	False	0.0012052958839649	0.0102468560782487	0.0005306349897876	0.00058158430299	0.912395652804796	0.0089466802040575	0.0082640129587221	1.08260723316206	0.572	0.151	0.874900907875113	0.391296707307821
PIP4K2A	TRIM33	False	False	True	0.8861338104377596	-0.3386866981708621	3	-0.513971394212559	6.97749159194819e-07	False	0.0007546515551505	0.0053563111318118	0.0008682356777351	0.0008904930614209	0.975005550688648	0.009175307294878	0.0092047676118299	0.996799450220329	0.485	0.51	0.906295513540393	0.463824049042981
PIP4K2A	ORC4	False	False	True	0.9140239003968574	-0.3831975519986067	3	-0.473529251383136	0.0002558503194284	False	8.60674150733138e-05	0.003493246390312	0.0006973395382208	0.0005096028724131	1.36839797412972	0.0084917935179779	0.0073267847617802	1.1590068214198	0.051	0.019	1.08947231192609	0.586496701365472
PIP4K2A	STUB1	False	False	True	0.9361394170086499	-0.19609628523818234	4	1.40899921486815	4.87807754956418e-75	False	0.0043225537171561	0.0179319981369353	0.0039195096686288	0.004874390420506	0.804102529854795	0.0192933294243086	0.0218281254103452	0.88387477447627	0.994	1.0	0.50298333509925	6.33865810894354e-12
PIP4K2A	ZNF451	False	False	True	-0.9126900288921305	0.45998803794195836	4	-0.57267380091553	1.40293406403674e-08	False	4.84993274225472e-05	0.0023288309268747	0.0001713551710393	0.0001610241683785	1.06415808735329	0.0067150087687746	0.0065372897145217	1.02718543341566	0.386	0.4	0.698045153098732	0.150631226849053
PIP4K2A	NCOR2	False	False	True	-0.26409082190695266	-0.8801061146654113	17	0.571475425858465	1.41773060836332e-19	False	0.0017252291936626	0.0132743362831858	0.0145352523401267	0.015910150067341	0.913583610374831	0.0479190519121875	0.0488993209333802	0.979953320363525	0.986	0.861	inf	2.00370109422329e-14
PIP4K2A	BAZ1A	False	False	True	0.5012279207599627	-0.48764498706250875	4	-0.764170512473062	4.1403241597237203e-14	False	7.49075798326543e-05	0.0023288309268747	0.0006566630305644	0.0005938253005568	1.10581854620995	0.0090784639628593	0.0090412599645694	1.00411491301386	0.24	0.457	1.2567370979052	0.0276693607513358
PIP4K2A	RNF6	False	False	True	0.060065858980768265	-0.9337551891411031	5	-0.632526262688772	2.0123004537393997e-12	False	7.98657133648302e-05	0.0025617140195621	0.0002805656928539	0.0002474973298009	1.13361098917551	0.0087209082525996	0.0083730910393902	1.04153988193526	0.188	0.219	1.10862896606355	0.388253897831779
PIP4K2A	NPM1	False	False	True	-0.9385767896512096	-0.17281623930311166	3	0.746074312852762	1.9259122991752e-34	False	0.0130915021023012	0.0344666977177457	0.0040035209865194	0.0051404792586325	0.778822515390218	0.0267886638013553	0.0292466264531589	0.915957395778953	1.0	1.0	3.24715327321146	1.7656807257035099e-12
PIP4K2A	JUNB	False	False	True	0.1839548499114975	0.9857121656944964	6	-2.09178732845927	2.5118998110314602e-87	False	0.00062490996406	0.0060549604098742	0.0005493376151351	0.0005068578017481	1.08381012039375	0.0123144675670189	0.0124319951308569	0.990546363427512	0.249	0.596	1.32926907551207	0.0032688150944583
PIP4K2A	POU2F1	False	False	True	-0.9183421985792279	-0.3006885368066884	9	-0.0730220925286118	0.627787826626805	False	0.0007839568830196	0.0048905449464368	0.007893200071568	0.0075485524194232	1.04565744966651	0.0199271557305018	0.0197236505933711	1.0103178230707	0.233	0.297	7.65958993495518	5.30524904107073e-37
PIP4K2A	YY1	False	False	True	-0.6877720191960415	-0.6863001236683299	8	-0.538679781895407	1.62040735838636e-12	False	0.0038875893366945	0.0146716348393107	0.0018011113254329	0.0019669102912108	0.915705883222648	0.0197736138487284	0.020657512453308	0.957211759810023	0.826	0.939	1.55467221648106	1.13822157214695e-05
PIP4K2A	MEF2D	False	False	True	0.7878757180820087	-0.6052150749355445	4	0.500004162655206	3.04575796645284e-06	False	9.65148766906166e-05	0.0030274802049371	0.0003663358941811	0.0003625781548807	1.01036394291747	0.0107765331324096	0.0104897397371101	1.02734037282974	0.449	0.258	1.46573863328505	7.92391455159968e-05
PIP4K2A	SPOP	False	False	True	0.12429996881781288	0.9521636697928068	2	0.759849799099999	2.4508209275701996e-12	False	0.0003690618409481	0.0046576618537494	0.0013504821995112	0.0012916420731821	1.04555451355349	0.0087128213151075	0.0084403902226615	1.03227707312803	0.386	0.259	0.98772976468969	0.950627440164615
PIP4K2A	TOX4	False	False	True	-0.9985802791841335	-0.052432933178995306	5	0.295958446810786	0.0010716683294353	False	0.0004852290194045	0.0037261294829995	0.008396503507482	0.0068631486198474	1.22341857543348	0.0080162476127051	0.0070015334628597	1.14492741557661	0.075	0.091	1.15150261794169	0.484823075491671
PIP4K2A	ATF2	False	False	True	-0.20000933509907556	0.9913000214243561	2	-1.17700877218428	6.62215113985468e-25	False	0.0094314395822731	0.0251513740102469	0.0019278003489641	0.0027680752917937	0.696440719903575	0.0160020698956458	0.0202560252663299	0.789990616878077	0.988	0.999	1.03795385561969	0.765475967579536
PIP4K2A	SIN3A	False	False	True	0.0015509759730543459	-0.5783722453965394	8	-0.0161271627103405	0.88225146523664	False	0.0016684279251222	0.0139729855612483	0.0123841073636128	0.011690375666728	1.05934212181558	0.0192671894142448	0.0213034227213274	0.904417551408576	0.14	1.0	1.35863730116198	0.0026961597889998
PIP4K2A	JUND	False	False	True	-0.9405380538838222	0.42584048787692497	11	1.49686913023121	2.5156694931318598e-49	False	0.0001870371701645	0.0051234280391243	0.0018295209395645	0.0021184998450351	0.863592670942211	0.0192407351248032	0.0212726687159051	0.904481491333398	0.984	1.0	3.22838091199988	3.3673393360551804e-20
PIP4K2A	TXN2	False	False	True	-0.8784117242005021	0.4534920258251826	3	0.817924291348855	1.22868189228657e-16	False	0.0002830349487516	0.0023288309268747	0.0010970740556235	0.0009977503459594	1.09954765745384	0.0078433385827173	0.0066323771658808	1.18258331613982	0.274	0.001	1.2366001211544	0.0749205342022524
PIP4K2A	PTGES3	False	False	True	-0.7034440566894384	-0.6518721028210515	3	-0.209745415302644	0.0007440692316559	False	0.0001134136684105	0.003959012575687	9.67329426316596e-05	7.80322623179215e-05	1.23965318649288	0.008712599289582	0.0077074956838238	1.13040599008932	0.232	0.173	0.329481213261561	0.0220016887165671
PIP4K2A	LCOR	False	False	True	-0.7956594947129134	-0.6663917324619196	4	-1.00413690091647	2.20464378540012e-12	False	0.0002281199332959	0.0032603632976245	0.0007574740790714	0.0006581291187156	1.15095056202605	0.0093748954558367	0.0087808416932069	1.06765339626716	0.081	0.05	1.27105533102428	0.0235523634642381
PIP4K2A	FHL3	False	False	True	0.851840637977287	0.4462072212043275	7	-3.5840063908427	2.03648255717975e-64	False	0.0015686241568565	0.0086166744294364	0.0061819475245913	0.0072617601593082	0.851301528688918	0.014222438712462	0.015665438386401	0.907886416048742	0.992	1.0	1.51864885710865	1.87557190005144e-05
PIP4K2A	CEP70	False	False	True	0.07119791118825398	0.987589265560728	2	0.614314072475347	9.86703341246317e-05	False	0.0039731195993888	0.0156031672100605	0.0042248074166059	0.0047084710700115	0.89727798127802	0.0082028197716793	0.0078268672481557	1.04803358886816	0.744	0.161	0.992831878204914	1.0
PIP4K2A	NFATC1	False	False	True	-0.06914659722220015	0.5579524310745932	9	1.1226631415725	0.0001029422365094	False	0.0014367129397617	0.0090824406148113	0.0036256778080869	0.0036408211550125	0.995840678165478	0.0172686608134115	0.0192707850924386	0.896105723278876	0.537	1.0	2.4233338645662	9.64494563081019e-14
PIP4K2A	MEF2C	False	False	True	0.7109880285523358	-0.6196013753683094	4	1.46699496505546	0.582772779974055	False	0.0002094541479247	0.003493246390312	0.0018559317931017	0.0018704623700398	0.99223155880021	0.0121239512383619	0.0121940443175284	0.994251859568384	0.505	0.556	1.87697455487247	1.02052077301196e-10
PIP4K2A	GTF2H1	False	False	True	-0.9527340309161273	0.13023411319881328	2	-1.11450266999744	7.056055044377951e-25	False	0.00016230018132	0.0046576618537494	0.0005448968473268	0.0005359321601969	1.01672727967386	0.0083830483002891	0.0079960558206145	1.04839792121971	0.374	0.118	1.11282929010132	0.335524266606847
PIP4K2A	SIRT7	False	False	True	0.17290491147750844	-0.9792474868705147	2	-0.604915304449615	5.82481234375981e-05	False	5.77579223374326e-05	0.0013972985561248	0.0003372338204068	0.0002811815968258	1.19934527797625	0.0084493041915889	0.0068887117771731	1.22654343292269	0.152	0.001	0.905568955013287	0.49936176630619
PIP4K2A	RECQL	False	False	True	0.9305625212542923	-0.13353668214817502	7	-1.11415931297995	8.496824909763749e-28	False	5.51909423552286e-05	0.0025617140195621	0.0009484730749062	0.0009324733709343	1.01715834947207	0.0116430425715984	0.0125423843787319	0.928295786512612	0.379	0.966	0.75897548656284	0.014341234226851
PIP4K2A	CHD3	False	False	True	0.946953475591306	0.3863945951788491	5	2.22701118201265	5.79937590933669e-280	False	0.0017524313674578	0.0132743362831858	0.0013508242018288	0.0019482837753959	0.693340579482226	0.011449898300897	0.0131235195941569	0.872471612416757	1.0	1.0	1.22388229023872	0.0388399034114513
PIP4K2A	MED1	False	False	True	-0.5124064198079941	-0.8258049432745186	7	-0.807547682211916	4.2598580938309505e-20	False	0.0012942346055464	0.011877037727061	0.0023438168668755	0.0029078673302269	0.806026066771288	0.020402403635942	0.0223400874200609	0.913264270292028	0.999	1.0	0.607057630711794	2.53522530465683e-07
PIP4K2A	XIAP	False	False	True	-0.586946669590986	0.79823259405192	2	0.350646752473675	5.50154509917691e-05	False	0.0023488998119507	0.0146716348393107	0.0001602197687632	0.0002069282797946	0.774276811860658	0.0067866187799505	0.0066720903952933	1.01716529271516	0.705	0.419	0.862323565885027	0.395372079881224
PIP4K2A	HDAC3	False	False	True	0.6622384384554396	-0.7175305856239723	9	-0.589406036685141	5.91608027619659e-08	False	0.0027901513685901	0.0179319981369353	0.011346857361107	0.0116520848051991	0.973804907087883	0.0409733234750014	0.0419102336789703	0.977644834644789	0.782	0.901	6.27489777648002	1.3983218161330398e-11
PIP4K2A	USP7	False	False	True	0.8220106875156061	-0.4900910613679236	3	-0.174645813742894	0.0252019502700565	False	0.0099592596464776	0.0249184909175594	0.0017796525473068	0.0022942116057988	0.775714211718131	0.0141854319183965	0.0161492431460383	0.878396082721467	1.0	1.0	0.654471259659376	2.02174794673062e-05
PIP4K2A	CSNK2A1	False	False	True	0.2123427518698782	0.8984795405493415	5	-0.336224781270551	2.02063849522777e-06	False	0.0238853696478738	0.0486725663716814	0.0033739302998482	0.0035694693737965	0.945219007793213	0.0143470327284004	0.0163892893306197	0.875390777414382	0.819	1.0	1.48681227752286	0.0001019221359761
PIP4K2A	TCEA2	False	False	True	0.5687987869623353	0.8505033286136006	2	1.89537860951884	2.9451952794981e-45	False	0.0007159055161294	0.0037261294829995	0.0012862823422137	0.0012113046146161	1.06189832573318	0.009839143470957	0.0091186938445183	1.07900798499467	0.31	0.102	1.52710853181393	0.0002835232749949
PIP4K2A	POLR2L	False	False	True	-0.8201399832120334	0.6757666527098769	3	1.27523456074713	3.5292270800435903e-35	False	0.0005787729492456	0.0060549604098742	0.0005925365739168	0.000474954422161	1.2475651268196	0.0088645402346604	0.0076566205847759	1.15776146101405	0.068	0.002	1.45758117396279	0.0003805709659194
PIP4K2A	FOXA1	False	False	True	-0.7653680391641619	-0.6057448472125673	6	5.7014164002563	0.0	False	0.0003032497626651	0.0046576618537494	0.0012966449726359	0.0016311908445951	0.79490697053157	0.0100190317017177	0.0118738080302295	0.843792629644191	0.864	1.0	0.787431983082922	0.0578631957020967
PIP4K2A	UBA52	False	False	True	0.6145952772733883	0.6605331446029911	4	0.801805943562977	3.28470236746814e-39	False	0.004887844788234	0.02026082906381	0.0014424778168044	0.001694089163719	0.851476916148758	0.0181236962100506	0.0196570853933194	0.921993054789804	1.0	1.0	2.26781614193741	5.21500340556534e-12
PIP4K2A	NR2C2AP	False	False	True	0.5266502230102685	0.8944595524624139	4	-0.346975549804049	0.005158721265867	False	2.11484251334038e-05	0.0009315323707498	0.0007705523994674	0.0008721834445288	0.883475149982615	0.0108262304734647	0.0107121514697674	1.01064949501687	0.65	0.377	1.16133467368636	0.145172259602105
PIP4K2A	BCOR	False	False	True	0.360097441414698	-0.8525725331642638	4	1.0966384557434	1.3129230715684799e-27	False	0.0006125205924623	0.0048905449464368	0.0007818013748139	0.0007946660807823	0.983811180218336	0.0148974990562144	0.0151407924936373	0.983931261357347	0.61	0.757	3.74960436008609	1.8054855272086398e-28
PIP4K2A	CHCHD2	False	False	True	-0.5488289902818545	0.7986338207373143	3	0.268736761853757	5.33250608608818e-05	False	2.79889912310746e-05	0.0011644154634373	0.0001117825375551	6.58561476018566e-05	1.69737437772685	0.0082875311669767	0.0070896101839499	1.16896852604657	0.0	0.005	1.17273879724799	0.303765957190566
PIP4K2A	KEAP1	False	False	True	0.7075256194909711	0.7483254625099599	3	1.73559209730498	2.02251945548657e-68	False	0.0032043502402288	0.0107126222636237	0.0009966383318244	0.0012799197113431	0.778672539372513	0.0150294208444145	0.0163186281742421	0.920997812067157	0.997	0.999	2.22143343233669	3.9702593579167e-14
PIP4K2A	SMARCC2	False	False	True	-0.8796168204975802	-0.24701658475557145	5	0.619950696308152	3.0121600212282995e-12	False	0.0013986863277081	0.0090824406148113	0.000934664220579	0.0010726216408855	0.871382960171663	0.0137949825877379	0.0149467055438082	0.922944694889811	0.945	0.995	1.41570986800664	0.00031172692644
PIP4K2A	PHB	False	False	True	0.6499009987387523	0.8163557097487789	2	0.863416968919901	8.63854390842194e-30	False	0.0008086975712829	0.0069864927806241	0.0002473314462114	0.0002372312379129	1.04257537239766	0.0082820255533007	0.0082813975718849	1.00007583036683	0.309	0.485	1.1461234602734	0.206362773311801
PIP4K2A	SMARCD1	False	False	True	0.9314854861250855	0.21913797431972573	3	-1.25157005486003	3.0866713889176e-33	False	0.0004071266406271	0.0065207265952491	0.000341968086045	0.0003187675631875	1.0727819437633	0.0092710704437274	0.0089620609894969	1.03447973123511	0.319	0.293	0.4450906714866	0.0002157104615724
PIP4K2A	SUMO1	False	False	True	0.4387286987693745	0.8877887040046281	9	-0.377285309516264	0.0001117207750559	False	0.0027211964478883	0.016301816488123	0.0061804281235478	0.0086323118751006	0.715964415207804	0.0306940894343737	0.0362967847235916	0.845642104889351	1.0	1.0	0.732437698433163	0.0016344746451767
PIP4K2A	STAT1	False	False	True	0.9570288479518598	0.08909415951254615	3	-4.62037343801228	3.18474888731901e-209	False	0.0027112710926294	0.0128085700978109	0.0016000928061772	0.0021319554342644	0.750528261736076	0.0177763831819823	0.01983631393168	0.896153551673333	0.987	0.998	1.44836265664203	0.0001225383038645
PIP4K2A	COPS2	False	False	True	0.905842641355138	-0.2737368891267539	2	0.0757968902485625	0.500400624511129	False	0.0004940385358869	0.0072193758733116	0.000140835454905	0.0001857890111539	0.75803974643234	0.0062764274410751	0.0070129911603308	0.894971531773467	0.889	0.868	0.660914911350135	0.158567740580443
PIP4K2A	FBXW7	False	False	True	-0.6809667959315006	0.318375418822133	5	-0.570085961016235	0.0019896081047041	False	0.0005999955155609	0.0055891942244993	0.0027741726988402	0.0031088788389013	0.892338634792412	0.0219725947452311	0.0224980039237676	0.976646409151817	0.922	0.867	4.54278497511205	2.8628173221132197e-28
PIP4K2A	BANP	False	False	True	0.3751086284817036	-0.21759442163785028	6	1.03147931128972	4.54094624310695e-10	False	0.0022799162916786	0.0097810898928737	0.0077937911129841	0.0087572154592585	0.889985081358725	0.0183670267349277	0.0193851959243612	0.947476971942595	0.989	1.0	3.96733405527681	3.7008102901985305e-25
PIP4K2A	SMARCC1	False	False	True	-0.9605738502127931	0.19682696248002743	3	-0.89729589764914	8.77973794379993e-34	False	0.00068489306792	0.0081509082440614	0.0012872969396972	0.0015392182732352	0.836331638001852	0.0116196674243704	0.0128195523829795	0.906401961413083	0.978	0.999	0.526886162818419	1.2478565859705e-09
PIP4K2A	TGFB1I1	False	False	True	0.8270959349315278	-0.4483513234609492	3	-6.2634772511549	2.02528149478191e-50	False	0.0002167907498168	0.0030274802049371	9.67329426316596e-05	7.80322623179215e-05	1.23965318649288	0.008712599289582	0.0077074956838238	1.13040599008932	0.232	0.173	0.329481213261561	0.0220016887165671
PIP4K2A	BCL6	False	False	True	-0.46393584578643454	-0.9185675831199235	2	1.64820319699614	4.6414457274630494e-36	False	0.0040274348137957	0.0135072193758733	0.0007165757866645	0.0007966500948963	0.899486225201342	0.0111023523994161	0.0114525507839839	0.969421800333117	0.738	0.788	1.44272275335748	0.0001640826505759
PIP4K2A	FKBP5	False	False	True	-0.9790739480593359	-0.09214957763038445	3	-2.96671718262122	0.0	False	0.0013552727988577	0.0090824406148113	9.67329426316596e-05	7.80322623179215e-05	1.23965318649288	0.008712599289582	0.0077074956838238	1.13040599008932	0.232	0.173	0.329481213261561	0.0220016887165671
PIP4K2A	SREBF2	False	False	True	0.4486070319927742	0.08582470011319163	9	0.562968751522566	1.60496993764377e-18	False	0.0003728754817867	0.0058220773171867	0.0007732099433571	0.0008620513486836	0.896941863773972	0.0167308226680869	0.0174332450419943	0.959707881566782	0.896	0.916	1.76958654581831	2.44186249074549e-08
PIP4K2A	RUNX2	False	False	True	-0.3247352675045155	0.9689348898185395	2	-0.861166876706292	0.0007117547549995	False	0.0010279574898129	0.0053563111318118	0.0009327665985204	0.0012884734710377	0.723931551162792	0.0088960563235301	0.0096767494722762	0.919322790056434	0.946	0.937	0.784891564416851	0.0707085561020586
PIP4K2A	PIAS4	False	False	True	-0.26540811111404844	0.9676961218083422	3	0.410162114456255	0.0095411344283974	False	0.0010437599475141	0.0088495575221238	0.0004496993259112	0.0006454119200605	0.696763279285377	0.010325923640614	0.0127204706264622	0.811756415610372	1.0	1.0	0.885016211846122	0.285626979742403
PIP4K2A	PGR	False	False	True	-0.2864104419127474	0.23989801845156408	4	5.80963764271917	0.0064872027649124	False	0.0005531511552005	0.0041918956683744	0.0138087100490543	0.0144332677294863	0.956727908597156	0.018922708305039	0.0193616392601371	0.977329866071732	0.957	0.852	5.69790644296	1.8330953410654402e-31
PIP4K2A	KDM5C	False	False	True	0.03136843826398412	0.9869206294260179	3	-0.335723770084276	2.22535137621698e-05	False	0.0004220537543317	0.0048905449464368	0.0005030386230035	0.0005339563893185	0.942096832375384	0.0128856745240677	0.0137128178179324	0.939681011966553	0.749	0.973	1.66912849944124	1.93851566912105e-07
PIP4K2A	KDM1A	False	False	True	-0.41191139051838765	0.5187576742130405	7	-0.670934478872568	5.0145131760153505e-15	False	0.0031411132528589	0.0135072193758733	0.0027847349103423	0.0034531697336394	0.806428622148094	0.0220950028746118	0.0245876055478544	0.89862361064841	1.0	1.0	1.01029673816201	0.960287009320608
PIP4K2A	KDM5B	False	False	True	-0.5863637196766323	0.8621406701132975	5	-0.428561805309032	3.40144853077765e-06	False	0.0005023608265197	0.0020959478341872	0.0019155729920637	0.0019211044831641	0.997120671390394	0.0140744486024261	0.0143108314704483	0.983482240811068	0.508	0.711	1.95649405700673	1.3696421162151499e-11
PIP4K2A	GADD45GIP1	False	False	True	0.8229558087717327	0.646726922579606	2	0.152472023086855	0.225474441725288	False	0.0002536758171783	0.0030274802049371	0.00037048968598	0.0004926854055325	0.751980232861967	0.0092881495999992	0.0099664134652237	0.931945040450984	0.924	0.875	0.604633113881379	0.0004839351693503
PIP4K2A	RB1	False	False	True	-0.9452033689841207	-0.2818155550727067	8	-1.5013365127823	7.728855634830599e-57	False	0.0106136889179788	0.0274802049371216	0.0056422975104874	0.005884168143992	0.958894676768953	0.035723948549124	0.0371983194262687	0.960364583672467	0.862	0.98	3.75643182395565	1.59505089808827e-11
PIP4K2A	CDK4	False	False	True	0.3351925973355018	-0.8595289551165589	2	-0.0100528045118121	0.907098007401767	False	0.0029338612545201	0.0130414531904984	0.0013512575164056	0.0016087310677894	0.839952396930084	0.0093796168914526	0.0091632934960292	1.02360760304328	0.899	0.251	1.25840606653472	0.0226978547173525
PIP4K2A	ZBTB16	False	False	True	0.9677701689108641	-0.15957732038908956	3	2.13366483065343	7.77976999135028e-36	False	0.0027103585651718	0.0114112715416861	0.0010846864146107	0.0016744670660071	0.6477800827682	0.0119277349563368	0.0143224564410916	0.832799527469029	0.967	0.998	0.509438981329051	7.07160286844847e-05
PIP4K2A	NACC1	False	False	True	0.9596283703717094	-0.030013336220292557	2	0.570315616936959	6.3831809188314504e-15	False	9.20652125306307e-05	0.0025617140195621	0.0013519075284932	0.0013781256234353	0.980975540621096	0.0105409440283948	0.0106879932538139	0.986241643129154	0.553	0.675	1.5160830427884	1.8105387863239e-05
PIP4K2A	BYSL	False	False	True	-0.9539002484113444	0.107863950865961	2	0.0861615732245622	0.56066545174752	False	0.0009234458021935	0.0076851420586865	0.0002759908751671	0.0002188419757723	1.26114231144712	0.0085211949977453	0.0070613812773999	1.20673203485239	0.086	0.0	1.41267740016148	0.0022395780090552
PIP4K2A	BAG1	False	False	True	-0.8408271472171566	0.5568685377246316	4	-0.590445325217508	6.11691335834976e-09	False	0.0002269985571478	0.0046576618537494	0.0001146197491993	0.0001858275439391	0.616807103886047	0.0079859497371583	0.0092853842803085	0.860055921874354	0.953	0.919	0.452001750471021	0.0037206824968893
PIP4K2A	HCFC1	False	False	True	-0.3531224427816501	-0.37794355620719117	7	0.644462267402827	3.83480039559566e-19	False	0.0017508014722998	0.0104797391709362	0.007264063092553	0.0072104127561928	1.00744067478164	0.0312333216366654	0.0318753620514091	0.979857784400751	0.414	0.855	66.9208172346214	2.4559873325914802e-24
PIP4K2A	HMGA1	False	False	True	-0.8684321340622645	-0.5725488921343879	8	-1.57071891492196	4.65235572724233e-125	False	0.0017382133709464	0.011877037727061	0.0032995051857215	0.0039411338308184	0.837196940616535	0.0216295748542298	0.0233292461515615	0.927144182615694	0.989	1.0	2.8486330872618	9.08347821622465e-13
PIP4K2A	NEK6	False	False	True	-0.8591689837487207	-0.4806136286287502	4	1.44223244379961	3.71861319663683e-39	False	0.0014557656153324	0.0081509082440614	0.0003286387322033	0.0002852353017624	1.15216710614939	0.0089241345295383	0.0087445056947266	1.02054190838026	0.145	0.372	0.869293219575111	0.330197290478244
PIP4K2A	PPARG	False	False	True	0.394849772395366	-0.9268025592975582	12	-1.40165572190257	4.78642753115274e-07	False	0.0003631448695647	0.0081509082440614	0.0047767123457373	0.0040421098765371	1.18173738261404	0.0437692956445156	0.0413817001713353	1.0576968917008	0.0	0.001	5.13655965344349	9.97393892180503e-16
PIP4K2A	ESR2	False	False	True	0.23215394183008367	0.9971965516387471	3	3.10191642117498	0.0302281855584287	False	0.0001025395504111	0.003959012575687	0.0003036437110182	0.0003146659791154	0.964971529085393	0.0154610763796549	0.0159998192866142	0.966328188005846	0.695	0.931	3.20222047470899	1.1419420549881299e-28
PIP4K2A	PML	False	False	True	0.55721035744875	-0.7786338113843196	10	-2.18992362608411	1.03650737112858e-89	False	0.0080007858007285	0.0225896599906847	0.0072949595764581	0.0074920368155242	0.9736951053607	0.0341885502743058	0.0350408357174442	0.97567736540273	0.732	0.896	9.10620382475674	1.14785998610155e-16
PIP4K2A	CTBP2	False	False	True	-0.13961510798915666	0.9187307717479647	5	-0.636496983434864	1.21583987520929e-16	False	0.0020396235614775	0.0090824406148113	0.0027468711595263	0.0039266228011225	0.699550554930062	0.0141902695477192	0.0152817308180915	0.928577378873856	1.0	0.995	1.78312752224312	2.36639194110269e-09
PIP4K2A	MAGOHB	False	False	True	-0.6796434260014922	0.7529327209324513	3	-0.76525196418639	0.0001140897734378	False	0.0002614530596394	0.0027945971122496	0.0001117825375551	6.58561476018566e-05	1.69737437772685	0.0082875311669767	0.0070896101839499	1.16896852604657	0.0	0.005	1.17273879724799	0.303765957190566
PIP4K2A	PRKAA2	False	False	True	0.2904758916470005	0.9193693981780947	4	0.802705270898406	0.000509391035475	False	0.0014004189075656	0.0088495575221238	0.0010048388839867	0.0009170413679191	1.09573997328696	0.0145952285779747	0.0155264216020627	0.940025264806391	0.212	0.997	2.78981386278598	1.34929959008349e-20
PIP4K2A	CEBPA	False	False	True	-0.01470092649072667	-0.5389660104514752	8	1.40831619900991	1.6381761926368402e-19	False	0.0004042997443073	0.0065207265952491	0.0006820282988699	0.000860989604424	0.792144638408436	0.0124801888287456	0.0142909236403436	0.873294766862635	0.994	1.0	1.3499106047787	0.0021077726032282
PIP4K2A	SART3	False	False	True	0.12869997218711524	-0.9494343957753746	2	-0.16495224173664	0.0903164025580739	False	0.0007893929766452	0.0051234280391243	0.0005476023825753	0.0003573527107798	1.53238625608972	0.0061226635403395	0.006612158418851	0.925970485353765	0.068	0.718	0.972078701874622	1.0
PIP4K2A	XRCC5	False	False	True	-0.1515604079378229	0.8343341290246828	4	-0.587683672256141	2.4750111362037102e-20	False	0.0026513990860208	0.0130414531904984	0.0100043068154718	0.0110821231547122	0.902742793579033	0.0227323927809061	0.0252196730207846	0.90137539698359	0.996	1.0	2.86223621812027	4.29441027091865e-14
PIP4K2A	C1orf109	False	False	True	-0.9514954972339075	0.37897482202980576	3	-0.106348208440154	0.420017207148351	False	0.0001854475461247	0.0027945971122496	0.0001599324690419	0.0001575098937023	1.01538046457063	0.0083453278894222	0.0073595954940019	1.1339383932478	0.276	0.048	1.19255624814638	0.223967691323997
PIP4K2A	JMJD1C	False	False	True	-0.8184326726814577	0.4996957320000701	2	-0.6954848741806	3.66587379266942e-14	False	2.80899782303187e-06	0.0006986492780624	0.0005476023825753	0.0003573527107798	1.53238625608972	0.0061226635403395	0.006612158418851	0.925970485353765	0.068	0.718	0.972078701874622	1.0
PIP4K2A	RING1	False	False	True	-0.5090258361389198	-0.8551553810448841	3	-0.16153173970779	0.123060006948792	False	0.00076028225952	0.0086166744294364	0.000448409424222	0.0004335271345731	1.03432839253205	0.0131671972837319	0.0127998605457846	1.02869849531824	0.32	0.181	1.90723483635804	3.7854838194601294e-11
PIP4K2A	FLNA	False	False	True	0.025754028438699037	-0.9975532153175938	6	-1.28804759127533	3.06495567485572e-85	False	0.004404098889545	0.0179319981369353	0.0007076016711817	0.0007587421073369	0.932598394552403	0.0104450115028588	0.0111269919506605	0.938709360910321	0.809	0.985	0.84291746861796	0.105055232982563
PIP4K2A	NCOA2	False	False	True	0.9582950922302048	-0.22224194740395753	9	0.857870466462827	1.82292310507245e-17	False	0.0001941367422756	0.0058220773171867	0.0009363347839113	0.0009650630854167	0.970231685431186	0.0169077185306026	0.0181822832831523	0.929900731789242	0.589	0.955	0.678678439848936	0.0004708927433395
PIP4K2A	TWIST1	False	False	True	0.7490321927643345	0.5374397114762383	4	0.152160574972577	0.616322400300272	False	0.000994407299521	0.0037261294829995	0.0037288834988932	0.0042198583112494	0.883651351267565	0.0153419781538854	0.0178586346993322	0.859079006440459	0.943	1.0	1.09808676944324	0.337510742261054
PIP4K2A	NFKBIB	False	False	True	0.9840593109935184	0.12979603459233086	2	-1.64016279594435	1.36575577203852e-31	False	0.0007868789039409	0.0048905449464368	0.0004883955586027	0.0004369670674108	1.11769420404304	0.0157076123743507	0.0149764914983591	1.04881790077948	0.099	0.077	2.03151135283836	2.10316184901185e-13
PIP4K2A	CTR9	False	False	True	-0.7289824120607212	0.6892723486681132	2	0.381781941838704	5.37390325242675e-05	False	0.0026839584573445	0.0100139729855612	0.0076167524326776	0.0060899531827281	1.25070787970581	0.0094421681227175	0.0102371717623488	0.922341476915025	0.003	0.961	0.572408737273449	4.75894318934081e-06
PIP4K2A	PBX2	False	False	True	-0.7383543058303257	0.7823011845031482	2	0.0108784421307743	0.927722010391981	False	0.0001469680404945	0.0016301816488123	0.0073343406792835	0.0079349293984787	0.924310767111507	0.0089367676329666	0.0081574616210864	1.09553290571	0.701	0.095	1.02455118909064	0.869502783328173
PIP4K2A	CHD8	False	False	True	0.8769716358745069	0.36710330305433453	6	-0.362787137601564	6.17913661462575e-05	False	0.000267367771385	0.0041918956683744	0.0027647230714847	0.0029580105394973	0.934656261216222	0.0115674821263985	0.0128961631673376	0.896970825841886	0.76	1.0	1.56121728451485	4.01789909374669e-06
PIP4K2A	MBD2	False	False	True	0.3906496563291771	-0.8916987893604542	2	-1.98456440993544	5.87407545905927e-91	False	0.0001386113279669	0.0044247787610619	0.0059949698076053	0.0044270946131993	1.3541544356724	0.0079687812007991	0.006380667303664	1.24889464088232	0.001	0.0	1.26873487920842	0.0921241457756551
PIP4K2A	EED	False	False	True	0.9361062867983238	0.17117895648894327	2	-0.659156004503179	0.0003311424878824	False	0.0143823329709244	0.0468095016301816	0.0007217816639441	0.0008558020025695	0.843397960950087	0.0123029503286921	0.0128551507157293	0.957044425285384	0.911	0.904	1.54346267126056	7.87839559203434e-06
PIP4K2A	SMARCE1	False	False	True	0.9217538629194233	0.47118207181065186	6	0.439172680407155	9.26190250028915e-08	False	0.0008549749753496	0.0090824406148113	0.0011728716309336	0.0013418224000757	0.874088576004851	0.0147260716548683	0.0161803767932021	0.910119204458524	0.975	1.0	1.35719096831983	0.0015515427618809
PIP4K2A	KAT5	False	False	True	0.6107350002814914	-0.4067428879799042	9	0.958443941775026	7.157203753148591e-14	False	0.0060212975353292	0.0193292966930601	0.0139992736428912	0.0125942179851669	1.11156354919211	0.0359810870225085	0.0352429245522166	1.02094498341641	0.002	0.116	5.41705350458488	2.68507759791482e-14
PIP4K2A	FBXW11	False	False	True	0.010086390870449987	-0.8943645773734118	5	-0.0542273243719681	0.605103480213547	False	0.0007420974821128	0.0090824406148113	0.0017330963089834	0.0018539446427861	0.934815565139512	0.0200508227528271	0.0208100809155087	0.963514886570395	0.806	0.907	1.51320707244071	3.51759278763708e-05
PIP4K2A	TSG101	False	False	True	0.8098122085051769	0.5268657715610385	3	-0.326761018586173	0.0009303684817913	False	0.0023236229337241	0.0083837913367489	0.0001556263775646	0.0001290072716521	1.2063380270867	0.0076877470583878	0.0076985563943421	0.998595926898419	0.216	0.471	0.400081915089765	0.0072818907330131
PIP4K2A	EPM2AIP1	False	False	True	-0.6647103968312353	-0.7674225103995895	2	2.56475718799416	2.89160997684458e-104	False	3.77155114686949e-05	0.0018630647414997	0.0004774141446889	0.0003208766607905	1.48784315915283	0.0072563710739621	0.0057003859450199	1.27296136506362	0.104	0.0	1.03604646418942	0.826543624897469
PIP4K2A	PIAS1	False	False	True	0.5867332540894584	-0.7382087989673658	10	-1.1142071456845	4.61603218334455e-12	False	0.0017029410395588	0.0111783884489986	0.0054908669335403	0.0065155215823965	0.842736358724597	0.0258981229092162	0.0280257063424222	0.924084574097406	1.0	1.0	1.68001596096646	0.0001456221265584
PIP4K2A	PRKDC	False	False	True	0.5493375570358602	-0.8230305271559859	2	-1.24483768112986	1.53241622670684e-81	False	0.0045480642326754	0.0174662319515603	0.00096876772375	0.0012143951841608	0.797736796378545	0.012392830142921	0.0141823591198526	0.873820077336315	0.996	1.0	0.710502681370367	0.0007395708893522
PIP4K2A	POLR2A	False	False	True	-0.18125179996408405	0.961922699518733	4	0.0561612370387477	0.4823622196868	False	0.0065494179075625	0.0223567768979972	0.0006182845945863	0.0006289445516535	0.983051038379767	0.0088138138051261	0.0088055702336343	1.00093617690542	0.548	0.494	0.902351476149462	0.378052659896831
PIP4K2A	MRPL10	False	False	True	-0.9580430103620323	-0.19497100633984663	3	0.381320901573882	0.004149604045945	False	9.91795161788157e-05	0.0013972985561248	0.0001117825375551	6.58561476018566e-05	1.69737437772685	0.0082875311669767	0.0070896101839499	1.16896852604657	0.0	0.005	1.17273879724799	0.303765957190566
PIP4K2A	DCAF6	False	False	True	-0.552064276628439	-0.8549108692106909	3	0.865712479169942	2.3950610572317402e-23	False	2.15998819090285e-05	0.0013972985561248	9.67329426316596e-05	7.80322623179215e-05	1.23965318649288	0.008712599289582	0.0077074956838238	1.13040599008932	0.232	0.173	0.329481213261561	0.0220016887165671
PIP4K2A	CCND1	False	False	True	-0.6920193877520222	-0.7693610126454865	3	0.99259843963897	1.40184763613529e-47	False	0.0013121396571862	0.0107126222636237	0.001235976693843	0.0014460986607021	0.854697350485708	0.0095718360153865	0.0102436336869104	0.934418030548835	0.828	0.982	1.38544119828264	0.0007490419279901
PIP4K2A	NOL9	False	False	True	0.9913096562573812	-0.05356255248522797	3	0.7933078722213	6.3894956037982506e-09	False	4.77615458549292e-05	0.0018630647414997	0.0001117825375551	6.58561476018566e-05	1.69737437772685	0.0082875311669767	0.0070896101839499	1.16896852604657	0.0	0.005	1.17273879724799	0.303765957190566
PIP4K2A	PIN1	False	False	True	0.06660400751730389	-0.9942985213789586	5	1.35168601477092	1.5096214004575798e-40	False	0.0056796859858937	0.0174662319515603	0.0051422823621294	0.0049881899906	1.03089143994509	0.020571295212613	0.0220665128150404	0.932240421721355	0.244	0.999	1.62620698854353	2.09015554127963e-05
PIP4K2A	NCOR1	False	False	True	-0.10421820086465426	-0.9337403397581797	11	-0.370323041491951	2.40001047883083e-07	False	0.0026968289175194	0.0167675826734979	0.0051014553158171	0.0053647857210325	0.950915018994507	0.0355025737268993	0.0364518084108953	0.973959188161644	0.793	0.923	inf	6.46321732075783e-26
PIP4K2A	HDAC4	False	False	True	-0.9903059942999183	0.014612269107426558	6	0.184139063850069	0.359842488176512	False	0.0018126240555099	0.0095482068001863	0.0018243854424955	0.0024116448396725	0.756490098576561	0.0218282862767817	0.0250846505149751	0.870184986781086	0.99	0.998	0.644811637866645	0.0001103920448047
PIP4K2A	EP300	False	False	True	0.16286965602030457	0.07277355554022066	44	-0.535208213230849	1.82065626800474e-10	False	0.0190185693756178	0.0461108523521192	0.10061649466276	0.101957283238277	0.98684950664698	0.148940731962461	0.1530698829523	0.97302440617188	0.729	0.959	inf	0.609985493112082
PIP4K2A	DAXX	False	False	True	-0.164784363270145	-0.9478709259013052	7	-0.470367540479345	1.46026320587756e-05	False	0.0034052199099794	0.0153702841173731	0.0010467404177674	0.00145838896124	0.71773747990898	0.0121354739960328	0.0152656402444058	0.794953490436141	1.0	1.0	0.938641674355676	0.554260734469528
PIP4K2A	XPO1	False	False	True	0.8644817386660608	0.2313341153701153	2	-1.17374503352712	1.46512044130184e-74	False	0.0030877196271084	0.011877037727061	0.0003891574865926	0.000563134435471	0.691056099716524	0.0113735202511109	0.0131504622728093	0.864876079271185	1.0	1.0	1.36565832417754	0.0012453945479899
PIP4K2A	UBE3A	False	False	True	0.9631838222160953	-0.3212957292547048	4	0.106697714838302	0.193060958447672	False	0.001118192059602	0.0090824406148113	0.0008931481316681	0.0006172694866293	1.4469338773658	0.0086872465982302	0.0096742147352178	0.897979509035012	0.006	0.964	0.218091705602527	6.309187721847e-14
PIP4K2A	SDCBP	False	False	True	-0.9825636516829848	-0.26632584462302833	2	0.426997599510799	1.63942767429407e-05	False	0.0038801806644862	0.0144387517466232	0.000488726355825	0.0005668115199203	0.862237866819857	0.0086653488245239	0.008818237446535	0.982662224402782	0.701	0.654	1.33136102006549	0.0054675946636682
PIP4K2A	RARA	False	False	True	0.37592911174859955	0.4471578872393173	10	-0.134025346348399	0.470907401425808	False	0.0026740765613072	0.0142058686539357	0.0061955758335941	0.0065347959632732	0.948090172732922	0.0327741948747753	0.0332655946242937	0.985227988404585	0.808	0.781	14.0291144232624	2.1323486039997e-27
PIP4K2A	HDAC2	False	False	True	-0.14830905811238776	-0.3461096409689178	17	0.259535358284113	0.0008361525058334	False	0.0077091866883946	0.0300419189566837	0.0219784971842859	0.0231551141996927	0.949185436735075	0.0590466105337727	0.0598975584837327	0.985793278198626	0.95	0.792	inf	2.43638828641383e-10
PIP4K2A	FOXK2	False	False	True	0.7667646514037735	-0.6823328582224006	6	-0.810549760351143	8.7594450497324e-24	False	0.0049037690869009	0.0186306474149977	0.0018964837738472	0.0026063939449031	0.727627447706376	0.012250700908218	0.0148424666987627	0.825381734509073	1.0	1.0	1.31126173035734	0.0060576995111154
PIP4K2A	TXNL4B	False	False	True	0.9755088718557672	0.3061417119871753	3	-0.688560600605407	0.0001220720913666	False	8.86079585476363e-06	0.0009315323707498	0.0002061920474213	0.0001630947171828	1.26424724836564	0.0089276925353657	0.0080154535023815	1.11381003366972	0.019	0.003	1.01365221492545	0.897944265027041
PIP4K2A	TRIM24	False	False	True	-0.6765704741053129	0.8130174144085901	4	1.15106640193618	2.8468271637363503e-19	False	0.0001609348836017	0.0023288309268747	0.0004265432210569	0.0004609067000418	0.925443741690413	0.0094323996296276	0.0095265586444777	0.990116156487979	0.696	0.577	0.8072324854585	0.1161376008164
PIP4K2A	ZNF688	False	False	True	0.7446394267680415	0.7077899767817398	3	0.789779742743924	0.0017365173903558	False	0.0008104673345358	0.0058220773171867	0.0004260862074902	0.0003292661437498	1.29404803857999	0.0086735758102203	0.0077058577592741	1.12558213260316	0.143	0.032	1.11550757627982	0.463206319234177
PIP4K2A	NFKB1	False	False	True	-0.7080311883280612	0.5729714623310552	7	-1.14746090520674	3.71257051919243e-33	False	0.0030670067785272	0.0167675826734979	0.0019605831746187	0.0025889751894359	0.757281561684598	0.0201395262844838	0.0220337413130509	0.914031166942805	1.0	0.995	1.02427705213412	0.810200594498989
PIP4K2A	RXRA	False	False	True	-0.0765213774760375	-0.7724592426948133	14	0.587366263887377	5.61543033730386e-08	False	0.0011398358026442	0.0111783884489986	0.0026093671158309	0.0027176172664135	0.960167256839122	0.028046431349232	0.0292509210921394	0.958822160194092	0.787	0.982	49.4394152301011	1.2424275139971e-33
PIP4K2A	PHF8	False	False	True	-0.26298642850010756	0.8998314168640374	5	0.792682781621313	8.58599892403435e-13	False	0.0011244478263933	0.0062878435025617	0.0010982807332584	0.0013396313967623	0.819838006120795	0.010898064727695	0.011714984792212	0.93026708279979	0.955	0.984	1.59040655831814	1.68619008669815e-06
PIP4K2A	NUP62	False	False	True	-0.8856769320978201	0.20984913843683264	3	0.0660763746604051	0.510753851176048	False	0.0008098194166408	0.007452258965999	0.0058881948864089	0.0055775516897421	1.05569526092211	0.0132438973862161	0.0131193268073805	1.00949519595514	0.218	0.401	2.3165462746677	1.97107907017759e-16
PIP4K2A	TLE1	False	False	True	-0.18468913308940504	-0.9587964344460799	6	-0.0768995005712635	0.544704797491225	False	0.0016774711583657	0.007452258965999	0.0029288132599053	0.0034825319487258	0.841001117298282	0.0126332330325467	0.0139618349144192	0.904840453277356	0.972	1.0	1.06270827930148	0.5288606737217
PIP4K2A	CTBP1	False	False	True	0.05868144453407323	0.20106276122806271	11	1.72769068578088	3.9422793138365504e-110	False	0.0033985898827302	0.012342803912436	0.0090996379351153	0.0098930855076635	0.91979776461716	0.0277900456989133	0.028947268959437	0.960023059095995	0.958	0.971	3.1846451683755	1.81602982570383e-13
PIP4K2A	CEBPB	False	False	True	0.808130647409799	-0.580197486832032	12	-1.24764079331658	9.42804687986243e-41	False	0.0002252441005197	0.0065207265952491	0.0029140315554824	0.0027603626379399	1.05566982954717	0.0291785459735202	0.0289839012598858	1.00671561470932	0.148	0.352	5.78180067925027	4.36383148955223e-23
PIP4K2A	PSMC5	False	False	True	-0.048107851014624226	0.983390211711172	4	0.968843935807691	4.01450419215743e-32	False	0.0011281906106863	0.0128085700978109	0.002069512191758	0.002336683205319	0.885662287060193	0.0144952272882717	0.0158482689659734	0.914625270393459	0.979	0.999	2.27713759721376	1.23478286712087e-13
PIP4K2A	PSMA1	False	False	True	0.4375506384661164	0.9334427865050902	3	0.489676389589076	5.096946252546031e-09	False	0.0030628681831158	0.0146716348393107	0.0005382231051404	0.0005633891968477	0.955330894081566	0.0095100486923434	0.009131008587793	1.04151130742087	0.638	0.148	0.759105777907341	0.0231149167856979
PIP4K2A	ATXN1	False	False	True	-0.6466990563710778	0.5018552996940849	9	0.113497046646652	0.421519597223793	False	0.013661934576142	0.0286446204005589	0.0084463405773377	0.0072322535330582	1.16787119515792	0.0194947446170492	0.0210515540559798	0.926047766602373	0.012	0.997	1.90605495054116	1.1149691525946e-08
PIP4K2A	FOSL2	False	False	True	0.9382644868308223	0.3158533239943895	4	-3.0226820248758	1.8258994682084e-290	False	0.0003723835522587	0.0044247787610619	0.0002133532839014	0.0001793528551267	1.18957283256295	0.0103511311001553	0.0096350156576693	1.07432426349157	0.077	0.048	1.09376253453279	0.392945767683157
PIP4K2A	SRRM2	False	False	True	0.8702214704372099	-0.0064660277137696676	4	-0.118322478110589	0.0306101838384093	False	0.001082165149503	0.0100139729855612	0.0067761148994971	0.0053917109212179	1.25676524548657	0.0086255507440508	0.0076449439791995	1.1282686658685	0.003	0.01	1.51756320813495	0.0006046688441838
PIP4K2A	WWP1	False	False	True	-0.59442546942459	-0.7919101201939525	4	0.50406450695489	1.93142030130328e-07	False	0.0007056982378638	0.0062878435025617	0.0003598701974893	0.0004189793407325	0.8589211030315	0.0138306590058382	0.014536923900458	0.951415794740624	0.985	0.962	2.64496717369571	1.6733632729332e-22
PIP4K2A	HIPK3	False	False	True	0.5455428153519309	-0.7192674870281968	4	-1.28205510412619	1.5150251980318498e-49	False	0.0003133266605483	0.003493246390312	0.0005623143041767	0.0006419915687635	0.875890481334125	0.0073308027566316	0.0072893342255872	1.00568893259124	0.72	0.434	0.466494148417532	0.000483334593177
PIP4K2A	CREBBP	False	False	True	-0.10514959249856719	-0.20740893856724696	28	-1.47852657515799	8.12574148014725e-74	False	0.0074302139139582	0.0291103865859339	0.029291753356626	0.0281635277257543	1.04005981217474	0.0806127684314901	0.0812465485708199	0.992199297687367	0.058	0.705	5.69243544726622	0.0034265151977087
PIP4K2A	SRC	False	False	True	0.5314904175202045	0.7880450893409789	6	-1.21034838487889	5.66673008061958e-41	False	0.0027244201932598	0.0170004657661854	0.0003745743527563	0.0004984064107571	0.751544010413665	0.0119907350948117	0.0145452559431835	0.824374293697527	0.994	0.999	0.706171762399434	0.0036740321703853
PIP4K2A	PTGER3	False	False	True	0.40102970781878255	0.88932612643879	3	6.05957431784053	0.0034164852588317	False	2.43666422126264e-05	0.0009315323707498	0.0001117825375551	6.58561476018566e-05	1.69737437772685	0.0082875311669767	0.0070896101839499	1.16896852604657	0.0	0.005	1.17273879724799	0.303765957190566
PIP4K2A	HUWE1	False	False	True	0.7406285035176405	-0.6970944531003391	2	-0.931472004280521	2.9120919373941203e-44	False	0.0030665068908828	0.0093153237074988	0.0008240206415202	0.000907773305208	0.907738349203141	0.0110460454531366	0.0117670238970994	0.938728904583891	0.868	0.989	1.28607695827032	0.0095942876016768
PIP4K2A	SMAD3	False	False	True	-0.38435668322628913	-0.5163439466352853	16	-2.16165222493266	8.320005204690681e-58	False	0.0142633521925969	0.0353982300884956	0.0254105028509275	0.0261947285796728	0.970061696712756	0.0560118971407573	0.0577235292568285	0.970347757004677	0.811	0.956	11.8671541836776	7.817353647842719e-11
PIP4K2A	NFIA	False	False	True	0.533689306599377	-0.7786883856172743	5	0.998049400634477	1.5762301134787202e-19	False	2.1416972266743e-05	0.0009315323707498	0.0014847217101162	0.0014249727602348	1.04192988915203	0.0104451433383873	0.0104762065205342	0.997034882608892	0.313	0.538	1.41569531590393	0.000807160740918
PIP4K2A	EIF1AD	False	False	True	-0.8479046254574423	-0.43976894934432864	2	-0.719039733344484	6.50502616149535e-07	False	1.4037732889064e-05	0.0011644154634373	0.0012020130698616	0.0011732720305713	1.0244964838004	0.0091043993144635	0.0087689569967605	1.0382533883821	0.425	0.142	1.12055434916077	0.277251211144022
PIP4K2A	MAPK3	False	False	True	-0.572880392460661	0.6110777618819506	5	0.60541244402643	1.57152167263984e-07	False	0.0035495655355407	0.0149045179319981	0.005969153655824	0.006379536557209	0.935671988442281	0.0184996516359582	0.0198890129709146	0.930144279306963	0.877	0.999	0.784201368854569	0.0123547496955623
PIP4K2A	CHAF1A	False	False	True	-0.35973961369584184	-0.9076941534807695	4	-0.679393943736631	3.39640910567826e-10	False	0.0010895649869105	0.0081509082440614	0.0007728663259964	0.0006040631619252	1.27944621475205	0.0093356750190293	0.0085908107586161	1.08670476877473	0.133	0.062	1.18852499207263	0.164531073906783
PIP4K2A	ACTR5	False	False	True	-0.8694268167613968	0.5200261488814973	3	-0.533716191436469	0.0145199862175915	False	0.0004003551988183	0.0058220773171867	0.0012454660621819	0.0012366065415304	1.00716438119474	0.0159304122897527	0.0158411783851259	1.00563303451658	0.429	0.398	4.00623301543271	6.8156804541238e-33
PIP4K2A	NSD1	False	False	True	-0.7543291302573534	-0.40221465738447143	2	-0.895491916799024	9.64109457232166e-31	False	0.0002923860405814	0.0013972985561248	0.0001007086167681	0.0001481661586884	0.679700531211907	0.0068378712895806	0.0080121065920545	0.853442376361	0.972	0.981	0.869501027849448	0.514409335405315
PIP4K2A	KAT2B	False	False	True	0.7108392311994965	-0.13376696330786467	13	0.77989922154428	4.45247752485238e-05	False	0.0025621468669761	0.0144387517466232	0.0087138760123497	0.0091931120390624	0.947870098321842	0.0412729393921762	0.0424348615135058	0.972618689448067	0.939	0.947	6.75941695103018	8.08343817649891e-13
PIP4K2A	MAPK14	False	False	True	-0.09358681237118599	0.9786044684271268	6	-0.881950089831384	1.8517874165084702e-15	False	0.0045581292260622	0.0170004657661854	0.0021114979753268	0.0029351411245951	0.719385503352295	0.0178279672000508	0.0216323962389428	0.824132796160457	1.0	1.0	1.71064088100577	1.21369389019513e-06
PIP4K2A	ATF7IP	False	False	True	0.4527267770837465	0.8498791020113161	5	-0.473079062924079	0.0009511121629902	False	0.0013825822821541	0.0055891942244993	0.0003177906282402	0.0002834390565154	1.1211956183706	0.0113078728077134	0.0109415345314504	1.03348143491299	0.113	0.153	1.64680184813556	2.30271794022828e-07
PIP4K2A	ARID2	False	False	True	0.9413777375535798	0.26370818485056924	2	-0.0707660292068776	0.59914552419562	False	1.44828420304505e-05	0.0025617140195621	0.0001444771696326	0.0001312242452252	1.10099447998059	0.0087217267159416	0.0079806123728175	1.09286434530367	0.271	0.114	1.03252455520401	0.794403273705844
PIP4K2A	CDKN1A	False	False	True	-0.8230924566128652	-0.07524375334921506	2	-1.50088253093751	2.0248840007937e-132	False	0.003759596284164	0.0156031672100605	0.0007303276283742	0.0006277019024829	1.1634943680835	0.0100358628520645	0.0102687778820038	0.977318135359861	0.113	0.685	0.697878519134159	0.0025523988809431
PIP4K2A	CCNH	False	False	True	-0.21509360620204893	-0.8653423794528223	2	1.07977454109603	3.9773897089044503e-23	False	0.0007294064008134	0.0058220773171867	0.0001586927516535	0.0001817891125008	0.872949702379815	0.0071551482671811	0.0084101411293456	0.850776242293315	0.736	0.976	0.19132215175976	6.147962401926931e-10
PIP4K2A	FHL2	False	False	True	0.25701157635055966	-0.972764534752132	10	-7.33115461746416	3.46004706639343e-89	False	0.0023437410802474	0.0111783884489986	0.0102780065584959	0.0115725298876092	0.888138260027362	0.0226348740114594	0.0245791184591172	0.920898528118831	0.998	1.0	6.69071859272475	7.443503193287081e-25
PIP4K2A	HAT1	False	False	True	-0.6324350682863789	-0.8280629907068655	3	-1.59224693242219	3.25934179687849e-59	False	0.0001175884960238	0.0025617140195621	0.0001117825375551	6.58561476018566e-05	1.69737437772685	0.0082875311669767	0.0070896101839499	1.16896852604657	0.0	0.005	1.17273879724799	0.303765957190566
PIP4K2A	PARP1	False	False	True	0.3960701961630496	-0.7758891233550763	13	1.23681944152871	4.00780403560358e-80	False	0.0043746073448282	0.019795062878435	0.0070851704066717	0.00653640066323	1.08395595247531	0.0451542925031367	0.0427054830184837	1.05734180511653	0.012	0.0	inf	8.40856739315273e-19
PIP4K2A	ATF6	False	False	True	-0.9801297217016102	0.25723366913696527	3	-0.986086705319257	9.6740881990731e-29	False	0.0005707616419296	0.0025617140195621	0.0004093480753437	0.0005179074030409	0.790388538453324	0.0101486649984436	0.0102043128637616	0.994546632775681	0.844	0.541	0.876080058276596	0.318397035889657
PIP4K2A	AES	False	False	True	-0.7222617750948753	0.6351625231142275	7	0.0899004411630433	0.168765473081995	False	0.005076260717636	0.016301816488123	0.0041338945435059	0.0050552295167873	0.817746163607052	0.012367810230519	0.0145454031167356	0.850289959739164	0.985	1.0	1.14468755199861	0.18024655247826
PIP4K2A	NCOA3	False	False	True	0.8686223385261524	0.5439848499973926	11	-2.83250541170643	8.540074131942991e-205	False	0.0007449857406396	0.0102468560782487	0.0017489570358044	0.0018921208999158	0.92433683063394	0.0200213589227055	0.0219512860310024	0.912081364819757	0.899	1.0	1.58701465811581	8.06409778513096e-06
PIP4K2A	MECP2	False	False	True	-0.31996157273865056	-0.9145462207347969	7	0.493228526199955	4.79603563846688e-07	False	0.0001728589510124	0.0037261294829995	0.0010323838059154	0.0009757026881929	1.05809261203075	0.0106662004935455	0.0117533727563354	0.907501252165776	0.264	0.993	0.780502059200103	0.0239877197124242
PIP4K2A	TMF1	False	False	True	-0.8318973973707269	-0.6447820946432252	3	-0.365757943399115	0.0007503109602117	False	2.31289470724564e-05	0.0011644154634373	0.0002964723049901	0.0004112991862003	0.7208190896971	0.0089574611824934	0.0088070735962823	1.01707577262379	0.802	0.407	0.535096275759009	0.0323810097080745
PIP4K2A	U2AF2	False	False	True	0.7794477615610997	-0.32013269281418016	2	0.479080387662044	2.53084350929355e-14	False	0.0018488426091617	0.0144387517466232	0.0005889643562948	0.0013238361286041	0.444892191389193	0.0084802727671971	0.0079947634610948	1.06072841410067	0.993	0.211	1.2911997083329	0.0766000567645204
PIP4K2A	NFATC2	False	False	True	-0.35866277793201734	0.9238096629574367	6	-2.18442130434378	1.46114168314636e-05	False	0.0003018886092561	0.003493246390312	0.0005212522024421	0.0005960028557507	0.874580041710608	0.0131458885975209	0.0146610032576164	0.896656822628537	0.976	1.0	2.56869289994049	3.06626272138153e-17
PIP4K2A	NR3C1	False	False	True	0.47647864472184254	0.6635744504106053	3	-6.23960996901591	1.08927040904652e-119	False	0.0023288716958538	0.0144387517466232	0.0028793900788293	0.0032916448442748	0.874757215632639	0.0165004451662933	0.019067839161809	0.865354748709126	0.947	1.0	1.38996160726341	0.0006596308694434
PIP4K2A	POLR1A	False	False	True	-0.7739008792804437	0.518687464406943	3	-0.39070378527832	5.98579541874183e-06	False	0.0011462757418687	0.007452258965999	0.0001117825375551	6.58561476018566e-05	1.69737437772685	0.0082875311669767	0.0070896101839499	1.16896852604657	0.0	0.005	1.17273879724799	0.303765957190566
PIP4K2A	OGT	False	False	True	0.13164404374835031	0.9988011718429503	3	0.794732357972916	3.2300308994795e-24	False	0.0018191713573734	0.0067536096879366	0.0010571568083678	0.0009871558574246	1.07091175159089	0.0090411733891493	0.0090659994639357	0.997261628474048	0.272	0.53	1.33587138942226	0.0097630685741167
PIP4K2A	SMC1A	False	False	True	-0.9840689636817678	0.22611962793617862	2	-0.445686660870034	2.36420320878168e-09	False	0.001620593241065	0.0100139729855612	0.000534928952649	0.0007241386662418	0.738710660798231	0.0080681656063669	0.0088504383151807	0.911611981129571	0.829	0.937	1.04176785259877	0.736253507001934
PIP4K2A	NFIC	False	False	True	0.43827979652178983	-0.7536895408254269	5	1.96587754562413	4.1547395769726297e-128	False	5.09172552185758e-05	0.0013972985561248	0.00153945931261	0.001615416820463	0.952979623035487	0.0118680877196015	0.0126030471380637	0.941683990354802	0.696	0.947	1.26229129890283	0.0209593361871492
PIP4K2A	NCOA1	False	False	True	-0.464882236221507	-0.7333957450982751	13	0.350610599696593	0.0015651157298211	False	0.0008166535458091	0.0104797391709362	0.0028983671298084	0.0036713722677843	0.789450624563754	0.0225792304960684	0.0266339880442984	0.847760029722696	1.0	1.0	0.613690883514466	9.70657565551097e-07
PIP4K2A	STAT3	False	False	True	0.07940081309903671	0.0029829758133765234	12	-0.13163942522722	0.0914843663541713	False	0.0059382301953659	0.0214252445272473	0.0089090644480901	0.0082664497989013	1.07773768241769	0.0356145678968217	0.0350731892689161	1.01543568290168	0.04	0.213	6.48646890811797	7.808365504660801e-24
PIP4K2A	INTS3	False	False	True	-0.6279110730118614	0.7855620548289712	2	1.44035703229401	4.0157246938084606e-61	False	0.0001589498528371	0.0023288309268747	0.0006752967446871	0.0007749339064305	0.871424955190941	0.0073461784044645	0.0062477238706364	1.17581675448088	0.558	0.005	1.27845659642053	0.050749315566979
PIP4K2A	LATS2	False	False	True	-0.7092984085241981	-0.5296581360356004	2	-1.95593798791576	3.7250623294797403e-35	False	0.0003156470467498	0.0055891942244993	8.48770911234134e-05	0.0001131395830575	0.750198019381377	0.0066272910159502	0.00748423719579	0.885499863590398	0.717	0.848	0.991522715356859	1.0
PIP4K2A	HDAC1	False	False	True	0.01412392619157285	0.08612581014508003	24	1.02236849067477	1.10322455714058e-41	False	0.0256934636358854	0.0540288775034932	0.0417173110336806	0.040172577578014	1.03845243568618	0.0880417731610818	0.0871190861741275	1.0105911003831	0.033	0.187	inf	2.07491875502603e-05
PIP4K2A	APPBP2	False	False	True	-0.9467645095038059	-0.23235259217189627	2	0.545003299247486	3.61204486636261e-07	False	0.0012283828750563	0.0058220773171867	0.004347068629835	0.0031918063706905	1.36194622260079	0.0086067396652669	0.0085089349600568	1.01149435336727	0.043	0.414	1.28334433152255	0.0205663176971901
PIP4K2A	MDM2	False	False	True	0.004920475100244387	0.20496034368001784	11	-0.217018650949934	0.0039017356820614	False	0.0173119577858483	0.0430833721471821	0.0070141905254729	0.0074953038843955	0.935811360507447	0.0426441941742736	0.043621022227447	0.977606484137855	0.901	0.885	inf	5.1770968169987805e-15
PIP4K2A	RANBP9	False	False	True	0.22229417068491886	-0.9782958561480908	5	-0.525231921968577	3.38181682290668e-08	False	0.0014555054763182	0.0088495575221238	0.0004484021602368	0.0004781928945526	0.93770142832494	0.0110419153105682	0.0115839861810183	0.953205152183417	0.619	0.76	0.58309682627726	0.0005582847400851
PIP4K2A	XRCC1	False	False	True	0.3845045736872375	0.9600720409063459	5	-2.68671834593228	9.49553688892762e-62	False	0.0005001613139207	0.0048905449464368	0.0005326898466993	0.0003483471169224	1.52919263809477	0.0084202589645576	0.0083020660176125	1.01423657035421	0.011	0.398	0.372856418648562	1.7918055012736702e-09
PIP4K2A	SET	False	False	True	0.7433468020657016	-0.6519781839631708	4	-0.0226952680189209	0.707991021689757	False	0.0015741643008434	0.0081509082440614	0.0006862722675738	0.0007481056133798	0.91734676935968	0.0129198483150443	0.013699965496971	0.943056996596146	0.856	0.987	1.47863808509041	7.69854797885592e-05
PIP4K2A	MAD2L2	False	False	True	-0.30830725205537046	0.7129097500140814	4	-1.11123311247152	1.209125695784e-18	False	0.0005396759592809	0.0051234280391243	0.0003840626541478	0.0004036342815142	0.951511483878347	0.0096578910621	0.0101158182221805	0.954731574844203	0.654	0.867	1.04208542490115	0.704862456016692
PIP4K2A	HIF1A	False	False	True	-0.4397356817697083	-0.6085669469101491	7	-2.80152827356753	0.0	False	0.0038770696754575	0.0167675826734979	0.0153396704900348	0.0161792262227025	0.948109030610519	0.0240076006672149	0.0276971167162809	0.866790609042086	0.908	1.0	4.02007118180669	1.10545868776541e-18
PIP4K2A	AURKA	False	False	True	0.4599164850489749	0.3252627456398646	3	-1.9878293807261	4.9601984832674404e-65	False	0.0003527932212748	0.0044247787610619	0.0023538833203753	0.002977948828217	0.79043780002917	0.0212779881196503	0.0221958393488625	0.958647599904383	1.0	0.977	3.70090301139556	1.05715088244366e-20
PIP4K2A	MORF4L2	False	False	True	-0.5877479697166289	-0.808209131835061	2	0.573086885190476	2.6250249140513902e-20	False	0.0002971633018392	0.0051234280391243	0.0003549121553278	0.0003384637489609	1.04859724687633	0.0096626926802848	0.0084119187377022	1.14869068301583	0.253	0.001	1.60293973016035	6.81209749639116e-06
PIP4K2A	NFYA	False	False	True	-0.911039670545885	-0.42163066566624735	4	-0.0915135849268477	0.47203848786843	False	0.0003307304677496	0.0041918956683744	0.0006081681604411	0.0006042979729211	1.00640443571457	0.0137140926485271	0.0138517191426889	0.990064302290269	0.453	0.62	1.59282185381439	1.49366962386285e-06
PIP4K2A	PPIG	False	False	True	0.9061942441909718	-0.4886780844716359	2	-0.814061469422672	2.8577786201567197e-18	False	0.0001109871571572	0.0025617140195621	0.0025244952510423	0.0021806500129269	1.1576801577865	0.0114537486367107	0.0107220239474395	1.06824501538686	0.085	0.049	1.64240596555549	3.47686383550169e-07
PIP4K2A	EHMT2	False	False	True	-0.4996235236259796	0.8081244956837325	5	1.46064101365412	1.2975839627867001e-52	False	0.0019701651802055	0.0097810898928737	0.003493620722837	0.0035234373206404	0.991537639217059	0.0156079951519587	0.0163328397670998	0.955620417179304	0.524	0.942	2.13520436292827	2.23693012011399e-14
PIP4K2A	USP11	False	False	True	-0.9738911787480338	-0.05381497550898194	3	1.05140929916101	6.01535043052499e-20	False	0.0030843794198884	0.0130414531904984	0.0007736670707189	0.0009668113880465	0.800225442402133	0.0095590009043241	0.0108214100687122	0.883341527918062	0.941	1.0	1.15683757626793	0.180870420481781
PIP4K2A	XRCC6	False	False	True	-0.5038642335803462	0.8545573798972309	3	0.614031748937833	5.61905907453157e-25	False	0.0044899644437567	0.0170004657661854	0.0053845874225466	0.0076251414907386	0.706162296015969	0.0217037287562508	0.025213973743277	0.860781762416082	1.0	1.0	1.87051468502422	7.19745578521705e-07
PIP4K2A	VHL	False	False	True	-0.42102924827212224	0.3412589058793447	5	0.559225892021416	2.5422836782774497e-11	False	0.003850917011472	0.0183977643223102	0.0004491565131723	0.000571252337363	0.786266390165969	0.0131177852923445	0.0144816572860915	0.905820724327115	1.0	0.999	1.62208757695093	1.44709591748172e-06
PIP4K2A	CDK2	False	False	True	-0.546840083349785	0.2171715779475174	9	-0.944298720019982	3.50601414787796e-16	False	0.0102643971507587	0.0328365160689334	0.0027579777422882	0.0031312626279476	0.880787742833276	0.0199466583205043	0.0206745463189719	0.964793036459543	0.996	0.93	2.53014637758375	8.20307087709668e-16
PIP4K2A	SIAH1	False	False	True	0.8868781441589714	-0.5231608717834926	4	0.82591017441105	1.10735733410658e-12	False	0.004642275727729	0.0170004657661854	0.0011721678403764	0.0014577866338608	0.804073664245356	0.0140132099154759	0.0149305530869003	0.938559330917937	1.0	0.995	3.00907850265326	4.7066151635281104e-24
PIP4K2A	NFIX	False	False	True	0.6905791780012854	-0.703157017447179	6	4.61960348876337	0.0	False	0.0007264329310409	0.0025617140195621	0.0027947666766333	0.0034388836201553	0.812695916853137	0.0132519410148648	0.0150198880245667	0.882292930093068	0.995	1.0	1.18545716835008	0.0908789128192685
PIP4K2A	CDK6	False	False	True	-0.39878473169983664	0.9165772924856682	4	-5.97121040813678	1.28274016462256e-101	False	0.0053256307103772	0.0156031672100605	0.0067386119347672	0.0075069291997087	0.897652256401817	0.0195156176275408	0.020978281824591	0.930277216729176	0.977	1.0	2.06902421243918	1.2144380584198801e-09
PIP4K2A	FOXJ2	False	False	True	0.1246062999956803	-0.9811515558679558	7	-1.30166923603124	4.569689339170391e-31	False	0.0024593431505726	0.0121099208197485	0.0079683105383858	0.0092212415436615	0.864125562773381	0.0245418124590273	0.0268694351054373	0.913372847725443	1.0	1.0	4.5527803958727	3.1088020101471003e-18
PIP4K2A	BCL11B	False	False	True	0.4882139375176332	0.27332390476595686	4	0.386076938969519	0.278451027491232	False	9.05138629937695e-05	0.0027945971122496	0.0065027176445391	0.0060773414091002	1.06999380268516	0.0125281764803006	0.0126254751906775	0.992293461520659	0.116	0.592	1.89034504650437	3.33847499851142e-10
PIP4K2A	GTF2F1	False	False	True	-0.988421163504625	0.07180534897233352	2	0.208753092512784	0.0109151626984896	False	0.0003028802099166	0.0055891942244993	0.0001709848726943	0.0001848050558811	0.925217504895329	0.0083930384598862	0.0076149657955155	1.10217677731775	0.5	0.252	0.441856645077513	0.0688328746641534
PIP4K2A	TPI1	False	False	True	0.26826878792098857	-0.9011905226002583	2	0.347245266315753	2.23511191390405e-08	False	0.0001052782375828	0.0023288309268747	0.0003155216224743	0.0002300785118299	1.37136501781459	0.0095984871910217	0.0085083870675286	1.1281206549304	0.01	0.007	1.03700834766716	0.745052272967903
PIP4K2A	BRCA1	False	False	True	0.40954923965046713	-0.8724985276439372	7	-1.84401754558121	9.34447049035991e-63	False	0.0022788857293502	0.0160689333954355	0.0024701791420895	0.0029319921165218	0.842491740741753	0.0213912643814409	0.0245144602022911	0.872597813899309	0.999	1.0	3.36020578464878	3.7470016261628205e-15
PIP4K2A	COMMD1	False	False	True	0.6136104862793591	0.7315854537619421	3	-0.492795601206552	0.0123793458030316	False	0.0006230413403729	0.0062878435025617	0.0017054589577673	0.0014260294033389	1.19594936385895	0.0209023028716595	0.020359400377814	1.02666593729534	0.005	0.183	3.05780894329267	7.458459984605721e-25
PIP4K2A	RPS6KA5	False	False	True	0.9754661488589291	0.019393557059155013	3	0.251762846504598	0.240929290785027	False	9.6768448263832e-05	0.0023288309268747	0.0003131097957161	0.0003185518653067	0.982916221239474	0.0084879760278727	0.0096276137956196	0.881628221494988	0.537	0.979	0.860733181621872	0.30924870717518
PIP4K2A	CCNG1	False	False	True	-0.20980322155687633	0.8977196380164235	2	1.97442613945503	8.110338310441011e-120	False	8.94944865270744e-05	0.0023288309268747	0.0004679461131907	0.0005423440534254	0.862821506449998	0.0077310499122735	0.0077358369759016	0.999381183491456	0.612	0.493	0.943204707975283	0.672309495692744
PIP4K2A	DAP3	False	False	True	-0.958672654943209	0.331372057996235	3	0.680121268456115	6.33489463690437e-18	False	0.0001172646557934	0.0023288309268747	9.67329426316596e-05	7.80322623179215e-05	1.23965318649288	0.008712599289582	0.0077074956838238	1.13040599008932	0.232	0.173	0.329481213261561	0.0220016887165671
PIP4K2A	SMAD2	False	False	True	-0.26203420081030415	0.4866727998004748	12	-0.932841653397162	4.70036155291304e-27	False	0.0076145218355368	0.024219841639497	0.0088225545584252	0.0100399401561104	0.878745731672097	0.0345531754955832	0.036904825097467	0.936277990867779	1.0	1.0	54.9480015097889	6.060542822488261e-20
PIP4K2A	EXOSC1	False	False	True	0.6074337352369217	-0.6971486744598508	3	-1.0452296286587	1.22625605854542e-13	False	0.0005192396519661	0.007918025151374	0.0001117825375551	6.58561476018566e-05	1.69737437772685	0.0082875311669767	0.0070896101839499	1.16896852604657	0.0	0.005	1.17273879724799	0.303765957190566
PIP4K2A	MAPK1	False	False	True	0.931706208908142	-0.43410388339777023	4	-0.591048335101805	3.80534375717163e-17	False	0.0052991549516726	0.0183977643223102	0.0154457102358096	0.0135944364444821	1.13617878158376	0.0193746696498437	0.0218715605421104	0.885838466466107	0.001	1.0	1.08948582833834	0.432574145928053
PIP4K2A	TP53	False	False	True	-0.23801460727464507	-0.1824963171952546	23	0.19430270080352	0.0080827699159202	False	0.0518613122956436	0.0794131346064276	0.0410247029429908	0.0410407407498097	0.999609222286783	0.0828021897988977	0.0844584792324209	0.980389305507559	0.527	0.909	24.8638273003235	3.39361583483262e-24
PIP4K2A	CDKN2C	False	False	True	-0.8220747557700747	0.27855120639751263	3	1.87218798858171	1.1773695087344801e-21	False	0.0002758767245164	0.0037261294829995	0.0001812385985096	0.0001928125540545	0.939973018864846	0.0089854097708614	0.0077398504892716	1.16092808037007	0.533	0.011	1.01856150371929	0.882188116718115
PIP4K2A	AKT1	False	False	True	-0.9190089639989876	0.2581633522978431	6	0.209610069180755	0.0042026758545547	False	0.0113435926426821	0.0319049836981835	0.000967602432101	0.0016285745675851	0.594140699087413	0.0147130820252401	0.0185462449195423	0.793318652323893	1.0	1.0	0.692196619521832	0.0019114334245936
PIP4K2A	SKP2	False	False	True	0.4928812458762756	-0.820359400259923	3	-1.30708053567433	9.12532577707164e-25	False	0.0008213737976157	0.0097810898928737	0.0011976599315359	0.0015652108250249	0.765174832928219	0.0153289259490369	0.0172489173171878	0.888689166233195	1.0	1.0	1.34082142885936	0.0031424337027494
PIP4K2A	MYC	False	False	True	-0.576162578657009	0.8738573072023	9	0.678826795642739	2.0942350848026002e-26	False	0.0473939593756431	0.0707964601769911	0.0047075598345339	0.0055047771352441	0.855177188626584	0.0327781482910634	0.0350860846893359	0.93422074823373	1.0	1.0	10.7483055705951	3.1412676553537203e-44
PIP4K2A	BRD4	False	False	True	0.754626944899891	0.5844303317744484	2	0.179743312701957	0.0307276989681073	False	0.0003686087321216	0.0058220773171867	0.0001079095915274	0.0001310213464796	0.823603133587084	0.0062405557521072	0.0068901447426234	0.905722010961875	0.647	0.82	0.849086317326774	0.632819810067511
PIP4K2A	NCOA6	False	False	True	0.6411209860608582	0.8390030988771116	7	-1.30311173391981	7.22554446778458e-53	False	0.0011250462571435	0.0086166744294364	0.0022345607656532	0.0023263196619943	0.960556196192556	0.0121676029790816	0.0145107683282043	0.838522310044169	0.58	1.0	0.887354175063298	0.334490268975787
PIP4K2A	ATP5O	False	False	True	-0.7655982623535784	-0.734762329345548	2	-3.48489409783116	2.61125133966218e-69	False	0.0005370492791986	0.0044247787610619	0.0014706588164739	0.0009797028359393	1.50112744653215	0.0076186048075223	0.0063282440421184	1.20390502591489	0.006	0.001	1.06191771382217	0.623165226036859
PIP4K2A	RUNX1T1	False	False	True	0.3133278854120869	-0.9477380975875875	5	3.91504047408719	0.246041014535017	False	0.0005769997898167	0.0048905449464368	0.0020520589597206	0.0019587848635604	1.04761834640213	0.0150866292113968	0.0156260139302673	0.965481617943156	0.286	0.935	4.13536597463374	9.14319313888135e-31
PIP4K2A	CEBPG	False	False	True	-0.6444878946041936	0.7313130999327115	5	-0.799638377875635	7.43142461235931e-28	False	7.91143879283136e-06	0.0018630647414997	0.0002365681237004	0.000177381733706	1.33366676916387	0.0101184035013261	0.0098754270495726	1.02460414628488	0.0	0.247	1.11532220188438	0.288131765054619
PIP4K2A	GAPDH	False	False	True	0.794210359026875	0.594765109318564	2	-0.441820867277641	3.15974397385872e-19	False	0.0014142025967405	0.0088495575221238	0.0002908455693713	0.0003081224328049	0.943928576454979	0.0076195093514469	0.0078317215436597	0.972903506460272	0.551	0.626	0.616249596053972	0.0868510017768769
PIP4K2A	EZH2	False	False	True	-0.5339258781999603	-0.7259211818751362	2	-0.943785813606321	4.5971087431871705e-15	False	0.0002661162925857	0.0062878435025617	0.0002074178918293	0.0002362571314396	0.877932829224864	0.0082765839930823	0.0084535966730561	0.979060666504479	0.865	0.661	0.492912112147847	1.36596754262354e-06
PIP4K2A	POGZ	False	False	True	-0.5050047812157016	0.8824020664311464	8	0.232697888377665	0.0214861194579868	False	0.0005714258503013	0.0048905449464368	0.0034050786166824	0.003489020424545	0.975941153203889	0.01784079478861	0.0184353069618416	0.967751436172874	0.607	0.921	4.11010642312023	1.03423121748379e-27
PIP4K2A	RELA	False	False	True	-0.2446924100754139	-0.37382922824007475	18	-0.0830794465946176	0.417800025186821	False	0.0102379867931905	0.0319049836981835	0.0219462674024789	0.0213171596424288	1.02951180038067	0.0745370572188457	0.072291444540942	1.03106332557281	0.158	0.019	1.06151303852337	0.760320566219462
PIP4K2A	EGFR	False	False	True	-0.521877503304282	0.7744223840840977	4	-3.50161761357401	0.0	False	0.020089077207109	0.0444806707033069	0.0019724464227495	0.0018482153534267	1.06721677162373	0.0106949935333766	0.0124435200033139	0.859482970295258	0.388	0.988	0.522098071745366	7.06400853990954e-06
PIP4K2A	GLRX3	False	False	True	0.5968216792771748	0.7570120161195055	4	-1.1121291070967	4.6153564857813995e-34	False	0.0009872506390358	0.0044247787610619	0.0007592452524031	0.0007922893528793	0.958292888379599	0.0127298559616479	0.0131361733959238	0.969068813114027	0.716	0.899	3.57407786228009	7.12248478070404e-31
PIP4K2A	APP	False	False	True	-0.9852785002886629	-0.004154757682524985	5	-1.04508529532299	3.44863339135956e-95	False	0.0547141813937033	0.0689333954354914	0.0205746949277873	0.0219680353856673	0.936574189115287	0.0288549941135983	0.0314874482878463	0.916396713059021	0.983	1.0	4.6809591861939	2.72858371354398e-16
PIP4K2A	SMARCA4	False	False	True	-0.1444335961480564	0.2346758944953249	13	0.953516892892636	1.5462263306799199e-40	False	0.0040983772497509	0.0167675826734979	0.0063778362574357	0.0070920522395221	0.899293468524344	0.0366278393100975	0.0395294245939781	0.926596824677215	0.997	1.0	38.7575269841985	3.31399933912821e-14
PIP4K2A	CBX5	False	False	True	0.19200278859405512	0.940924614659974	5	-0.289029419421958	3.55198843084902e-05	False	0.0096778623564986	0.0195621797857476	0.0179824494130422	0.017918766714814	1.00355396658943	0.0146859111672618	0.0152708473936928	0.96169588947156	0.447	0.948	2.73188471804046	3.28716144511414e-21
PIP4K2A	FOXM1	False	False	True	0.1313638974287215	-0.888516809970355	2	-1.02887591325383	2.75716479948263e-37	False	2.84764755804096e-05	0.0025617140195621	0.0003070318280883	0.0003788716429808	0.810384819705051	0.008782186601196	0.0084855654822705	1.03495596369449	0.809	0.27	0.961325239858496	0.775903416324298
PIP4K2A	RBPMS	False	False	True	-0.2678395275810461	-0.9507870495504264	2	-0.256225504223178	0.313250673352125	False	0.0047796149571298	0.0174662319515603	0.0055193247032697	0.0058823044182968	0.938292939430657	0.0091244776662704	0.0099907328829583	0.913294126983874	0.601	0.871	0.905103480583304	0.627019376034646
PIP4K2A	TAF1	False	False	True	-0.0232441324432083	-1.0	3	-0.687675791106317	1.5625733438566e-09	False	0.0010567706497321	0.0065207265952491	0.0004291465740475	0.0003086560450017	1.3903715187083	0.0086617025491333	0.0083840821610491	1.03311279431086	0.041	0.285	0.189151749101332	2.87917409836754e-16
PIP4K2A	TBP	False	False	True	-0.7479615487102141	-0.6435540028706632	7	-0.23520031468886	0.178977801209759	False	0.0039398993446175	0.0139729855612483	0.0051092236745862	0.0061534457531331	0.830302870872757	0.0273346542271705	0.030143545871195	0.906816150428118	1.0	1.0	9.12389474595994	1.3430578849454899e-18
PIP4K2A	UBE2I	False	False	True	-0.5624382355083298	-0.257067493625345	20	0.541353485949131	7.71955154642246e-11	False	0.0122981508050461	0.0353982300884956	0.0170712515516202	0.0182715972203103	0.934305378220801	0.0537478334271241	0.0568584294501139	0.94529226267639	0.975	0.999	2.05115988994786	0.0032569850922075
PIP4K2A	SMAD4	False	False	True	-0.01996022748878441	0.36425473654217627	11	-0.344289037378692	0.0008306036986998	False	0.0044899890766657	0.0183977643223102	0.0107852583493277	0.0106180596055399	1.01574663827472	0.0469896600401725	0.0463746274974096	1.01326226378416	0.368	0.222	inf	8.29747154799109e-17
PIP4K2A	MAPK8	False	False	True	-0.3867701131734512	0.7736094291958734	8	-0.407061251056666	0.0006688536814034	False	0.0047464632731278	0.0172333488588728	0.0101738724072096	0.0109244745153313	0.931291696724783	0.0263359340909134	0.029998006410594	0.877922810284241	0.954	1.0	6.05501845556912	1.07628846283658e-17
PIP4K2A	SIRT1	False	False	True	0.3644418035956253	0.9572247838815265	9	-0.0766530439094086	0.589923221706388	False	0.0061715877410221	0.0225896599906847	0.0032051946405624	0.0038583350255245	0.830719628896587	0.0209212916480441	0.0229262322525041	0.912548185747311	1.0	1.0	1.164546410757	0.146572028769067
PIP4K2A	PRKCD	False	False	True	0.08392228377138415	-0.8681324516899122	4	1.29777510701512	1.49113452322771e-38	False	0.0007301649070082	0.0069864927806241	0.0003692888554876	0.0004258450444027	0.867190684361738	0.0132094401568518	0.0148908048924807	0.887087048163663	0.964	1.0	1.84379224136255	4.951529648991391e-09
PIP4K2A	YBX1	False	False	True	-0.7700644708680789	-0.5661211483493731	2	0.329292464664125	5.0466518399623605e-09	False	0.0035676327571856	0.0183977643223102	0.0009971905339854	0.0012223693746297	0.815784945763675	0.0128051946534322	0.0139587550595606	0.917359363266552	0.974	0.998	0.693130255979368	0.0003354483078002
